Mod:Item:MetaData, Localized Name
minecraft:stone, Stone
minecraft:grass, Grass Block
minecraft:dirt:0, Dirt
minecraft:dirt:2, Podzol
minecraft:cobblestone, Cobblestone
minecraft:planks:0, Oak Wood Planks
minecraft:planks:1, Spruce Wood Planks
minecraft:planks:2, Birch Wood Planks
minecraft:planks:3, Jungle Wood Planks
minecraft:planks:4, Acacia Wood Planks
minecraft:planks:5, Dark Oak Wood Planks
minecraft:sapling:0, Oak Sapling
minecraft:sapling:1, Spruce Sapling
minecraft:sapling:2, Birch Sapling
minecraft:sapling:3, Jungle Sapling
minecraft:sapling:4, Acacia Sapling
minecraft:sapling:5, Dark Oak Sapling
minecraft:bedrock, Bedrock
minecraft:flowing_water, Water
minecraft:water, Water
minecraft:flowing_lava, Lava
minecraft:lava, Lava
minecraft:sand:0, Sand
minecraft:sand:1, Red Sand
minecraft:gravel, Gravel
minecraft:gold_ore, Gold Ore
minecraft:iron_ore, Iron Ore
minecraft:coal_ore, Coal Ore
minecraft:log:0, Oak Wood
minecraft:log:1, Spruce Wood
minecraft:log:2, Birch Wood
minecraft:log:3, Jungle Wood
minecraft:leaves:0, Oak Leaves
minecraft:leaves:1, Spruce Leaves
minecraft:leaves:2, Birch Leaves
minecraft:leaves:3, Jungle Leaves
minecraft:sponge, Sponge
minecraft:glass, Glass
minecraft:lapis_ore, Lapis Lazuli Ore
minecraft:lapis_block, Lapis Lazuli Block
minecraft:dispenser, Dispenser
minecraft:sandstone:0, Sandstone
minecraft:sandstone:1, Chiseled Sandstone
minecraft:sandstone:2, Smooth Sandstone
minecraft:noteblock, Note Block
minecraft:golden_rail, Booster Track
minecraft:detector_rail, Detector Track
minecraft:sticky_piston, Sticky Piston
minecraft:web, Cobweb
minecraft:tallgrass:1, Grass
minecraft:tallgrass:2, Fern
minecraft:deadbush, Dead Bush
minecraft:piston, Piston
minecraft:wool:0, Wool
minecraft:wool:1, Orange Wool
minecraft:wool:2, Magenta Wool
minecraft:wool:3, Light Blue Wool
minecraft:wool:4, Yellow Wool
minecraft:wool:5, Lime Wool
minecraft:wool:6, Pink Wool
minecraft:wool:7, Gray Wool
minecraft:wool:8, Light Gray Wool
minecraft:wool:9, Cyan Wool
minecraft:wool:10, Purple Wool
minecraft:wool:11, Blue Wool
minecraft:wool:12, Brown Wool
minecraft:wool:13, Green Wool
minecraft:wool:14, Red Wool
minecraft:wool:15, Black Wool
minecraft:yellow_flower:0, Dandelion
minecraft:red_flower:0, Poppy
minecraft:red_flower:1, Blue Orchid
minecraft:red_flower:2, Allium
minecraft:red_flower:3, Azure Bluet
minecraft:red_flower:4, Red Tulip
minecraft:red_flower:5, Orange Tulip
minecraft:red_flower:6, White Tulip
minecraft:red_flower:7, Pink Tulip
minecraft:red_flower:8, Oxeye Daisy
minecraft:brown_mushroom, Mushroom
minecraft:red_mushroom, Mushroom
minecraft:gold_block, Block of Gold
minecraft:iron_block, Block of Iron
minecraft:stone_slab:0, Stone Slab
minecraft:stone_slab:1, Sandstone Slab
minecraft:stone_slab:3, Cobblestone Slab
minecraft:stone_slab:4, Bricks Slab
minecraft:stone_slab:5, Stone Bricks Slab
minecraft:stone_slab:6, Nether Brick Slab
minecraft:stone_slab:7, Quartz Slab
minecraft:brick_block, Bricks
minecraft:tnt, TNT
minecraft:bookshelf, Bookshelf
minecraft:mossy_cobblestone, Moss Stone
minecraft:obsidian, Obsidian
minecraft:torch, Torch
minecraft:fire, Fire
minecraft:mob_spawner:0, Monster Spawner
minecraft:oak_stairs, Oak Wood Stairs
minecraft:chest, Chest
minecraft:diamond_ore, Diamond Ore
minecraft:diamond_block, Block of Diamond
minecraft:crafting_table, Crafting Table
minecraft:farmland, Farmland
minecraft:furnace, Furnace
minecraft:lit_furnace, Furnace
minecraft:ladder, Ladder
minecraft:rail, Track
minecraft:stone_stairs, Stone Stairs
minecraft:lever, Lever
minecraft:stone_pressure_plate, Pressure Plate
minecraft:wooden_pressure_plate, Pressure Plate
minecraft:redstone_ore, Redstone Ore
minecraft:redstone_torch, Redstone Torch
minecraft:stone_button, Button
minecraft:snow_layer:0, Snow
minecraft:ice, Ice
minecraft:snow, Snow
minecraft:cactus, Cactus
minecraft:clay, Clay
minecraft:jukebox, Jukebox
minecraft:fence, Fence
minecraft:pumpkin, Pumpkin
minecraft:netherrack, Netherrack
minecraft:soul_sand, Soul Sand
minecraft:glowstone, Glowstone
minecraft:portal, Portal
minecraft:lit_pumpkin, Jack o'Lantern
minecraft:stained_glass:0, White Stained Glass
minecraft:stained_glass:1, Orange Stained Glass
minecraft:stained_glass:2, Magenta Stained Glass
minecraft:stained_glass:3, Light Blue Stained Glass
minecraft:stained_glass:4, Yellow Stained Glass
minecraft:stained_glass:5, Lime Stained Glass
minecraft:stained_glass:6, Pink Stained Glass
minecraft:stained_glass:7, Gray Stained Glass
minecraft:stained_glass:8, Light Gray Stained Glass
minecraft:stained_glass:9, Cyan Stained Glass
minecraft:stained_glass:10, Purple Stained Glass
minecraft:stained_glass:11, Blue Stained Glass
minecraft:stained_glass:12, Brown Stained Glass
minecraft:stained_glass:13, Green Stained Glass
minecraft:stained_glass:14, Red Stained Glass
minecraft:stained_glass:15, Black Stained Glass
minecraft:trapdoor, Trapdoor
minecraft:monster_egg:0, Stone Monster Egg
minecraft:monster_egg:1, Cobblestone Monster Egg
minecraft:monster_egg:2, Stone Brick Monster Egg
minecraft:monster_egg:3, Mossy Stone Brick Monster Egg
minecraft:monster_egg:4, Cracked Stone Brick Monster Egg
minecraft:monster_egg:5, Chiseled Stone Brick Monster Egg
minecraft:stonebrick:0, Stone Bricks
minecraft:stonebrick:1, Mossy Stone Bricks
minecraft:stonebrick:2, Cracked Stone Bricks
minecraft:stonebrick:3, Chiseled Stone Bricks
minecraft:brown_mushroom_block, Mushroom
minecraft:red_mushroom_block, Mushroom
minecraft:iron_bars, Iron Bars
minecraft:glass_pane, Glass Pane
minecraft:melon_block, Melon
minecraft:vine, Vines
minecraft:fence_gate, Fence Gate
minecraft:brick_stairs, Brick Stairs
minecraft:stone_brick_stairs, Stone Brick Stairs
minecraft:mycelium, Mycelium
minecraft:waterlily, Lily Pad
minecraft:nether_brick, Nether Brick
minecraft:nether_brick_fence, Nether Brick Fence
minecraft:nether_brick_stairs, Nether Brick Stairs
minecraft:enchanting_table, Enchantment Table
minecraft:end_portal, Unnamed Block, report to mod author.
minecraft:end_portal_frame, End Portal
minecraft:end_stone, End Stone
minecraft:dragon_egg, Dragon Egg
minecraft:redstone_lamp, Redstone Lamp
minecraft:wooden_slab:0, Oak Wood Slab
minecraft:wooden_slab:1, Spruce Wood Slab
minecraft:wooden_slab:2, Birch Wood Slab
minecraft:wooden_slab:3, Jungle Wood Slab
minecraft:wooden_slab:4, Acacia Wood Slab
minecraft:wooden_slab:5, Dark Oak Wood Slab
minecraft:cocoa, Cocoa
minecraft:sandstone_stairs, Sandstone Stairs
minecraft:emerald_ore, Emerald Ore
minecraft:ender_chest, Ender Chest
minecraft:tripwire_hook, Tripwire Hook
minecraft:emerald_block, Block of Emerald
minecraft:spruce_stairs, Spruce Wood Stairs
minecraft:birch_stairs, Birch Wood Stairs
minecraft:jungle_stairs, Jungle Wood Stairs
minecraft:command_block, Command Block
minecraft:beacon, Beacon
minecraft:cobblestone_wall:0, Cobblestone Wall
minecraft:cobblestone_wall:1, Mossy Cobblestone Wall
minecraft:carrots, Carrots
minecraft:potatoes, Potatoes
minecraft:wooden_button, Button
minecraft:anvil:0, Anvil
minecraft:anvil:1, Slightly Damaged Anvil
minecraft:anvil:2, Very Damaged Anvil
minecraft:trapped_chest, Trapped Chest
minecraft:light_weighted_pressure_plate, Weighted Pressure Plate (Light)
minecraft:heavy_weighted_pressure_plate, Weighted Pressure Plate (Heavy)
minecraft:daylight_detector, Daylight Sensor
minecraft:redstone_block, Block of Redstone
minecraft:quartz_ore, Nether Quartz Ore
minecraft:hopper, Hopper
minecraft:quartz_block:0, Block of Quartz
minecraft:quartz_block:1, Chiseled Quartz Block
minecraft:quartz_block:2, Pillar Quartz Block
minecraft:quartz_stairs, Quartz Stairs
minecraft:activator_rail, Activator Track
minecraft:dropper, Dropper
minecraft:stained_hardened_clay:0, White Stained Clay
minecraft:stained_hardened_clay:1, Orange Stained Clay
minecraft:stained_hardened_clay:2, Magenta Stained Clay
minecraft:stained_hardened_clay:3, Light Blue Stained Clay
minecraft:stained_hardened_clay:4, Yellow Stained Clay
minecraft:stained_hardened_clay:5, Lime Stained Clay
minecraft:stained_hardened_clay:6, Pink Stained Clay
minecraft:stained_hardened_clay:7, Gray Stained Clay
minecraft:stained_hardened_clay:8, Light Gray Stained Clay
minecraft:stained_hardened_clay:9, Cyan Stained Clay
minecraft:stained_hardened_clay:10, Purple Stained Clay
minecraft:stained_hardened_clay:11, Blue Stained Clay
minecraft:stained_hardened_clay:12, Brown Stained Clay
minecraft:stained_hardened_clay:13, Green Stained Clay
minecraft:stained_hardened_clay:14, Red Stained Clay
minecraft:stained_hardened_clay:15, Black Stained Clay
minecraft:stained_glass_pane:0, White Stained Glass Pane
minecraft:stained_glass_pane:1, Orange Stained Glass Pane
minecraft:stained_glass_pane:2, Magenta Stained Glass Pane
minecraft:stained_glass_pane:3, Light Blue Stained Glass Pane
minecraft:stained_glass_pane:4, Yellow Stained Glass Pane
minecraft:stained_glass_pane:5, Lime Stained Glass Pane
minecraft:stained_glass_pane:6, Pink Stained Glass Pane
minecraft:stained_glass_pane:7, Gray Stained Glass Pane
minecraft:stained_glass_pane:8, Light Gray Stained Glass Pane
minecraft:stained_glass_pane:9, Cyan Stained Glass Pane
minecraft:stained_glass_pane:10, Purple Stained Glass Pane
minecraft:stained_glass_pane:11, Blue Stained Glass Pane
minecraft:stained_glass_pane:12, Brown Stained Glass Pane
minecraft:stained_glass_pane:13, Green Stained Glass Pane
minecraft:stained_glass_pane:14, Red Stained Glass Pane
minecraft:stained_glass_pane:15, Black Stained Glass Pane
minecraft:leaves2:0, Acacia Leaves
minecraft:leaves2:1, Dark Oak Leaves
minecraft:log2:0, Acacia Wood
minecraft:log2:1, Dark Oak Wood
minecraft:acacia_stairs, Acacia Wood Stairs
minecraft:dark_oak_stairs, Dark Oak Wood Stairs
appliedenergistics2:tile.OreQuartz, Certus Quartz Ore
appliedenergistics2:tile.OreQuartzCharged, Charged Certus Quartz Ore
appliedenergistics2:tile.BlockMatrixFrame, Matrix Frame
appliedenergistics2:tile.BlockQuartz, Certus Quartz Block
appliedenergistics2:tile.BlockQuartzPillar, Certus Quartz Pillar
minecraft:hay_block, Hay Bale
minecraft:carpet:0, Carpet
minecraft:carpet:1, Orange Carpet
minecraft:carpet:2, Magenta Carpet
minecraft:carpet:3, Light Blue Carpet
minecraft:carpet:4, Yellow Carpet
minecraft:carpet:5, Lime Carpet
minecraft:carpet:6, Pink Carpet
minecraft:carpet:7, Gray Carpet
minecraft:carpet:8, Light Gray Carpet
minecraft:carpet:9, Cyan Carpet
minecraft:carpet:10, Purple Carpet
minecraft:carpet:11, Blue Carpet
minecraft:carpet:12, Brown Carpet
minecraft:carpet:13, Green Carpet
minecraft:carpet:14, Red Carpet
minecraft:carpet:15, Black Carpet
minecraft:hardened_clay, Hardened Clay
minecraft:coal_block, Block of Coal
minecraft:packed_ice, Packed Ice
minecraft:double_plant:0, Sunflower
minecraft:double_plant:1, Lilac
minecraft:double_plant:2, Double Tallgrass
minecraft:double_plant:3, Large Fern
minecraft:double_plant:4, Rose Bush
minecraft:double_plant:5, Peony
appliedenergistics2:tile.BlockQuartzChiseled, Chiseled Certus Quartz Block
appliedenergistics2:tile.BlockQuartzGlass, Quartz Glass
appliedenergistics2:tile.BlockQuartzLamp, Vibrant Quartz Glass
appliedenergistics2:tile.BlockQuartzTorch, Charged Quartz Fixture
appliedenergistics2:tile.BlockFluix, Fluix Block
appliedenergistics2:tile.BlockSkyStone:0, Sky Stone
appliedenergistics2:tile.BlockSkyStone:1, Sky Stone Block
appliedenergistics2:tile.BlockSkyStone:2, Sky Stone Brick
appliedenergistics2:tile.BlockSkyStone:3, Sky Stone Small Brick
appliedenergistics2:tile.BlockSkyChest:0, Sky Stone Chest
appliedenergistics2:tile.BlockSkyChest:1, Sky Stone Block Chest
appliedenergistics2:tile.BlockSkyCompass, Meteorite Compass
appliedenergistics2:tile.BlockGrinder, Quartz Grindstone
appliedenergistics2:tile.BlockCrank, Wooden Crank
appliedenergistics2:tile.BlockInscriber, Inscriber
appliedenergistics2:tile.BlockWireless, ME Wireless Access Point
appliedenergistics2:tile.BlockCharger, Charger
appliedenergistics2:tile.BlockTinyTNT, Tiny TNT
appliedenergistics2:tile.BlockSecurity, ME Security Terminal
appliedenergistics2:tile.BlockQuantumRing, ME Quantum Ring
appliedenergistics2:tile.BlockQuantumLinkChamber, ME Quantum Link Chamber
appliedenergistics2:tile.BlockSpatialPylon, Spatial Pylon
appliedenergistics2:tile.BlockSpatialIOPort, Spatial IO Port
appliedenergistics2:tile.BlockCableBus, AE2 Cable and/or Bus
appliedenergistics2:tile.BlockController, ME Controller
appliedenergistics2:tile.BlockDrive, ME Drive
appliedenergistics2:tile.BlockChest, ME Chest
appliedenergistics2:tile.BlockInterface, ME Interface
appliedenergistics2:tile.BlockCellWorkbench, Cell Workbench
appliedenergistics2:tile.BlockIOPort, ME IO Port
appliedenergistics2:tile.BlockCondenser, Matter Condenser
appliedenergistics2:tile.BlockEnergyAcceptor, Energy Acceptor
appliedenergistics2:tile.BlockVibrationChamber, Vibration Chamber
appliedenergistics2:tile.BlockQuartzGrowthAccelerator, Crystal Growth Accelerator
appliedenergistics2:tile.BlockEnergyCell, Energy Cell
appliedenergistics2:tile.BlockDenseEnergyCell, Dense Energy Cell
appliedenergistics2:tile.BlockCreativeEnergyCell, Creative Energy Cell
appliedenergistics2:tile.BlockCraftingUnit:0, Crafting Unit
appliedenergistics2:tile.BlockCraftingUnit:1, Crafting Co-Processing Unit
appliedenergistics2:tile.BlockCraftingStorage:0, 1k Crafting Storage
appliedenergistics2:tile.BlockCraftingStorage:1, 4k Crafting Storage
appliedenergistics2:tile.BlockCraftingStorage:2, 16k Crafting Storage
appliedenergistics2:tile.BlockCraftingStorage:3, 64k Crafting Storage
appliedenergistics2:tile.BlockCraftingMonitor:0, Crafting Monitor
appliedenergistics2:tile.BlockMolecularAssembler, Molecular Assembler
appliedenergistics2:tile.BlockLightDetector, Light Detecting Fixture
appliedenergistics2:tile.BlockPaint, tile.appliedenergistics2.BlockPaint.name
appliedenergistics2:tile.SkyStoneStairBlock, Sky Stone Stairs
appliedenergistics2:tile.SkyStoneBlockStairBlock, Sky Stone Block Stairs
appliedenergistics2:tile.SkyStoneBrickStairBlock, Sky Stone Brick Stairs
appliedenergistics2:tile.SkyStoneSmallBrickStairBlock, Sky Stone Small Brick Stairs
appliedenergistics2:tile.FluixStairBlock, Fluix Stairs
appliedenergistics2:tile.QuartzStairBlock, Certus Quartz Stairs
appliedenergistics2:tile.ChiseledQuartzStairBlock, Chiseled Certus Quartz Stairs
appliedenergistics2:tile.QuartzPillarStairBlock, Certus Quartz Pillar Stairs
appliedenergistics2:tile.SkyStoneSlabBlock:0, Sky Stone Slabs
appliedenergistics2:tile.SkyStoneSlabBlock.double:0, Sky Stone Slabs
appliedenergistics2:tile.SkyStoneBlockSlabBlock:0, Sky Stone Block Slabs
appliedenergistics2:tile.SkyStoneBlockSlabBlock.double:0, Sky Stone Block Slabs
appliedenergistics2:tile.SkyStoneBrickSlabBlock:0, Sky Stone Brick Slabs
appliedenergistics2:tile.SkyStoneBrickSlabBlock.double:0, Sky Stone Brick Slabs
appliedenergistics2:tile.SkyStoneSmallBrickSlabBlock:0, Sky Stone Small Brick Slabs
appliedenergistics2:tile.SkyStoneSmallBrickSlabBlock.double:0, Sky Stone Small Brick Slabs
appliedenergistics2:tile.FluixSlabBlock:0, Fluix Slabs
appliedenergistics2:tile.FluixSlabBlock.double:0, Fluix Slabs
appliedenergistics2:tile.QuartzSlabBlock:0, Certus Quartz Slabs
appliedenergistics2:tile.QuartzSlabBlock.double:0, Certus Quartz Slabs
appliedenergistics2:tile.ChiseledQuartzSlabBlock:0, Chiseled Certus Quartz Slabs
appliedenergistics2:tile.ChiseledQuartzSlabBlock.double:0, Chiseled Certus Quartz Slabs
appliedenergistics2:tile.QuartzPillarSlabBlock:0, Certus Quartz Pillar Slabs
appliedenergistics2:tile.QuartzPillarSlabBlock.double:0, Certus Quartz Pillar Slabs
MineFactoryReloaded:conveyor:16, Conveyor Belt
MineFactoryReloaded:conveyor:0, Conveyor Belt (White)
MineFactoryReloaded:conveyor:1, Conveyor Belt (Orange)
MineFactoryReloaded:conveyor:2, Conveyor Belt (Magenta)
MineFactoryReloaded:conveyor:3, Conveyor Belt (Light Blue)
MineFactoryReloaded:conveyor:4, Conveyor Belt (Yellow)
MineFactoryReloaded:conveyor:5, Conveyor Belt (Lime)
MineFactoryReloaded:conveyor:6, Conveyor Belt (Pink)
MineFactoryReloaded:conveyor:7, Conveyor Belt (Gray)
MineFactoryReloaded:conveyor:8, Conveyor Belt (Light Gray)
MineFactoryReloaded:conveyor:9, Conveyor Belt (Cyan)
MineFactoryReloaded:conveyor:10, Conveyor Belt (Purple)
MineFactoryReloaded:conveyor:11, Conveyor Belt (Blue)
MineFactoryReloaded:conveyor:12, Conveyor Belt (Brown)
MineFactoryReloaded:conveyor:13, Conveyor Belt (Green)
MineFactoryReloaded:conveyor:14, Conveyor Belt (Red)
MineFactoryReloaded:conveyor:15, Conveyor Belt (Black)
MineFactoryReloaded:machineblock:0, Factory Machine Block
MineFactoryReloaded:machineblock:1, Programmable RedNet Controller Housing
MineFactoryReloaded:machine.0:0, Planter
MineFactoryReloaded:machine.0:1, Fisher
MineFactoryReloaded:machine.0:2, Harvester
MineFactoryReloaded:machine.0:3, Rancher
MineFactoryReloaded:machine.0:4, Fertilizer
MineFactoryReloaded:machine.0:5, Veterinary Station
MineFactoryReloaded:machine.0:6, Item Collector
MineFactoryReloaded:machine.0:7, Block Breaker
MineFactoryReloaded:machine.0:8, Weather Collector
MineFactoryReloaded:machine.0:9, Sludge Boiler
MineFactoryReloaded:machine.0:10, Sewer
MineFactoryReloaded:machine.0:11, Composter
MineFactoryReloaded:machine.0:12, Breeder
MineFactoryReloaded:machine.0:13, Grinder
MineFactoryReloaded:machine.0:14, Auto-Enchanter
MineFactoryReloaded:machine.0:15, Chronotyper
MineFactoryReloaded:machine.1:0, Ejector
MineFactoryReloaded:machine.1:1, Item Router
MineFactoryReloaded:machine.1:2, Liquid Router
MineFactoryReloaded:machine.1:3, Deep Storage Unit
MineFactoryReloaded:machine.1:4, LiquiCrafter
MineFactoryReloaded:machine.1:5, Lava Fabricator
MineFactoryReloaded:machine.1:6, Steam Boiler
MineFactoryReloaded:machine.1:7, Auto-Jukebox
MineFactoryReloaded:machine.1:8, Unifier
MineFactoryReloaded:machine.1:9, Auto-Spawner
MineFactoryReloaded:machine.1:10, BioReactor
MineFactoryReloaded:machine.1:11, BioFuel Generator
MineFactoryReloaded:machine.1:12, Auto-Disenchanter
MineFactoryReloaded:machine.1:13, Slaughterhouse
MineFactoryReloaded:machine.1:14, Meat Packer
MineFactoryReloaded:machine.1:15, Enchantment Router
MineFactoryReloaded:machine.2:0, Laser Drill
MineFactoryReloaded:machine.2:1, Laser Drill Precharger
MineFactoryReloaded:machine.2:2, Auto-Anvil
MineFactoryReloaded:machine.2:3, Block Smasher
MineFactoryReloaded:machine.2:4, RedNote Block
MineFactoryReloaded:machine.2:5, Auto-Brewer
MineFactoryReloaded:machine.2:6, Fruit Picker
MineFactoryReloaded:machine.2:7, Block Placer
MineFactoryReloaded:machine.2:8, Mob Counter
MineFactoryReloaded:machine.2:9, Steam Turbine
MineFactoryReloaded:machine.2:10, Chunk Loader
MineFactoryReloaded:machine.2:11, Fountain
MineFactoryReloaded:machine.2:12, Mob Router
MineFactoryReloaded:tank, Plastic Tank
MineFactoryReloaded:cable.plastic, Plastic Pipe
MineFactoryReloaded:cable.redstone:0, RedNet Cable
MineFactoryReloaded:cable.redstone:1, RedNet Cable
MineFactoryReloaded:cable.redstone:2, RedNet Energy Cable
MineFactoryReloaded:cable.redstone:3, RedNet Energy Cable
MineFactoryReloaded:rednet.logic, Programmable RedNet Controller
MineFactoryReloaded:rednet.panel:0, RedNet Historian
MineFactoryReloaded:rail.cargo.pickup, Cargo Pickup Rail
MineFactoryReloaded:rail.cargo.dropoff, Cargo Dropoff Rail
MineFactoryReloaded:rail.passenger.pickup, Passenger Pickup Rail
MineFactoryReloaded:rail.passenger.dropoff, Passenger Dropoff Rail
MineFactoryReloaded:rubberwood.sapling:0, Rubber Sapling
MineFactoryReloaded:rubberwood.sapling:1, Sacred Rubber Sapling
MineFactoryReloaded:rubberwood.sapling:2, Mega Rubber Sapling
MineFactoryReloaded:rubberwood.sapling:3, Sacred Rubber Sapling
MineFactoryReloaded:rubberwood.log, Rubber Wood
MineFactoryReloaded:rubberwood.leaves:0, Rubber Leaves
MineFactoryReloaded:rubberwood.leaves:1, Dry Rubber Leaves
minecraft:iron_shovel, Iron Shovel
minecraft:iron_pickaxe, Iron Pickaxe
minecraft:iron_axe, Iron Axe
minecraft:flint_and_steel, Flint and Steel
minecraft:apple, Apple
minecraft:bow, Bow
minecraft:arrow, Arrow
minecraft:coal:0, Coal
minecraft:coal:1, Charcoal
minecraft:diamond, Diamond
minecraft:iron_ingot, Iron Ingot
minecraft:gold_ingot, Gold Ingot
minecraft:iron_sword, Iron Sword
minecraft:wooden_sword, Wooden Sword
minecraft:wooden_shovel, Wooden Shovel
minecraft:wooden_pickaxe, Wooden Pickaxe
minecraft:wooden_axe, Wooden Axe
minecraft:stone_sword, Stone Sword
minecraft:stone_shovel, Stone Shovel
minecraft:stone_pickaxe, Stone Pickaxe
minecraft:stone_axe, Stone Axe
minecraft:diamond_sword, Diamond Sword
minecraft:diamond_shovel, Diamond Shovel
minecraft:diamond_pickaxe, Diamond Pickaxe
minecraft:diamond_axe, Diamond Axe
minecraft:stick, Stick
minecraft:bowl, Bowl
minecraft:mushroom_stew, Mushroom Stew
minecraft:golden_sword, Golden Sword
minecraft:golden_shovel, Golden Shovel
minecraft:golden_pickaxe, Golden Pickaxe
minecraft:golden_axe, Golden Axe
minecraft:string, String
minecraft:feather, Feather
minecraft:gunpowder, Gunpowder
minecraft:wooden_hoe, Wooden Hoe
minecraft:stone_hoe, Stone Hoe
minecraft:iron_hoe, Iron Hoe
minecraft:diamond_hoe, Diamond Hoe
minecraft:golden_hoe, Golden Hoe
minecraft:wheat_seeds, Seeds
minecraft:wheat, Wheat
minecraft:bread, Bread
minecraft:leather_helmet, Leather Cap
minecraft:leather_chestplate, Leather Tunic
minecraft:leather_leggings, Leather Pants
minecraft:leather_boots, Leather Boots
minecraft:chainmail_helmet, Chain Helmet
minecraft:chainmail_chestplate, Chain Chestplate
minecraft:chainmail_leggings, Chain Leggings
minecraft:chainmail_boots, Chain Boots
minecraft:iron_helmet, Iron Helmet
minecraft:iron_chestplate, Iron Chestplate
minecraft:iron_leggings, Iron Leggings
minecraft:iron_boots, Iron Boots
minecraft:diamond_helmet, Diamond Helmet
minecraft:diamond_chestplate, Diamond Chestplate
minecraft:diamond_leggings, Diamond Leggings
minecraft:diamond_boots, Diamond Boots
minecraft:golden_helmet, Golden Helmet
minecraft:golden_chestplate, Golden Chestplate
minecraft:golden_leggings, Golden Leggings
minecraft:golden_boots, Golden Boots
minecraft:flint, Flint
minecraft:porkchop, Raw Porkchop
minecraft:cooked_porkchop, Cooked Porkchop
minecraft:painting, Painting
minecraft:golden_apple:0, Golden Apple
minecraft:golden_apple:1, Golden Apple
minecraft:sign, Sign
minecraft:wooden_door, Wooden Door
minecraft:bucket, Bucket
minecraft:water_bucket, Water Bucket
minecraft:lava_bucket, Lava Bucket
minecraft:minecart, Minecart
minecraft:saddle, Saddle
minecraft:iron_door, Iron Door
minecraft:redstone, Redstone
minecraft:snowball, Snowball
minecraft:boat, Boat
minecraft:leather, Leather
minecraft:milk_bucket, Milk Bucket
minecraft:brick, Brick
minecraft:clay_ball, Clay
minecraft:reeds, Sugar Canes
minecraft:paper, Paper
minecraft:book, Book
minecraft:slime_ball, Slimeball
minecraft:chest_minecart, Chest Cart
minecraft:furnace_minecart, Furnace Cart
minecraft:egg, Egg
minecraft:compass, Compass
minecraft:fishing_rod, Fishing Rod
minecraft:clock, Clock
minecraft:glowstone_dust, Glowstone Dust
minecraft:fish:0, Raw Fish
minecraft:fish:1, Raw Salmon
minecraft:fish:2, Clownfish
minecraft:fish:3, Pufferfish
minecraft:cooked_fished:0, Cooked Fish
minecraft:cooked_fished:1, Cooked Salmon
minecraft:dye:0, Ink Sac
minecraft:dye:1, Rose Red
minecraft:dye:2, Cactus Green
minecraft:dye:3, Cocoa Beans
minecraft:dye:4, Lapis Lazuli
minecraft:dye:5, Purple Dye
minecraft:dye:6, Cyan Dye
minecraft:dye:7, Light Gray Dye
minecraft:dye:8, Gray Dye
minecraft:dye:9, Pink Dye
minecraft:dye:10, Lime Dye
minecraft:dye:11, Dandelion Yellow
minecraft:dye:12, Light Blue Dye
minecraft:dye:13, Magenta Dye
minecraft:dye:14, Orange Dye
minecraft:dye:15, Bone Meal
minecraft:bone, Bone
minecraft:sugar, Sugar
minecraft:cake, Cake
minecraft:bed, Bed
minecraft:repeater, Redstone Repeater
minecraft:cookie, Cookie
minecraft:filled_map:0, Map
minecraft:shears, Shears
minecraft:melon, Melon
minecraft:pumpkin_seeds, Pumpkin Seeds
minecraft:melon_seeds, Melon Seeds
minecraft:beef, Raw Beef
minecraft:cooked_beef, Steak
minecraft:chicken, Raw Chicken
minecraft:cooked_chicken, Cooked Chicken
minecraft:rotten_flesh, Rotten Flesh
minecraft:ender_pearl, Ender Pearl
minecraft:blaze_rod, Blaze Rod
minecraft:ghast_tear, Ghast Tear
minecraft:gold_nugget, Gold Nugget
minecraft:nether_wart, Nether Wart
minecraft:potion:0, Water Bottle
minecraft:potion:8193, Potion of Regeneration
minecraft:potion:8225, Potion of Regeneration
minecraft:potion:8257, Potion of Regeneration
minecraft:potion:16385, Splash Potion of Regeneration
minecraft:potion:16417, Splash Potion of Regeneration
minecraft:potion:16449, Splash Potion of Regeneration
minecraft:potion:8194, Potion of Swiftness
minecraft:potion:8226, Potion of Swiftness
minecraft:potion:8258, Potion of Swiftness
minecraft:potion:16386, Splash Potion of Swiftness
minecraft:potion:16418, Splash Potion of Swiftness
minecraft:potion:16450, Splash Potion of Swiftness
minecraft:potion:8227, Potion of Fire Resistance
minecraft:potion:8259, Potion of Fire Resistance
minecraft:potion:16419, Splash Potion of Fire Resistance
minecraft:potion:16451, Splash Potion of Fire Resistance
minecraft:potion:8196, Potion of Poison
minecraft:potion:8228, Potion of Poison
minecraft:potion:8260, Potion of Poison
minecraft:potion:16388, Splash Potion of Poison
minecraft:potion:16420, Splash Potion of Poison
minecraft:potion:16452, Splash Potion of Poison
minecraft:potion:8261, Potion of Healing
minecraft:potion:8229, Potion of Healing
minecraft:potion:16453, Splash Potion of Healing
minecraft:potion:16421, Splash Potion of Healing
minecraft:potion:8230, Potion of Night Vision
minecraft:potion:8262, Potion of Night Vision
minecraft:potion:16422, Splash Potion of Night Vision
minecraft:potion:16454, Splash Potion of Night Vision
minecraft:potion:8231, Potion of Nausea
minecraft:potion:8263, Potion of Nausea
minecraft:potion:16423, Splash Potion of Nausea
minecraft:potion:16455, Splash Potion of Nausea
minecraft:potion:8232, Potion of Weakness
minecraft:potion:8264, Potion of Weakness
minecraft:potion:16424, Splash Potion of Weakness
minecraft:potion:16456, Splash Potion of Weakness
minecraft:potion:8201, Potion of Strength
minecraft:potion:8233, Potion of Strength
minecraft:potion:8265, Potion of Strength
minecraft:potion:16393, Splash Potion of Strength
minecraft:potion:16425, Splash Potion of Strength
minecraft:potion:16457, Splash Potion of Strength
minecraft:potion:8234, Potion of Slowness
minecraft:potion:8266, Potion of Slowness
minecraft:potion:16426, Splash Potion of Slowness
minecraft:potion:16458, Splash Potion of Slowness
minecraft:potion:8235, Potion of Decay
minecraft:potion:8267, Potion of Decay
minecraft:potion:16427, Splash Potion of Decay
minecraft:potion:16459, Splash Potion of Decay
minecraft:potion:8268, Potion of Harming
minecraft:potion:8236, Potion of Harming
minecraft:potion:16460, Splash Potion of Harming
minecraft:potion:16428, Splash Potion of Harming
minecraft:potion:8237, Potion of Water Breathing
minecraft:potion:8269, Potion of Water Breathing
minecraft:potion:16429, Splash Potion of Water Breathing
minecraft:potion:16461, Splash Potion of Water Breathing
minecraft:potion:8238, Potion of Invisibility
minecraft:potion:8270, Potion of Invisibility
minecraft:potion:16430, Splash Potion of Invisibility
minecraft:potion:16462, Splash Potion of Invisibility
minecraft:glass_bottle, Glass Bottle
minecraft:spider_eye, Spider Eye
minecraft:fermented_spider_eye, Fermented Spider Eye
minecraft:blaze_powder, Blaze Powder
minecraft:magma_cream, Magma Cream
minecraft:brewing_stand, Brewing Stand
minecraft:cauldron, Cauldron
minecraft:ender_eye, Eye of Ender
minecraft:speckled_melon, Glistering Melon
minecraft:spawn_egg:50, Spawn Creeper
minecraft:spawn_egg:51, Spawn Skeleton
minecraft:spawn_egg:52, Spawn Spider
minecraft:spawn_egg:54, Spawn Zombie
minecraft:spawn_egg:55, Spawn Slime
minecraft:spawn_egg:56, Spawn Ghast
minecraft:spawn_egg:57, Spawn Zombie Pigman
minecraft:spawn_egg:58, Spawn Enderman
minecraft:spawn_egg:59, Spawn Cave Spider
minecraft:spawn_egg:60, Spawn Silverfish
minecraft:spawn_egg:61, Spawn Blaze
minecraft:spawn_egg:62, Spawn Magma Cube
minecraft:spawn_egg:65, Spawn Bat
minecraft:spawn_egg:66, Spawn Witch
minecraft:spawn_egg:90, Spawn Pig
minecraft:spawn_egg:91, Spawn Sheep
minecraft:spawn_egg:92, Spawn Cow
minecraft:spawn_egg:93, Spawn Chicken
minecraft:spawn_egg:94, Spawn Squid
minecraft:spawn_egg:95, Spawn Wolf
minecraft:spawn_egg:96, Spawn Mooshroom
minecraft:spawn_egg:98, Spawn Ocelot
minecraft:spawn_egg:100, Spawn Horse
minecraft:spawn_egg:120, Spawn Villager
minecraft:spawn_egg:5, Spawn Enderminy
minecraft:spawn_egg:6, Spawn Concussion Creeper
minecraft:spawn_egg:7, Spawn Fallen Knight
minecraft:spawn_egg:23, Spawn Fallen Steed
minecraft:spawn_egg:24, Spawn Wither Witch
minecraft:spawn_egg:25, Spawn Wither Cat
minecraft:spawn_egg:26, Spawn Dire Wolf
minecraft:experience_bottle, Bottle o' Enchanting
minecraft:fire_charge, Fire Charge
minecraft:writable_book, Book and Quill
minecraft:written_book, Written Book
minecraft:emerald, Emerald
minecraft:item_frame, Item Frame
minecraft:flower_pot, Flower Pot
minecraft:carrot, Carrot
minecraft:potato, Potato
minecraft:baked_potato, Baked Potato
minecraft:poisonous_potato, Poisonous Potato
minecraft:map, Empty Map
minecraft:golden_carrot, Golden Carrot
minecraft:skull:0, Skeleton Skull
minecraft:skull:1, Wither Skeleton Skull
minecraft:skull:2, Zombie Head
minecraft:skull:3, Head
minecraft:skull:4, Creeper Head
minecraft:carrot_on_a_stick, Carrot on a Stick
minecraft:nether_star, Nether Star
minecraft:pumpkin_pie, Pumpkin Pie
minecraft:fireworks, Firework Rocket
minecraft:firework_charge, Firework Star
minecraft:enchanted_book, Enchanted Book
minecraft:comparator, Redstone Comparator
minecraft:netherbrick, Nether Brick
minecraft:quartz, Nether Quartz
minecraft:tnt_minecart, TNT Cart
minecraft:hopper_minecart, Hopper Cart
MineFactoryReloaded:stainedglass.block:0, Stained Glass (White)
MineFactoryReloaded:stainedglass.block:1, Stained Glass (Orange)
MineFactoryReloaded:stainedglass.block:2, Stained Glass (Magenta)
MineFactoryReloaded:stainedglass.block:3, Stained Glass (Light Blue)
MineFactoryReloaded:stainedglass.block:4, Stained Glass (Yellow)
MineFactoryReloaded:stainedglass.block:5, Stained Glass (Lime)
MineFactoryReloaded:stainedglass.block:6, Stained Glass (Pink)
MineFactoryReloaded:stainedglass.block:7, Stained Glass (Gray)
MineFactoryReloaded:stainedglass.block:8, Stained Glass (Light Gray)
MineFactoryReloaded:stainedglass.block:9, Stained Glass (Cyan)
MineFactoryReloaded:stainedglass.block:10, Stained Glass (Purple)
MineFactoryReloaded:stainedglass.block:11, Stained Glass (Blue)
MineFactoryReloaded:stainedglass.block:12, Stained Glass (Brown)
MineFactoryReloaded:stainedglass.block:13, Stained Glass (Green)
MineFactoryReloaded:stainedglass.block:14, Stained Glass (Red)
MineFactoryReloaded:stainedglass.block:15, Stained Glass (Black)
MineFactoryReloaded:stainedglass.pane:0, Stained Glass Pane (White)
MineFactoryReloaded:stainedglass.pane:1, Stained Glass Pane (Orange)
MineFactoryReloaded:stainedglass.pane:2, Stained Glass Pane (Magenta)
MineFactoryReloaded:stainedglass.pane:3, Stained Glass Pane (Light Blue)
MineFactoryReloaded:stainedglass.pane:4, Stained Glass Pane (Yellow)
MineFactoryReloaded:stainedglass.pane:5, Stained Glass Pane (Lime)
MineFactoryReloaded:stainedglass.pane:6, Stained Glass Pane (Pink)
MineFactoryReloaded:stainedglass.pane:7, Stained Glass Pane (Gray)
MineFactoryReloaded:stainedglass.pane:8, Stained Glass Pane (Light Gray)
MineFactoryReloaded:stainedglass.pane:9, Stained Glass Pane (Cyan)
MineFactoryReloaded:stainedglass.pane:10, Stained Glass Pane (Purple)
MineFactoryReloaded:stainedglass.pane:11, Stained Glass Pane (Blue)
MineFactoryReloaded:stainedglass.pane:12, Stained Glass Pane (Brown)
MineFactoryReloaded:stainedglass.pane:13, Stained Glass Pane (Green)
MineFactoryReloaded:stainedglass.pane:14, Stained Glass Pane (Red)
MineFactoryReloaded:stainedglass.pane:15, Stained Glass Pane (Black)
MineFactoryReloaded:road:0, Road
MineFactoryReloaded:road:1, Road Light
MineFactoryReloaded:road:4, Road Light (Inverted)
MineFactoryReloaded:plastic, Block of Plastic
MineFactoryReloaded:brick:0, Ice Bricks
MineFactoryReloaded:brick:1, Glowstone Bricks
MineFactoryReloaded:brick:2, Lapis Bricks
MineFactoryReloaded:brick:3, Obsidian Bricks
MineFactoryReloaded:brick:4, Paved Stone Bricks
MineFactoryReloaded:brick:5, Snow Bricks
MineFactoryReloaded:brick:6, Large Ice Bricks
MineFactoryReloaded:brick:7, Large Glowstone Bricks
MineFactoryReloaded:brick:8, Large Lapis Bricks
MineFactoryReloaded:brick:9, Large Obsidian Bricks
MineFactoryReloaded:brick:10, Large Paved Stone Bricks
MineFactoryReloaded:brick:11, Large Snow Bricks
MineFactoryReloaded:brick:12, Raw Meat Block
MineFactoryReloaded:brick:13, Cooked Meat Block
MineFactoryReloaded:brick:14, Large Bricks
MineFactoryReloaded:brick:15, Sugar Charcoal Block
MineFactoryReloaded:stone:0, Smooth Blackstone
MineFactoryReloaded:stone:1, Smooth Whitestone
MineFactoryReloaded:stone:2, Cobble Blackstone
MineFactoryReloaded:stone:3, Cobble Whitestone
MineFactoryReloaded:stone:4, Large Blackstone Bricks
MineFactoryReloaded:stone:5, Large Whitestone Bricks
MineFactoryReloaded:stone:6, Small Blackstone Bricks
MineFactoryReloaded:stone:7, Small Whitestone Bricks
MineFactoryReloaded:stone:8, Blackstone Gravel
MineFactoryReloaded:stone:9, Whitestone Gravel
MineFactoryReloaded:stone:10, Paved Blackstone
MineFactoryReloaded:stone:11, Paved Whitestone
MineFactoryReloaded:pinkslime.block, Pink Slime Block
MineFactoryReloaded:vinescaffold, Vine Scaffolding
minecraft:iron_horse_armor, Iron Horse Armor
minecraft:golden_horse_armor, Gold Horse Armor
minecraft:diamond_horse_armor, Diamond Horse Armor
minecraft:lead, Lead
minecraft:name_tag, Name Tag
minecraft:command_block_minecart, Minecart with Command Block
LootRoulette:L, Legendary Material
LootRoulette:U, Uncommon Material
LootRoulette:C, Common Material
LootRoulette:R, Rare Material
LootRoulette:MaterialCache, Material Cache
MineFactoryReloaded:farmland, Fertile Soil
MineFactoryReloaded:detcord, DetCord
MineFactoryReloaded:milk.still, Milk
MineFactoryReloaded:sludge.still, Sludge
MineFactoryReloaded:sewage.still, Sewage
MineFactoryReloaded:mobessence.still, Essence
MineFactoryReloaded:biofuel.still, BioFuel
MineFactoryReloaded:meat.still, Meat
MineFactoryReloaded:pinkslime.still, Pink Slime
MineFactoryReloaded:chocolatemilk.still, Chocolate Milk
MineFactoryReloaded:mushroomsoup.still, Mushroom Soup
MineFactoryReloaded:steam.still, Steam
Thaumcraft:blockFluxGoo:0, Flux Goo
Thaumcraft:blockFluxGas:0, Flux Gas
Thaumcraft:blockFluidPure, Purifying Fluid
Thaumcraft:blockFluidDeath, Liquid Death
Thaumcraft:blockCustomOre:0, Cinnabar Ore
Thaumcraft:blockCustomOre:1, Air Infused Stone
Thaumcraft:blockCustomOre:2, Fire Infused Stone
Thaumcraft:blockCustomOre:3, Water Infused Stone
Thaumcraft:blockCustomOre:4, Earth Infused Stone
Thaumcraft:blockCustomOre:5, Order Infused Stone
Thaumcraft:blockCustomOre:6, Entropy Infused Stone
Thaumcraft:blockCustomOre:7, Amber Bearing Stone
Thaumcraft:blockMagicalLog:0, Greatwood Log
Thaumcraft:blockMagicalLog:1, Silverwood Log
Thaumcraft:blockMagicalLeaves:0, Greatwood Leaves
Thaumcraft:blockMagicalLeaves:1, Silverwood Leaves
Thaumcraft:blockCustomPlant:0, Greatwood Sapling
Thaumcraft:blockCustomPlant:1, Silverwood Sapling
Thaumcraft:blockCustomPlant:2, Shimmerleaf
Thaumcraft:blockCustomPlant:3, Cinderpearl
Thaumcraft:blockCustomPlant:4, Ethereal Bloom
Thaumcraft:blockCustomPlant:5, Vishroom
Thaumcraft:blockTaint:0, Crusted Taint
Thaumcraft:blockTaint:1, Tainted Soil
Thaumcraft:blockTaint:2, Block of Flesh
Thaumcraft:blockTaintFibres:0, Fibrous Taint
Thaumcraft:blockTaintFibres:1, Tainted Grass
Thaumcraft:blockTaintFibres:2, Tainted Plant
Thaumcraft:blockTaintFibres:3, Spore Stalk
Thaumcraft:blockCosmeticOpaque:0, Amber Block
Thaumcraft:blockCosmeticOpaque:1, Amber Bricks
Thaumcraft:blockCosmeticOpaque:2, Warded Glass
Thaumcraft:blockCosmeticSolid:0, Obsidian Totem
Thaumcraft:blockCosmeticSolid:1, Obsidian Tile
Thaumcraft:blockCosmeticSolid:2, Paving Stone of Travel
Thaumcraft:blockCosmeticSolid:3, Paving Stone of Warding
Thaumcraft:blockCosmeticSolid:4, Thaumium Block
Thaumcraft:blockCosmeticSolid:5, Tallow Block
Thaumcraft:blockCosmeticSolid:6, Arcane Stone Block
Thaumcraft:blockCosmeticSolid:7, Arcane Stone Bricks
Thaumcraft:blockCosmeticSolid:8, Charged Obsidian Totem
Thaumcraft:blockCosmeticSolid:9, Golem Fetter
Thaumcraft:blockCosmeticSolid:11, Ancient Stone
Thaumcraft:blockCosmeticSolid:12, Ancient Rock
Thaumcraft:blockCosmeticSolid:14, Crusted Stone
Thaumcraft:blockCosmeticSolid:15, Ancient Stone Pedestal
Thaumcraft:blockCrystal:0, Air Crystal Cluster
Thaumcraft:blockCrystal:1, Fire Crystal Cluster
Thaumcraft:blockCrystal:2, Water Crystal Cluster
Thaumcraft:blockCrystal:3, Earth Crystal Cluster
Thaumcraft:blockCrystal:4, Order Crystal Cluster
Thaumcraft:blockCrystal:5, Entropy Crystal Cluster
Thaumcraft:blockCrystal:6, Mixed Crystal Cluster
Thaumcraft:blockTube:0, Essentia Tube
Thaumcraft:blockTube:1, Essentia Valve
Thaumcraft:blockTube:2, Alchemical Centrifuge
Thaumcraft:blockTube:3, Filtered Essentia Tube
Thaumcraft:blockTube:4, Essentia Buffer
Thaumcraft:blockTube:5, Restricted Essentia Tube
Thaumcraft:blockTube:6, Directional Essentia Tube
Thaumcraft:blockTube:7, Essentia Crystallizer
Thaumcraft:blockMetalDevice:0, Crucible
Thaumcraft:blockMetalDevice:1, Arcane Alembic
Thaumcraft:blockMetalDevice:5, Item Grate
Thaumcraft:blockMetalDevice:7, Arcane Lamp
Thaumcraft:blockMetalDevice:8, Lamp of Growth
Thaumcraft:blockMetalDevice:13, Lamp of Fertility
Thaumcraft:blockMetalDevice:9, Alchemical Construct
Thaumcraft:blockMetalDevice:3, Advanced Alchemical Construct
Thaumcraft:blockMetalDevice:12, Mnemonic Matrix
Thaumcraft:blockMetalDevice:14, Vis Relay
Thaumcraft:blockMetalDevice:2, Vis Charge Relay
Thaumcraft:blockWoodenDevice:0, Arcane Bellows
Thaumcraft:blockWoodenDevice:1, Arcane Ear
Thaumcraft:blockWoodenDevice:2, Arcane Pressure Plate
Thaumcraft:blockWoodenDevice:4, Arcane Bore Base
Thaumcraft:blockWoodenDevice:5, Arcane Bore
Thaumcraft:blockWoodenDevice:6, Greatwood Planks
Thaumcraft:blockWoodenDevice:7, Silverwood Planks
Thaumcraft:blockWoodenDevice:8, Crimson Cult Banner
Thaumcraft:blockWoodenDevice:8, White Banner
Thaumcraft:blockWoodenDevice:8, Orange Banner
Thaumcraft:blockWoodenDevice:8, Magenta Banner
Thaumcraft:blockWoodenDevice:8, Light Blue Banner
Thaumcraft:blockWoodenDevice:8, Yellow Banner
Thaumcraft:blockWoodenDevice:8, Lime Banner
Thaumcraft:blockWoodenDevice:8, Pink Banner
Thaumcraft:blockWoodenDevice:8, Gray Banner
Thaumcraft:blockWoodenDevice:8, Light Gray Banner
Thaumcraft:blockWoodenDevice:8, Cyan Banner
Thaumcraft:blockWoodenDevice:8, Purple Banner
Thaumcraft:blockWoodenDevice:8, Blue Banner
Thaumcraft:blockWoodenDevice:8, Brown Banner
Thaumcraft:blockWoodenDevice:8, Green Banner
Thaumcraft:blockWoodenDevice:8, Red Banner
Thaumcraft:blockWoodenDevice:8, Black Banner
Thaumcraft:blockStoneDevice:0, Alchemical Furnace
Thaumcraft:blockStoneDevice:1, Arcane Pedestal
Thaumcraft:blockStoneDevice:2, Runic Matrix
Thaumcraft:blockStoneDevice:5, Wand Recharge Pedestal
Thaumcraft:blockStoneDevice:8, Compound Recharge Focus
Thaumcraft:blockStoneDevice:9, Node Stabilizer
Thaumcraft:blockStoneDevice:10, Advanced Node Stabilizer
Thaumcraft:blockStoneDevice:11, Node Transducer
Thaumcraft:blockStoneDevice:12, Arcane Spa
Thaumcraft:blockStoneDevice:13, Focal Manipulator
Thaumcraft:blockStoneDevice:14, Flux Scrubber
Thaumcraft:blockMirror:0, Magic Mirror
Thaumcraft:blockMirror:6, Essentia Mirror
Thaumcraft:blockTable:0, Table
Thaumcraft:blockTable:14, Deconstruction Table
Thaumcraft:blockTable:15, Arcane Worktable
Thaumcraft:blockChestHungry, Hungry Chest
Thaumcraft:blockArcaneDoor, Arcane Door
Thaumcraft:blockLifter, Arcane Levitator
Thaumcraft:blockMagicBox, tile.blockMagicBox.name
Thaumcraft:blockAlchemyFurnace, Advanced Alchemical Furnace
Thaumcraft:blockJar:0, Warded Jar
Thaumcraft:blockJar:1, Brain in a Jar
Thaumcraft:blockJar:3, Void Jar
Thaumcraft:blockCandle:0, White Tallow Candle
Thaumcraft:blockCandle:1, Orange Tallow Candle
Thaumcraft:blockCandle:2, Magenta Tallow Candle
Thaumcraft:blockCandle:3, Light Blue Tallow Candle
Thaumcraft:blockCandle:4, Yellow Tallow Candle
Thaumcraft:blockCandle:5, Lime Tallow Candle
Thaumcraft:blockCandle:6, Pink Tallow Candle
Thaumcraft:blockCandle:7, Gray Tallow Candle
Thaumcraft:blockCandle:8, Light Gray Tallow Candle
Thaumcraft:blockCandle:9, Cyan Tallow Candle
Thaumcraft:blockCandle:10, Purple Tallow Candle
Thaumcraft:blockCandle:11, Blue Tallow Candle
Thaumcraft:blockCandle:12, Brown Tallow Candle
Thaumcraft:blockCandle:13, Green Tallow Candle
Thaumcraft:blockCandle:14, Red Tallow Candle
Thaumcraft:blockCandle:15, Black Tallow Candle
Thaumcraft:blockEldritch:4, Glowing Crusted Stone
Thaumcraft:blockAiry:0, Aura Node
Thaumcraft:blockManaPod, tile.blockManaPod.name
Thaumcraft:blockArcaneFurnace, Infernal Furnace
Thaumcraft:blockWarded, tile.blockWarded.name
Thaumcraft:blockHole, Empty Space
Thaumcraft:blockPortalEldritch, Eldritch Portal
Thaumcraft:blockEssentiaReservoir:0, Essentia Reservoir
Thaumcraft:blockEldritchNothing, tile.blockPortalNothing.name
Thaumcraft:blockStairsArcaneStone, Arcane Stone Stairs
Thaumcraft:blockStairsGreatwood, Greatwood Stairs
Thaumcraft:blockStairsSilverwood, Silverwood Stairs
Thaumcraft:blockStairsEldritch, Ancient Stone Stairs
Thaumcraft:blockCosmeticSlabWood:0, Greatwood Slab
Thaumcraft:blockCosmeticSlabWood:1, Silverwood Slab
Thaumcraft:blockCosmeticSlabStone:0, Arcane Stone Slab
Thaumcraft:blockCosmeticSlabStone:1, Ancient Stone Slab
Thaumcraft:blockCosmeticDoubleSlabWood, tile.blockCosmeticDoubleSlabWood.name
Thaumcraft:blockCosmeticDoubleSlabStone, tile.blockCosmeticDoubleSlabStone.name
Thaumcraft:blockLootUrn:0, Old Urn
Thaumcraft:blockLootUrn:1, Old Urn
Thaumcraft:blockLootUrn:2, Old Urn
Thaumcraft:blockLootCrate:0, Abandoned Crate
Thaumcraft:blockLootCrate:1, Abandoned Crate
Thaumcraft:blockLootCrate:2, Abandoned Crate
AWWayofTime:Altar, Blood Altar
AWWayofTime:AlchemicalWizardrybloodRune:0, Blood Rune
AWWayofTime:AlchemicalWizardrybloodRune:1, Rune of Augmented Capacity
AWWayofTime:AlchemicalWizardrybloodRune:2, Rune of Dislocation
AWWayofTime:AlchemicalWizardrybloodRune:3, Rune of the Orb
AWWayofTime:AlchemicalWizardrybloodRune:4, Rune of Superior Capacity
AWWayofTime:AlchemicalWizardrybloodRune:5, Rune of Acceleration
AWWayofTime:lifeEssence, Life Essence
AWWayofTime:speedRune, Speed Rune
AWWayofTime:efficiencyRune, Efficiency Rune
AWWayofTime:runeOfSacrifice, Rune of Sacrifice
AWWayofTime:runeOfSelfSacrifice, Rune of Self-Sacrifice
AWWayofTime:ritualStone, Ritual Stone
AWWayofTime:masterStone, Master Ritual Stone
AWWayofTime:bloodSocket, Filled Socket
AWWayofTime:imperfectRitualStone, Imperfect Ritual Stone
AWWayofTime:armourForge, Soul Armour Forge
AWWayofTime:emptySocket, Empty Socket
AWWayofTime:bloodStoneBrick, Bloodstone Brick
AWWayofTime:largeBloodStoneBrick, Large Bloodstone Brick
AWWayofTime:blockWritingTable, Alchemic Chemistry Set
AWWayofTime:blockHomHeart, Spell Table
AWWayofTime:blockPedestal, Arcane Pedestal
AWWayofTime:blockPlinth, Arcane Plinth
AWWayofTime:blockTeleposer, Teleposer
AWWayofTime:spectralBlock, Spectral Block
AWWayofTime:bloodLight, Blood Light
AWWayofTime:blockConduit, Spell Conduit
AWWayofTime:AlchemicalWizardrytile.blockSpellParadigm:0, Particle Generator
AWWayofTime:AlchemicalWizardrytile.blockSpellParadigm:1, Self Augmentator
AWWayofTime:AlchemicalWizardrytile.blockSpellParadigm:2, Melee Aggregator
AWWayofTime:AlchemicalWizardrytile.blockSpellParadigm:3, Tool Forger
AWWayofTime:AlchemicalWizardrytile.blockSpellEnhancement:0, Unstable Spell Empowerer
AWWayofTime:AlchemicalWizardrytile.blockSpellEnhancement:1, Standard Spell Empowerer
AWWayofTime:AlchemicalWizardrytile.blockSpellEnhancement:2, Reinforced Spell Empowerer
AWWayofTime:AlchemicalWizardrytile.blockSpellEnhancement:3, Imbued Spell Empowerer
AWWayofTime:AlchemicalWizardrytile.blockSpellEnhancement:4, Demonic Spell Empowerer
AWWayofTime:AlchemicalWizardrytile.blockSpellEnhancement:5, Unstable Spell Dampener
AWWayofTime:AlchemicalWizardrytile.blockSpellEnhancement:6, Standard Spell Dampener
AWWayofTime:AlchemicalWizardrytile.blockSpellEnhancement:7, Reinforced Spell Dampener
AWWayofTime:AlchemicalWizardrytile.blockSpellEnhancement:8, Imbued Spell Dampener
AWWayofTime:AlchemicalWizardrytile.blockSpellEnhancement:9, Demonic Spell Dampener
AWWayofTime:AlchemicalWizardrytile.blockSpellEnhancement:10, Unstable Spell Augmentor
AWWayofTime:AlchemicalWizardrytile.blockSpellEnhancement:11, Standard Spell Augmentor
AWWayofTime:AlchemicalWizardrytile.blockSpellEnhancement:12, Reinforced Spell Augmentor
AWWayofTime:AlchemicalWizardrytile.blockSpellEnhancement:13, Imbued Spell Augmentor
AWWayofTime:AlchemicalWizardrytile.blockSpellEnhancement:14, Demonic Spell Augmentor
AWWayofTime:AlchemicalWizardrytile.blockSpellModifier:0, Default Spell Modifier
AWWayofTime:AlchemicalWizardrytile.blockSpellModifier:1, Offensive Spell Modifier
AWWayofTime:AlchemicalWizardrytile.blockSpellModifier:2, Defensive Spell Modifier
AWWayofTime:AlchemicalWizardrytile.blockSpellModifier:3, Environmental Spell Modifier
AWWayofTime:AlchemicalWizardrytile.blockSpellEffect:0, Crucible of Fire
AWWayofTime:AlchemicalWizardrytile.blockSpellEffect:1, Ice Maker
AWWayofTime:AlchemicalWizardrytile.blockSpellEffect:2, Wind Generator
AWWayofTime:AlchemicalWizardrytile.blockSpellEffect:3, Earth Former
AWWayofTime:spectralContainer, Spectral Container
AWWayofTime:demonPortalMain, Demon Portal
AWWayofTime:blockSchemSaver, Schematic Saver
AWWayofTime:blockReagentConduit, Alchemy Relay
AWWayofTime:blockAlchemicCalcinator, Alchemic Calcinator
AWWayofTime:blockCrystalBelljar:0, Crystal Belljar
AWWayofTime:blockDemonChest, Demon's Chest
AWWayofTime:blockCrystal:0, Crystal Cluster
AWWayofTime:blockCrystal:1, Crystal Cluster Brick
AWWayofTime:blockMimic, Mimic Block
AWWayofTime:blockEnchantmentGlyph:0, Glyph of the Adept Enchanter
AWWayofTime:blockEnchantmentGlyph:1, Glyph of Arcane Potential
AWWayofTime:blockStabilityGlyph:0, Glyph of Rigid Stability
AWWayofTime:blockCrucible, Incense Crucible
BuildCraft|Core:eternalSpring:0, Water Spring
BuildCraft|Core:eternalSpring:1, Oil Spring
BuildCraft|Core:buildToolBlock, tile.buildToolBlock.name
BuildCraft|Core:engineBlock:0, Redstone Engine
BuildCraft|Core:engineBlock:1, Stirling Engine
BuildCraft|Core:engineBlock:2, Combustion Engine
BuildCraft|Core:engineBlock:3, Creative Engine
BuildCraft|Core:markerBlock, Land Mark
BuildCraft|Core:pathMarkerBlock, Path Mark
IC2:blockOreCopper, ic2.blockOreCopper.name
IC2:blockOreTin, ic2.blockOreTin.name
IC2:blockOreUran, ic2.blockOreUran.name
IC2:blockOreLead, ic2.blockOreLead.name
IC2:blockRubWood, ic2.blockRubWood.name
IC2:blockRubLeaves, ic2.blockRubLeaves.name
IC2:blockRubSapling, ic2.blockRubSapling.name
IC2:blockHarz, ic2.blockHarz.name
IC2:blockRubber, ic2.blockRubber.name
IC2:blockFenceIron, ic2.blockFenceIron.name
IC2:blockAlloy, ic2.blockAlloy.name
IC2:blockBasalt, ic2.blockBasalt.name
IC2:blockAlloyGlass, ic2.blockAlloyGlass.name
IC2:blockDoorAlloy, tile.blockDoorAlloy.name
IC2:blockReinforcedFoam, ic2.blockReinforcedFoam.name
IC2:blockFoam, ic2.blockFoam.name
IC2:blockWall, ic2.blockWall.name
IC2:blockScaffold, ic2.blockScaffold.name
IC2:blockIronScaffold, ic2.blockIronScaffold.name
IC2:blockMetal:0, Copper Block
IC2:blockMetal:1, Tin Block
IC2:blockMetal:2, Bronze Block
IC2:blockMetal:3, Uranium Block
IC2:blockMetal:4, Lead Block
IC2:blockMetal:5, Refined Iron Block
IC2:blockCable, ic2.blockCable.name
IC2:blockKineticGenerator:0, Kinetic Wind Generator
IC2:blockKineticGenerator:1, Kinetic Steam Generator
IC2:blockKineticGenerator:2, Electric Kinetic Generator
IC2:blockKineticGenerator:3, Manual Kinetic Generator
IC2:blockKineticGenerator:4, Kinetic Water Generator
IC2:blockKineticGenerator:5, Stirling Kinetic Generator
IC2:blockHeatGenerator:0, Solid Heat Generator
IC2:blockHeatGenerator:1, Fluid Heat Generator
IC2:blockHeatGenerator:2, Radioisotope Heat Generator
IC2:blockHeatGenerator:3, Electric Heat Generator
IC2:blockGenerator:0, Generator
IC2:blockGenerator:1, Geothermal Generator
IC2:blockGenerator:2, Water Mill
IC2:blockGenerator:3, Solar Panel
IC2:blockGenerator:4, Wind Mill
IC2:blockGenerator:5, Nuclear Reactor
IC2:blockGenerator:6, Radioisotope Thermoelectric Generator
IC2:blockGenerator:7, Semifluid Generator
IC2:blockGenerator:8, Stirling Generator
IC2:blockGenerator:9, Kinetic Generator
IC2:blockReactorChamber, ic2.blockReactorChamber.name
IC2:blockReactorFluidPort, ic2.blockReactorFluidPort.name
IC2:blockReactorAccessHatch, ic2.blockReactorAccessHatch.name
IC2:blockReactorRedstonePort, ic2.blockReactorRedstonePort.name
IC2:blockreactorvessel, ic2.blockreactorvessel.name
IC2:blockElectric:3, LV-Transformer
IC2:blockElectric:4, MV-Transformer
IC2:blockElectric:5, HV-Transformer
IC2:blockElectric:6, EV-Transformer
IC2:blockElectric:0, BatBox
IC2:blockElectric:7, CESU
IC2:blockElectric:1, MFE
IC2:blockElectric:2, MFSU
IC2:blockElectric:0, BatBox
IC2:blockElectric:7, CESU
IC2:blockElectric:1, MFE
IC2:blockElectric:2, MFSU
IC2:blockChargepad:0, Charge Pad (BatBox)
IC2:blockChargepad:1, Charge Pad (CESU)
IC2:blockChargepad:2, Charge Pad (MFE)
IC2:blockChargepad:3, Charge Pad (MFSU)
IC2:blockChargepad:0, Charge Pad (BatBox)
IC2:blockChargepad:1, Charge Pad (CESU)
IC2:blockChargepad:2, Charge Pad (MFE)
IC2:blockChargepad:3, Charge Pad (MFSU)
IC2:blockMachine:0, Basic Machine Casing
IC2:blockMachine:1, Iron Furnace
IC2:blockMachine:2, Electric Furnace
IC2:blockMachine:3, Macerator
IC2:blockMachine:4, Extractor
IC2:blockMachine:5, Compressor
IC2:blockMachine:6, Fluid/Solid Canning Machine
IC2:blockMachine:7, Miner
IC2:blockMachine:8, Pump
IC2:blockMachine:9, Magnetizer
IC2:blockMachine:10, Electrolyzer
IC2:blockMachine:11, Recycler
IC2:blockMachine:12, Advanced Machine Casing
IC2:blockMachine:13, Induction Furnace
IC2:blockMachine:14, Mass Fabricator
IC2:blockMachine:15, Terraformer
IC2:blockMachine2:0, Teleporter
IC2:blockMachine2:1, Tesla Coil
IC2:blockMachine2:2, Crop-Matron
IC2:blockMachine2:3, Thermal Centrifuge
IC2:blockMachine2:4, Metal Former
IC2:blockMachine2:5, Ore Washing Plant
IC2:blockMachine2:6, Pattern Storage
IC2:blockMachine2:7, Scanner
IC2:blockMachine2:8, Replicator
IC2:blockMachine2:9, Solid Canning Machine
IC2:blockMachine2:10, Bottling Plant
IC2:blockMachine2:11, Advanced Miner
IC2:blockMachine2:12, Liquid Heat Exchanger
IC2:blockMachine2:13, Fermenter
IC2:blockMachine2:14, Fluid Regulator
IC2:blockMachine2:15, Condenser
IC2:blockMachine3:0, Steam Generator
IC2:blockMachine3:1, Blast Furnace
IC2:blockMachine3:2, Block Cutting Machine
IC2:blockMachine3:3, Solar Distiller
IC2:blockMachine3:4, Fluid Distributor
IC2:blockMachine3:5, Electric Sorting Machine
IC2:blockMachine3:6, Item Buffer
IC2:blockMachine3:7, Crop Harvester
IC2:blockMachine3:8, Turning Table
IC2:blockLuminatorDark, ic2.blockLuminatorDark.name
IC2:blockLuminator, ic2.blockLuminator.name
IC2:blockMiningPipe, ic2.blockMiningPipe.name
IC2:blockMiningTip, ic2.blockMiningTip.name
IC2:blockPersonal:0, Personal Safe
IC2:blockPersonal:1, Trade-O-Mat
IC2:blockPersonal:2, Energy-O-Mat
IC2:blockITNT, ic2.blockITNT.name
IC2:blockNuke, ic2.blockNuke.name
IC2:blockDynamite, ic2.blockDynamite.name
IC2:blockDynamiteRemote, ic2.blockDynamiteRemote.name
IC2:blockCrop, ic2.blockCrop.name
IC2:blockBarrel, ic2.blockBarrel.name
IC2:fluidUuMatter, ic2.fluidUuMatter.name
IC2:fluidConstructionFoam, ic2.fluidConstructionFoam.name
IC2:fluidCoolant, ic2.fluidCoolant.name
IC2:fluidHotCoolant, ic2.fluidHotCoolant.name
IC2:fluidPahoehoeLava, ic2.fluidPahoehoeLava.name
IC2:fluidBiomass, ic2.fluidBiomass.name
IC2:fluidBiogas, ic2.fluidBiogas.name
IC2:fluidDistilledWater, ic2.fluidDistilledWater.name
IC2:fluidSuperheatedSteam, ic2.fluidSuperheatedSteam.name
IC2:fluidSteam, ic2.fluidSteam.name
IC2:fluidHotWater, ic2.fluidHotWater.name
Railcraft:fluid.creosote, Creosote
Railcraft:fluid.steam, Steam
Railcraft:residual.heat, Residual Heat
Railcraft:cube:0, Block of Coal Coke
Railcraft:cube:9, Block of Copper
Railcraft:cube:10, Block of Tin
Railcraft:cube:11, Block of Lead
Railcraft:cube:2, Block of Steel
Railcraft:cube:1, Block of Concrete
Railcraft:cube:8, Creosote Wood Block
Railcraft:cube:4, Crushed Obsidian
Railcraft:cube:6, Abyssal Stone
Railcraft:cube:7, Quarried Stone
Railcraft:anvil:0, Steel Anvil
Railcraft:anvil:1, Slightly Damaged Anvil
Railcraft:anvil:2, Very Damaged Anvil
Railcraft:machine.alpha:7, Coke Oven Brick
Railcraft:machine.alpha:12, Blast Furnace Brick
Railcraft:machine.alpha:3, Steam Oven
Railcraft:machine.alpha:14, Water Tank Siding
Railcraft:machine.alpha:8, Rolling Machine
Railcraft:machine.alpha:15, Rock Crusher
Railcraft:machine.alpha:11, Feed Station
Railcraft:machine.alpha:6, Trade Station
Railcraft:machine.alpha:0, World Anchor
Railcraft:machine.alpha:2, Personal Anchor
Railcraft:machine.alpha:13, Passive Anchor
Railcraft:machine.alpha:4, Admin Anchor
Railcraft:machine.alpha:1, Steam Turbine Housing
Railcraft:machine.alpha:5, Smoker
Railcraft:machine.alpha:9, Manual Steam Trap
Railcraft:machine.alpha:10, Automated Steam Trap
Railcraft:machine.beta:0, Iron Tank Wall
Railcraft:machine.beta:1, Iron Tank Gauge
Railcraft:machine.beta:2, Iron Tank Valve
Railcraft:machine.beta:13, Steel Tank Wall
Railcraft:machine.beta:14, Steel Tank Gauge
Railcraft:machine.beta:15, Steel Tank Valve
Railcraft:machine.beta:5, Solid Fueled Boiler Firebox
Railcraft:machine.beta:6, Liquid Fueled Boiler Firebox
Railcraft:machine.beta:3, Low Pressure Boiler Tank
Railcraft:machine.beta:4, High Pressure Boiler Tank
Railcraft:machine.beta:7, Hobbyist's Steam Engine
Railcraft:machine.beta:8, Commercial Steam Engine
Railcraft:machine.beta:9, Industrial Steam Engine
Railcraft:machine.beta:10, Anchor Sentinel
Railcraft:machine.beta:11, Void Chest
Railcraft:machine.beta:12, Metals Chest
Railcraft:track:4767, Switch Track
Railcraft:track:2144, Wye Track
Railcraft:track:0, Junction Track
Railcraft:track:0, Control Track
Railcraft:track:20176, Locking Track
Railcraft:track:23575, Disembarking Track
Railcraft:track:0, Embarking Track
Railcraft:track:0, Coupler Track
Railcraft:track:0, Whistle Track
Railcraft:track:30516, Locomotive Track
Railcraft:track:16093, Limiter Track
Railcraft:track:0, Routing Track
Railcraft:track:32363, Buffer Stop Track
Railcraft:track:30946, One-Way Track
Railcraft:track:0, Directional Detector Track
Railcraft:track:0, Gated One-Way Track
Railcraft:track:19746, Gated Track
Railcraft:track:0, Suspended Track
Railcraft:track:2264, Disposal Track
Railcraft:track:736, Wooden Track
Railcraft:track:0, Wooden Booster Track
Railcraft:track:0, Wooden Junction Track
Railcraft:track:19986, Wooden Switch Track
Railcraft:track:0, Wooden Wye Track
Railcraft:track:0, Reinforced Track
Railcraft:track:0, Reinforced Booster Track
Railcraft:track:764, Reinforced Junction Track
Railcraft:track:0, Reinforced Switch Track
Railcraft:track:0, Reinforced Wye Track
Railcraft:track:0, Electric Track
Railcraft:track:0, Electric Junction Track
Railcraft:track:10488, Electric Switch Track
Railcraft:track:0, Electric Wye Track
Railcraft:track:816, H.S. Track
Railcraft:track:0, H.S. Booster Track
Railcraft:track:26865, H.S. Transition Track
Railcraft:track:7916, H.S. Switch Track
Railcraft:track:0, H.S. Wye Track
Railcraft:track:8103, Priming Track
Railcraft:track:0, Launcher Track
Railcraft:track.elevator, Elevator Track
Railcraft:signal:4, Switch Lever
Railcraft:signal:2, Switch Motor
Railcraft:signal:5, Routing Switch Motor
Railcraft:signal:3, Block Signal
Railcraft:signal:11, Distant Signal
Railcraft:signal:1, Dual-Head Block Signal
Railcraft:signal:12, Dual-Head Distant Signal
Railcraft:signal:13, Signal Block Relay Box
Railcraft:signal:8, Signal Receiver Box
Railcraft:signal:9, Signal Controller Box
Railcraft:signal:10, Analog Signal Controller Box
Railcraft:signal:7, Signal Capacitor Box
Railcraft:signal:6, Signal Sequencer Box
Railcraft:signal:0, Signal Interlock Box
Railcraft:brick.abyssal:0, Abyssal Brick
Railcraft:brick.abyssal:1, Fitted Abyssal Stone
Railcraft:brick.abyssal:2, Abyssal Block
Railcraft:brick.abyssal:3, Ornate Abyssal Stone
Railcraft:brick.abyssal:4, Etched Abyssal Stone
Railcraft:brick.abyssal:5, Abyssal Cobblestone
Railcraft:brick.bleachedbone:0, Bleached Bone Brick
Railcraft:brick.bleachedbone:1, Fitted Bleached Bone Stone
Railcraft:brick.bleachedbone:2, Bleached Bone Block
Railcraft:brick.bleachedbone:3, Ornate Bleached Bone Stone
Railcraft:brick.bleachedbone:4, Etched Bleached Bone Stone
Railcraft:brick.bleachedbone:5, Bleached Bone Cobblestone
Railcraft:brick.bloodstained:0, Blood Stained Brick
Railcraft:brick.bloodstained:1, Fitted Blood Stained Stone
Railcraft:brick.bloodstained:2, Blood Stained Block
Railcraft:brick.bloodstained:3, Ornate Blood Stained Stone
Railcraft:brick.bloodstained:4, Etched Blood Stained Stone
Railcraft:brick.bloodstained:5, Blood Stained Cobblestone
Railcraft:brick.frostbound:0, Frost Bound Brick
Railcraft:brick.frostbound:1, Fitted Frost Bound Stone
Railcraft:brick.frostbound:2, Frost Bound Block
Railcraft:brick.frostbound:3, Ornate Frost Bound Stone
Railcraft:brick.frostbound:4, Etched Frost Bound Stone
Railcraft:brick.frostbound:5, Frost Bound Cobblestone
Railcraft:brick.infernal:0, Infernal Brick
Railcraft:brick.infernal:1, Fitted Infernal Stone
Railcraft:brick.infernal:2, Infernal Block
Railcraft:brick.infernal:3, Ornate Infernal Stone
Railcraft:brick.infernal:4, Etched Infernal Stone
Railcraft:brick.infernal:5, Infernal Cobblestone
Railcraft:brick.quarried:0, Quarried Brick
Railcraft:brick.quarried:1, Fitted Quarried Stone
Railcraft:brick.quarried:2, Quarried Block
Railcraft:brick.quarried:3, Ornate Quarried Stone
Railcraft:brick.quarried:4, Etched Quarried Stone
Railcraft:brick.quarried:5, Quarried Cobblestone
Railcraft:brick.sandy:0, Sandy Brick
Railcraft:brick.sandy:1, Fitted Sandy Stone
Railcraft:brick.sandy:2, Sandy Block
Railcraft:brick.sandy:3, Ornate Sandy Stone
Railcraft:brick.sandy:4, Etched Sandy Stone
Railcraft:brick.sandy:5, Sandy Cobblestone
Railcraft:brick.nether:0, Nether Brick
Railcraft:brick.nether:1, Fitted Nether Stone
Railcraft:brick.nether:2, Nether Block
Railcraft:brick.nether:3, Ornate Nether Stone
Railcraft:brick.nether:4, Etched Nether Stone
Railcraft:brick.nether:5, Nether Cobblestone
Railcraft:post:0, Wooden Post
Railcraft:post:1, Stone Post
Railcraft:post:2, Metal Post
Railcraft:post:4, Wooden Platform
Railcraft:post:5, Stone Platform
Railcraft:post:6, Metal Platform
Railcraft:post.metal:0, Black Metal Post
Railcraft:post.metal:1, Red Metal Post
Railcraft:post.metal:2, Green Metal Post
Railcraft:post.metal:3, Brown Metal Post
Railcraft:post.metal:4, Blue Metal Post
Railcraft:post.metal:5, Purple Metal Post
Railcraft:post.metal:6, Cyan Metal Post
Railcraft:post.metal:7, Light Gray Metal Post
Railcraft:post.metal:8, Gray Metal Post
Railcraft:post.metal:9, Pink Metal Post
Railcraft:post.metal:10, Lime Metal Post
Railcraft:post.metal:11, Yellow Metal Post
Railcraft:post.metal:12, Light Blue Metal Post
Railcraft:post.metal:13, Magenta Metal Post
Railcraft:post.metal:14, Orange Metal Post
Railcraft:post.metal:15, White Metal Post
Railcraft:post.metal.platform:0, Black Metal Platform
Railcraft:post.metal.platform:1, Red Metal Platform
Railcraft:post.metal.platform:2, Green Metal Platform
Railcraft:post.metal.platform:3, Brown Metal Platform
Railcraft:post.metal.platform:4, Blue Metal Platform
Railcraft:post.metal.platform:5, Purple Metal Platform
Railcraft:post.metal.platform:6, Cyan Metal Platform
Railcraft:post.metal.platform:7, Light Gray Metal Platform
Railcraft:post.metal.platform:8, Gray Metal Platform
Railcraft:post.metal.platform:9, Pink Metal Platform
Railcraft:post.metal.platform:10, Lime Metal Platform
Railcraft:post.metal.platform:11, Yellow Metal Platform
Railcraft:post.metal.platform:12, Light Blue Metal Platform
Railcraft:post.metal.platform:13, Magenta Metal Platform
Railcraft:post.metal.platform:14, Orange Metal Platform
Railcraft:post.metal.platform:15, White Metal Platform
Railcraft:glass:0, Strengthened Glass
Railcraft:glass:1, Strengthened Glass
Railcraft:glass:2, Strengthened Glass
Railcraft:glass:3, Strengthened Glass
Railcraft:glass:4, Strengthened Glass
Railcraft:glass:5, Strengthened Glass
Railcraft:glass:6, Strengthened Glass
Railcraft:glass:7, Strengthened Glass
Railcraft:glass:8, Strengthened Glass
Railcraft:glass:9, Strengthened Glass
Railcraft:glass:10, Strengthened Glass
Railcraft:glass:11, Strengthened Glass
Railcraft:glass:12, Strengthened Glass
Railcraft:glass:13, Strengthened Glass
Railcraft:glass:14, Strengthened Glass
Railcraft:glass:15, Strengthened Glass
Railcraft:detector:0, Detector - Item
Railcraft:detector:1, Detector - Any
Railcraft:detector:2, Detector - Empty
Railcraft:detector:3, Detector - Mob
Railcraft:detector:4, Detector - Powered
Railcraft:detector:5, Detector - Player
Railcraft:detector:6, Detector - Explosive
Railcraft:detector:7, Detector - Animal
Railcraft:detector:8, Detector - Tank
Railcraft:detector:9, Detector - Advanced
Railcraft:detector:10, Detector - Energy
Railcraft:detector:11, Detector - Age
Railcraft:detector:12, Detector - Train
Railcraft:detector:13, Detector - Sheep
Railcraft:detector:14, Detector - Villager
Railcraft:detector:15, Detector - Locomotive
Railcraft:detector:16, Detector - Routing
Railcraft:machine.gamma:0, Item Loader
Railcraft:machine.gamma:1, Item Unloader
Railcraft:machine.gamma:2, Adv. Item Loader
Railcraft:machine.gamma:3, Adv. Item Unloader
Railcraft:machine.gamma:4, Fluid Loader
Railcraft:machine.gamma:5, Fluid Unloader
Railcraft:machine.gamma:6, Energy Loader
Railcraft:machine.gamma:7, Energy Unloader
Railcraft:machine.gamma:10, Redstone Flux Loader
Railcraft:machine.gamma:11, Redstone Flux Unloader
Railcraft:machine.gamma:8, Cart Dispenser
Railcraft:machine.gamma:9, Train Dispenser
Railcraft:machine.epsilon:0, Electric Feeder Unit
Railcraft:machine.epsilon:1, Admin Feeder Unit
Railcraft:machine.epsilon:4, Flux Transformer
Railcraft:machine.epsilon:3, Force Track Emitter
Railcraft:machine.epsilon:2, Admin Steam Producer
Railcraft:machine.epsilon:5, Engraving Bench
Railcraft:ore:0, Sulfur Ore
Railcraft:ore:1, Saltpeter Ore
Railcraft:ore:2, Dark Diamond Ore
Railcraft:ore:3, Dark Emerald Ore
Railcraft:ore:4, Dark Lapis Lazuli Ore
Railcraft:ore:5, Firestone Ore
Railcraft:ore:7, Poor Iron Ore
Railcraft:ore:8, Poor Gold Ore
Railcraft:ore:9, Poor Copper Ore
Railcraft:ore:10, Poor Tin Ore
Railcraft:ore:11, Poor Lead Ore
Railcraft:worldlogic, Saltpeter Ore Spawner
Railcraft:firestone.recharge, Recharging Firestone
Railcraft:frame, Wire Support Frame
Railcraft:machine.delta:0, Electric Shunting Wire
TwilightForest:tile.TFLog:0, Twilight Oak Wood
TwilightForest:tile.TFLog:1, Canopy Tree Wood
TwilightForest:tile.TFLog:2, Mangrove Wood
TwilightForest:tile.TFLog:3, Darkwood Wood
TwilightForest:tile.TFRoots:0, Roots
TwilightForest:tile.TFRoots:1, Liveroots
TwilightForest:tile.TFLeaves:0, Twilight Oak Leaves
TwilightForest:tile.TFLeaves:1, Canopy Tree Leaves
TwilightForest:tile.TFLeaves:2, Mangrove Leaves
TwilightForest:tile.TFLeaves:3, Rainbow Oak Leaves
TwilightForest:tile.TFFirefly, Firefly
TwilightForest:tile.TFCicada, Cicada
TwilightForest:tile.TFPortal, Twilight Forest Portal
TwilightForest:tile.TFMazestone:0, Mazestone
TwilightForest:tile.TFMazestone:1, Mazestone Brick
TwilightForest:tile.TFMazestone:2, Chiseled Mazestone
TwilightForest:tile.TFMazestone:3, Decorative Mazestone Brick
TwilightForest:tile.TFMazestone:4, Cracked Mazestone Brick
TwilightForest:tile.TFMazestone:5, Mossy Mazestone Brick
TwilightForest:tile.TFMazestone:6, Mazestone Mosaic
TwilightForest:tile.TFMazestone:7, Mazestone Border
TwilightForest:tile.TFHedge:0, Hedge
TwilightForest:tile.TFBossSpawner:0, Naga Spawner
TwilightForest:tile.TFBossSpawner:1, Lich Spawner
TwilightForest:tile.TFBossSpawner:2, Hydra Spawner
TwilightForest:tile.TFBossSpawner:3, Ur-ghast Spawner
TwilightForest:tile.TFBossSpawner:4, Knight Phantoms Spawner
TwilightForest:tile.TFBossSpawner:5, tile.TFBossSpawner.5.name
TwilightForest:tile.TFFireflyJar, Firefly Jar
TwilightForest:tile.TFPlant:3, Moss Patch
TwilightForest:tile.TFPlant:4, Mayapple
TwilightForest:tile.TFPlant:8, Fiddlehead
TwilightForest:tile.TFPlant:9, Mushgloom
TwilightForest:tile.TFPlant:10, Forest Grass
TwilightForest:tile.TFPlant:11, Dried Bush
TwilightForest:tile.TFPlant:13, Torchberry Plant
TwilightForest:tile.TFPlant:14, Root Strands
TwilightForest:tile.TFUncraftingTable, Uncrafting Table
TwilightForest:tile.TFFireJet:0, Smoking block
TwilightForest:tile.TFFireJet:8, Fire Jet
TwilightForest:tile.TFFireJet:1, Encased Smoker
TwilightForest:tile.TFFireJet:11, Encased Fire Jet
TwilightForest:tile.TFNagastone:1, Nagastone Head
TwilightForest:tile.TFNagastone:13, Nagastone
TwilightForest:tile.TFSapling:0, Sickly Twilight Oak Sapling
TwilightForest:tile.TFSapling:1, Canopy Tree Sapling
TwilightForest:tile.TFSapling:2, Twilight Mangrove Sapling
TwilightForest:tile.TFSapling:3, Darkwood Sapling
TwilightForest:tile.TFSapling:4, Robust Twilight Oak Sapling
TwilightForest:tile.TFSapling:5, Tree of Time Sapling
TwilightForest:tile.TFSapling:6, Tree of Transformation Sapling
TwilightForest:tile.TFSapling:7, Miner's Tree Sapling
TwilightForest:tile.TFSapling:8, Sorting Tree Sapling
TwilightForest:tile.TFSapling:9, Rainbow Oak Sapling
TwilightForest:tile.TFMoonworm, Moonworm
TwilightForest:tile.TFMagicLog:0, Timewood
TwilightForest:tile.TFMagicLog:1, Transwood
TwilightForest:tile.TFMagicLog:2, Minewood
TwilightForest:tile.TFMagicLog:3, Sortingwood
TwilightForest:tile.TFMagicLeaves:0, Timewood Leaves
TwilightForest:tile.TFMagicLeaves:1, Leaves of Transformation
TwilightForest:tile.TFMagicLeaves:2, Miner's Leaves
TwilightForest:tile.TFMagicLeaves:3, Sorting Leaves
TwilightForest:tile.TFMagicLogSpecial:0, Timewood Clock
TwilightForest:tile.TFMagicLogSpecial:1, Heart of Transformation
TwilightForest:tile.TFMagicLogSpecial:2, Minewood Core
TwilightForest:tile.TFMagicLogSpecial:3, Sortingwood Engine
TwilightForest:tile.TFTowerStone:0, Towerwood Planks
TwilightForest:tile.TFTowerStone:1, Encased Towerwood
TwilightForest:tile.TFTowerStone:2, Cracked Towerwood
TwilightForest:tile.TFTowerStone:3, Mossy Towerwood
TwilightForest:tile.TFTowerStone:4, Infested Towerwood
TwilightForest:tile.TFTowerDevice:0, Reappearing Block
TwilightForest:tile.TFTowerDevice:2, Vanishing Block
TwilightForest:tile.TFTowerDevice:4, Locked Vanishing Block
TwilightForest:tile.TFTowerDevice:5, Unlocked Vanishing Block
TwilightForest:tile.TFTowerDevice:6, Carminite Builder
TwilightForest:tile.TFTowerDevice:9, Anti-builder
TwilightForest:tile.TFTowerDevice:10, Ghast Trap
TwilightForest:tile.TFTowerDevice:12, Carminite Reactor
TwilightForest:tile.TFTowerTranslucent:0, Reappearing Block
TwilightForest:tile.TFTowerTranslucent:1, Active Reappearing Block
TwilightForest:tile.TFTowerTranslucent:2, Built Carminite Block
TwilightForest:tile.TFTowerTranslucent:3, Active Built Carminite Block
TwilightForest:tile.TFTowerTranslucent:4, Anti-built Block
TwilightForest:tile.TFTowerTranslucent:5, Carminite Reactor Debris
TwilightForest:tile.TFTowerTranslucent:6, False Gold
TwilightForest:tile.TFTowerTranslucent:7, False Diamond
TwilightForest:tile.TFTrophy:0, Hydra Trophy
TwilightForest:tile.TFShield:0, Stronghold Shield
TwilightForest:tile.TFTrophyPedestal:0, Trophy Pedestal
TwilightForest:tile.TFTrophyPedestal:15, Latent Trophy Pedestal
TwilightForest:tile.TFAuroraBrick, Aurora Block
TwilightForest:tile.TFUnderBrick:0, Underbrick
TwilightForest:tile.TFUnderBrick:1, Mossy Underbrick
TwilightForest:tile.TFUnderBrick:2, Cracked Underbrick
TwilightForest:tile.TFThorns:0, Thorns
TwilightForest:tile.TFThorns:1, Green Thorns
TwilightForest:tile.TFBurntThorns, Burnt Thorns
TwilightForest:tile.TFThornRose, Thorn Rose
TwilightForest:tile.TFLeaves3:0, Thorn Leaves
TwilightForest:tile.TFLeaves3:1, Beanstalk Leaves
TwilightForest:tile.TFDeadrock:0, Weathered Deadrock
TwilightForest:tile.TFDeadrock:1, Cracked Deadrock
TwilightForest:tile.TFDeadrock:2, Deadrock
TwilightForest:tile.DarkLeaves, Darkwood Leaves
TwilightForest:tile.AuroraPillar, Aurora Pillar
TwilightForest:tile.AuroraSlab:0, Aurora Slab
TwilightForest:tile.AuroraDoubleSlab:0, Aurora Slab
TwilightForest:tile.TrollSteinn, Trollsteinn
TwilightForest:tile.WispyCloud, Wispy Cloud
TwilightForest:tile.FluffyCloud, Fluffy Cloud
TwilightForest:tile.GiantCobble, Giant Cobblestone
TwilightForest:tile.GiantLog, Giant Log
TwilightForest:tile.GiantLeaves, Giant Leaves
TwilightForest:tile.GiantObsidian, Giant Obsidian
TwilightForest:tile.UberousSoil, Uberous Soil
TwilightForest:tile.HugeStalk, Huge Stalk
TwilightForest:tile.HugeGloomBlock, Huge Mushgloom
TwilightForest:tile.TrollVidr, Trollvidr
TwilightForest:tile.UnripeTrollBer, Unripe Trollber
TwilightForest:tile.TrollBer, Trollber
TwilightForest:tile.KnightmetalBlock, Block of Knightmetal
TwilightForest:tile.HugeLilyPad, Huge Lily Pad
TwilightForest:tile.HugeWaterLily, Huge Water Lily
TwilightForest:tile.Slider:0, Slide Trap
TwilightForest:tile.Slider:1, Slide Trap 1
TwilightForest:tile.Slider:2, Slide Trap 2
TwilightForest:tile.Slider:3, Slide Trap 3
TwilightForest:tile.CastleBrick:0, Castle Brick
TwilightForest:tile.CastleBrick:1, Worn Castle Brick
TwilightForest:tile.CastleBrick:2, Cracked Castle Brick
TwilightForest:tile.CastleBrick:3, Castle Roof Tile
TwilightForest:tile.CastleMagic:0, Blue Castle Rune Brick
TwilightForest:tile.CastleMagic:1, Yellow Castle Rune Brick
TwilightForest:tile.CastleMagic:2, Pink Castle Rune Brick
TwilightForest:tile.CastleMagic:3, Violet Castle Rune Brick
TwilightForest:tile.ForceField:0, Violet Force Field
TwilightForest:tile.ForceField:1, Pink Force Field
TwilightForest:tile.ForceField:2, Orange Force Field
TwilightForest:tile.ForceField:3, Green Force Field
TwilightForest:tile.ForceField:4, Blue Force Field
TwilightForest:tile.CinderFurnaceIdle, Cinder Furnace [NYI]
TwilightForest:tile.CinderFurnaceLit, Cinder Furnace [NYI]
TwilightForest:tile.CinderLog:0, Cinder Log [NYI]
TwilightForest:tile.CastleDoor:0, Blue Castle Door
TwilightForest:tile.CastleDoorVanished:0, Blue Castle Door
TwilightForest:tile.TFPlank:0, Twilight Oak Planks
TwilightForest:tile.TFPlank:1, Canopy Planks
TwilightForest:tile.TFPlank:2, Mangrove Planks
TwilightForest:tile.TFPlank:3, Darkwood Planks
TwilightForest:tile.TFPlank:4, Timewood Planks
TwilightForest:tile.TFPlank:5, Transwood Planks
TwilightForest:tile.TFPlank:6, Minewood Planks
TwilightForest:tile.TFPlank:7, Sortingwood Planks
chisel:aluminumblock:0, Block of Aluminum
chisel:aluminumblock:1, Block of Aluminum
chisel:aluminumblock:2, Block of Aluminum
chisel:aluminumblock:3, Block of Aluminum
chisel:aluminumblock:4, Block of Aluminum
chisel:aluminumblock:5, Block of Aluminum
chisel:aluminum_stairs.0:0, tile.chisel.aluminum_stairs.0.name
chisel:aluminum_stairs.0:8, tile.chisel.aluminum_stairs.0.name
chisel:aluminum_stairs.1:0, tile.chisel.aluminum_stairs.1.name
chisel:aluminum_stairs.1:8, tile.chisel.aluminum_stairs.1.name
chisel:aluminum_stairs.2:0, tile.chisel.aluminum_stairs.2.name
chisel:aluminum_stairs.2:8, tile.chisel.aluminum_stairs.2.name
chisel:aluminum_stairs.3:0, tile.chisel.aluminum_stairs.3.name
chisel:aluminum_stairs.3:8, tile.chisel.aluminum_stairs.3.name
chisel:aluminum_stairs.4:0, tile.chisel.aluminum_stairs.4.name
chisel:aluminum_stairs.4:8, tile.chisel.aluminum_stairs.4.name
chisel:aluminum_stairs.5:0, tile.chisel.aluminum_stairs.5.name
chisel:aluminum_stairs.5:8, tile.chisel.aluminum_stairs.5.name
chisel:aluminum_stairs.6:0, tile.chisel.aluminum_stairs.6.name
chisel:aluminum_stairs.6:8, tile.chisel.aluminum_stairs.6.name
chisel:aluminum_stairs.7:0, tile.chisel.aluminum_stairs.7.name
chisel:aluminum_stairs.7:8, tile.chisel.aluminum_stairs.7.name
chisel:andesite:0, Andesite
chisel:andesite:1, Andesite
chisel:andesite:2, Andesite
chisel:andesite:3, Andesite
chisel:andesite:4, Andesite
chisel:andesite:5, Andesite
chisel:andesite:6, Andesite
chisel:antiBlock:0, Anti Block
chisel:antiBlock:1, Anti Block
chisel:antiBlock:2, Anti Block
chisel:antiBlock:3, Anti Block
chisel:antiBlock:4, Anti Block
chisel:antiBlock:5, Anti Block
chisel:antiBlock:6, Anti Block
chisel:antiBlock:7, Anti Block
chisel:antiBlock:8, Anti Block
chisel:antiBlock:9, Anti Block
chisel:antiBlock:10, Anti Block
chisel:antiBlock:11, Anti Block
chisel:antiBlock:12, Anti Block
chisel:antiBlock:13, Anti Block
chisel:antiBlock:14, Anti Block
chisel:antiBlock:15, Anti Block
chisel:arcane:0, Arcane Stone Block
chisel:arcane:1, Arcane Stone Block
chisel:arcane:2, Arcane Stone Block
chisel:arcane:3, Arcane Stone Block
chisel:arcane:4, Arcane Stone Block
chisel:arcane:5, Arcane Stone Block
chisel:arcane:6, Arcane Stone Block
chisel:arcane:7, Arcane Stone Block
chisel:arcane:8, Arcane Stone Block
chisel:arcane:9, Arcane Stone Block
chisel:arcane:10, Arcane Stone Block
chisel:arcane:11, Arcane Stone Block
chisel:autoChisel, Auto Chisel
chisel:beacon:0, Beacon
chisel:beacon:1, Beacon
chisel:beacon:2, Beacon
chisel:beacon:3, Beacon
chisel:beacon:4, Beacon
chisel:beacon:5, Beacon
chisel:beacon:6, Beacon
chisel:beacon:7, Beacon
chisel:beacon:8, Beacon
chisel:beacon:9, Beacon
chisel:beacon:10, Beacon
chisel:beacon:11, Beacon
chisel:beacon:12, Beacon
chisel:beacon:13, Beacon
chisel:beacon:14, Beacon
chisel:beacon:15, Beacon
chisel:bloodRune:0, Blood Rune
chisel:bloodRune:1, Blood Rune
chisel:bloodRune:2, Blood Rune
chisel:bloodRune:3, Blood Rune
chisel:bloodRune:4, Blood Rune
chisel:bloodRune:5, Blood Rune
chisel:bookshelf:1, Bookshelf
chisel:bookshelf:2, Bookshelf
chisel:bookshelf:3, Bookshelf
chisel:bookshelf:4, Bookshelf
chisel:bookshelf:5, Bookshelf
chisel:bookshelf:6, Bookshelf
chisel:bookshelf:7, Bookshelf
chisel:bookshelf:8, Bookshelf
chisel:brickCustom:1, Brick Block
chisel:brickCustom:2, Brick Block
chisel:brickCustom:3, Brick Block
chisel:brickCustom:5, Brick Block
chisel:brickCustom:6, Brick Block
chisel:bronzeblock:0, Block of Bronze
chisel:bronzeblock:1, Block of Bronze
chisel:bronzeblock:2, Block of Bronze
chisel:bronzeblock:3, Block of Bronze
chisel:bronzeblock:4, Block of Bronze
chisel:bronzeblock:5, Block of Bronze
chisel:carpet_block:0, Carpet
chisel:carpet_block:1, Carpet
chisel:carpet_block:2, Carpet
chisel:carpet_block:3, Carpet
chisel:carpet_block:4, Carpet
chisel:carpet_block:5, Carpet
chisel:carpet_block:6, Carpet
chisel:carpet_block:7, Carpet
chisel:carpet_block:8, Carpet
chisel:carpet_block:9, Carpet
chisel:carpet_block:10, Carpet
chisel:carpet_block:11, Carpet
chisel:carpet_block:12, Carpet
chisel:carpet_block:13, Carpet
chisel:carpet_block:14, Carpet
chisel:carpet_block:15, Carpet
chisel:carpet:0, Floor Carpet
chisel:carpet:1, Floor Carpet
chisel:carpet:2, Floor Carpet
chisel:carpet:3, Floor Carpet
chisel:carpet:4, Floor Carpet
chisel:carpet:5, Floor Carpet
chisel:carpet:6, Floor Carpet
chisel:carpet:7, Floor Carpet
chisel:carpet:8, Floor Carpet
chisel:carpet:9, Floor Carpet
chisel:carpet:10, Floor Carpet
chisel:carpet:11, Floor Carpet
chisel:carpet:12, Floor Carpet
chisel:carpet:13, Floor Carpet
chisel:carpet:14, Floor Carpet
chisel:carpet:15, Floor Carpet
chisel:cloud:0, Cloud
chisel:cloud:1, Cloud
chisel:cloud:2, Cloud
chisel:cloud:3, Cloud
chisel:cloud:4, Cloud
chisel:cobblestone:1, Cobblestone
chisel:cobblestone:2, Cobblestone
chisel:cobblestone:3, Cobblestone
chisel:cobblestone:4, Cobblestone
chisel:cobblestone:5, Cobblestone
chisel:cobblestone:6, Cobblestone
chisel:cobblestone:7, Cobblestone
chisel:cobblestone:8, Cobblestone
chisel:cobblestone:9, Cobblestone
chisel:cobblestone:10, Cobblestone
chisel:cobblestone:11, Cobblestone
chisel:cobblestone:12, Cobblestone
chisel:cobblestone:13, Cobblestone
chisel:cobblestone:14, Cobblestone
chisel:cobblestone:15, Cobblestone
chisel:mossy_cobblestone:1, Mossy Cobblestone
chisel:mossy_cobblestone:2, Mossy Cobblestone
chisel:mossy_cobblestone:3, Mossy Cobblestone
chisel:mossy_cobblestone:4, Mossy Cobblestone
chisel:mossy_cobblestone:5, Mossy Cobblestone
chisel:mossy_cobblestone:6, Mossy Cobblestone
chisel:mossy_cobblestone:7, Mossy Cobblestone
chisel:mossy_cobblestone:8, Mossy Cobblestone
chisel:mossy_cobblestone:9, Mossy Cobblestone
chisel:mossy_cobblestone:10, Mossy Cobblestone
chisel:mossy_cobblestone:11, Mossy Cobblestone
chisel:mossy_cobblestone:12, Mossy Cobblestone
chisel:mossy_cobblestone:13, Mossy Cobblestone
chisel:mossy_cobblestone:14, Mossy Cobblestone
chisel:mossy_cobblestone:15, Mossy Cobblestone
chisel:concrete:0, Concrete
chisel:concrete:1, Concrete
chisel:concrete:2, Concrete
chisel:concrete:3, Concrete
chisel:concrete:4, Concrete
chisel:concrete:5, Concrete
chisel:concrete:6, Concrete
chisel:concrete:7, Concrete
chisel:concrete:8, Concrete
chisel:concrete:9, Concrete
chisel:concrete:10, Concrete
chisel:copperblock:0, Block of Copper
chisel:copperblock:1, Block of Copper
chisel:copperblock:2, Block of Copper
chisel:copperblock:3, Block of Copper
chisel:copperblock:4, Block of Copper
chisel:copperblock:5, Block of Copper
chisel:diamond_block:1, Diamond Block
chisel:diamond_block:2, Diamond Block
chisel:diamond_block:3, Diamond Block
chisel:diamond_block:4, Diamond Block
chisel:diamond_block:5, Diamond Block
chisel:diamond_block:6, Diamond Block
chisel:diamond_block:7, Diamond Block
chisel:diamond_block:8, Diamond Block
chisel:diamond_block:9, Diamond Block
chisel:diamond_block:10, Diamond Block
chisel:diamond_block:11, Diamond Block
chisel:diamond_block:12, Diamond Block
chisel:diorite:0, Diorite
chisel:diorite:1, Diorite
chisel:diorite:2, Diorite
chisel:diorite:3, Diorite
chisel:diorite:4, Diorite
chisel:diorite:5, Diorite
chisel:diorite:6, Diorite
chisel:dirt:0, Dirt
chisel:dirt:1, Dirt
chisel:dirt:2, Dirt
chisel:dirt:3, Dirt
chisel:dirt:4, Dirt
chisel:dirt:5, Dirt
chisel:dirt:6, Dirt
chisel:dirt:7, Dirt
chisel:dirt:8, Dirt
chisel:dirt:9, Dirt
chisel:dirt:10, Dirt
chisel:dirt:11, Dirt
chisel:dirt:12, Dirt
chisel:dirt:13, Dirt
chisel:dirt:14, Dirt
chisel:dirt:15, Dirt
chisel:emerald_block:1, Emerald Block
chisel:emerald_block:2, Emerald Block
chisel:emerald_block:3, Emerald Block
chisel:emerald_block:4, Emerald Block
chisel:emerald_block:5, Emerald Block
chisel:emerald_block:6, Emerald Block
chisel:emerald_block:7, Emerald Block
chisel:emerald_block:8, Emerald Block
chisel:emerald_block:9, Emerald Block
chisel:emerald_block:10, Emerald Block
chisel:emerald_block:11, Emerald Block
chisel:end_Stone:0, End Stone
chisel:end_Stone:1, End Stone
chisel:end_Stone:2, End Stone
chisel:end_Stone:3, End Stone
chisel:end_Stone:4, End Stone
chisel:end_Stone:5, End Stone
chisel:end_Stone:6, End Stone
chisel:end_Stone:7, End Stone
chisel:end_Stone:8, End Stone
chisel:end_Stone:9, End Stone
chisel:end_Stone:10, End Stone
chisel:end_Stone:11, End Stone
chisel:end_Stone:12, End Stone
chisel:end_Stone:13, End Stone
chisel:factoryblock:0, Factory Block
chisel:factoryblock:1, Factory Block
chisel:factoryblock:2, Factory Block
chisel:factoryblock:3, Factory Block
chisel:factoryblock:4, Factory Block
chisel:factoryblock:5, Factory Block
chisel:factoryblock:6, Factory Block
chisel:factoryblock:7, Factory Block
chisel:factoryblock:8, Factory Block
chisel:factoryblock:9, Factory Block
chisel:factoryblock:10, Factory Block
chisel:factoryblock:11, Factory Block
chisel:factoryblock:12, Factory Block
chisel:factoryblock:13, Factory Block
chisel:factoryblock:14, Factory Block
chisel:factoryblock:15, Factory Block
chisel:factoryblock2:0, Factory Block
chisel:factoryblock2:1, Factory Block
chisel:factoryblock2:2, Factory Block
chisel:factoryblock2:3, Factory Block
chisel:fantasyblock:0, Purpled Fantasy Block
chisel:fantasyblock:1, Purpled Fantasy Block
chisel:fantasyblock:2, Purpled Fantasy Block
chisel:fantasyblock:3, Purpled Fantasy Block
chisel:fantasyblock:4, Purpled Fantasy Block
chisel:fantasyblock:5, Purpled Fantasy Block
chisel:fantasyblock:6, Purpled Fantasy Block
chisel:fantasyblock:7, Purpled Fantasy Block
chisel:fantasyblock:8, Purpled Fantasy Block
chisel:fantasyblock:9, Purpled Fantasy Block
chisel:fantasyblock:10, Purpled Fantasy Block
chisel:fantasyblock:11, Purpled Fantasy Block
chisel:fantasyblock:12, Purpled Fantasy Block
chisel:fantasyblock:13, Purpled Fantasy Block
chisel:fantasyblock:14, Purpled Fantasy Block
chisel:fantasyblock:15, Purpled Fantasy Block
chisel:fantasyblock2:0, Fantasy Block
chisel:fantasyblock2:1, Fantasy Block
chisel:fantasyblock2:2, Fantasy Block
chisel:fantasyblock2:3, Fantasy Block
chisel:fantasyblock2:4, Fantasy Block
chisel:fantasyblock2:5, Fantasy Block
chisel:fantasyblock2:6, Fantasy Block
chisel:fantasyblock2:7, Fantasy Block
chisel:fantasyblock2:8, Fantasy Block
chisel:fantasyblock2:9, Fantasy Block
chisel:fantasyblock2:10, Fantasy Block
chisel:fantasyblock2:11, Fantasy Block
chisel:fantasyblock2:12, Fantasy Block
chisel:fantasyblock2:13, Fantasy Block
chisel:fantasyblock2:14, Fantasy Block
chisel:fantasyblock2:15, Fantasy Block
chisel:futura:0, Futura Block
chisel:futura:1, Futura Block
chisel:futura:2, Futura Block
chisel:futura:3, Futura Block
chisel:futura:4, Futura Block
chisel:futura:5, Futura Block
chisel:futuraCircuit:0, Futura Circuit
chisel:futuraCircuit:1, Futura Circuit
chisel:futuraCircuit:2, Futura Circuit
chisel:futuraCircuit:3, Futura Circuit
chisel:futuraCircuit:4, Futura Circuit
chisel:futuraCircuit:5, Futura Circuit
chisel:futuraCircuit:6, Futura Circuit
chisel:futuraCircuit:7, Futura Circuit
chisel:futuraCircuit:8, Futura Circuit
chisel:futuraCircuit:9, Futura Circuit
chisel:futuraCircuit:10, Futura Circuit
chisel:futuraCircuit:11, Futura Circuit
chisel:futuraCircuit:12, Futura Circuit
chisel:futuraCircuit:13, Futura Circuit
chisel:futuraCircuit:14, Futura Circuit
chisel:futuraCircuit:15, Futura Circuit
chisel:glass:1, Glass
chisel:glass:2, Glass
chisel:glass:3, Glass
chisel:glass:4, Glass
chisel:glass:5, Glass
chisel:glass:6, Glass
chisel:glass:7, Glass
chisel:glass:8, Glass
chisel:glass:9, Glass
chisel:glass:10, Glass
chisel:glass:11, Glass
chisel:glass:12, Glass
chisel:glass:13, Glass
chisel:glass:14, Glass
chisel:glass:15, Glass
chisel:glass2:0, Glass
chisel:glass_pane:1, Glass Pane
chisel:glass_pane:2, Glass Pane
chisel:glass_pane:3, Glass Pane
chisel:glass_pane:4, Glass Pane
chisel:glass_pane:12, Glass Pane
chisel:glass_pane:13, Glass Pane
chisel:glass_pane:14, Glass Pane
chisel:glass_pane:15, Glass Pane
chisel:stained_glass_forestry:0, Stained Glass
chisel:stained_glass_forestry:1, Stained Glass
chisel:stained_glass_forestry:2, Stained Glass
chisel:stained_glass_forestry:3, Stained Glass
chisel:stained_glass_forestry:4, Stained Glass
chisel:stained_glass_forestry:5, Stained Glass
chisel:stained_glass_forestry:6, Stained Glass
chisel:stained_glass_forestry:7, Stained Glass
chisel:stained_glass_forestry:8, Stained Glass
chisel:stained_glass_forestry:9, Stained Glass
chisel:stained_glass_forestry:10, Stained Glass
chisel:stained_glass_forestry:11, Stained Glass
chisel:stained_glass_forestry:12, Stained Glass
chisel:stained_glass_forestry:13, Stained Glass
chisel:stained_glass_forestry:14, Stained Glass
chisel:stained_glass_forestry:15, Stained Glass
chisel:stained_glass_white:0, Stained Glass
chisel:stained_glass_white:1, Stained Glass
chisel:stained_glass_white:2, Stained Glass
chisel:stained_glass_white:3, Stained Glass
chisel:stained_glass_white:4, Stained Glass
chisel:stained_glass_white:5, Stained Glass
chisel:stained_glass_white:6, Stained Glass
chisel:stained_glass_white:7, Stained Glass
chisel:stained_glass_white:8, Stained Glass
chisel:stained_glass_white:9, Stained Glass
chisel:stained_glass_white:10, Stained Glass
chisel:stained_glass_white:11, Stained Glass
chisel:stained_glass_white:12, Stained Glass
chisel:stained_glass_white:13, Stained Glass
chisel:stained_glass_white:14, Stained Glass
chisel:stained_glass_white:15, Stained Glass
chisel:stained_glass_yellow:0, Stained Glass
chisel:stained_glass_yellow:1, Stained Glass
chisel:stained_glass_yellow:2, Stained Glass
chisel:stained_glass_yellow:3, Stained Glass
chisel:stained_glass_yellow:4, Stained Glass
chisel:stained_glass_yellow:5, Stained Glass
chisel:stained_glass_yellow:6, Stained Glass
chisel:stained_glass_yellow:7, Stained Glass
chisel:stained_glass_yellow:8, Stained Glass
chisel:stained_glass_yellow:9, Stained Glass
chisel:stained_glass_yellow:10, Stained Glass
chisel:stained_glass_yellow:11, Stained Glass
chisel:stained_glass_yellow:12, Stained Glass
chisel:stained_glass_yellow:13, Stained Glass
chisel:stained_glass_yellow:14, Stained Glass
chisel:stained_glass_yellow:15, Stained Glass
chisel:stained_glass_lightgray:0, Stained Glass
chisel:stained_glass_lightgray:1, Stained Glass
chisel:stained_glass_lightgray:2, Stained Glass
chisel:stained_glass_lightgray:3, Stained Glass
chisel:stained_glass_lightgray:4, Stained Glass
chisel:stained_glass_lightgray:5, Stained Glass
chisel:stained_glass_lightgray:6, Stained Glass
chisel:stained_glass_lightgray:7, Stained Glass
chisel:stained_glass_lightgray:8, Stained Glass
chisel:stained_glass_lightgray:9, Stained Glass
chisel:stained_glass_lightgray:10, Stained Glass
chisel:stained_glass_lightgray:11, Stained Glass
chisel:stained_glass_lightgray:12, Stained Glass
chisel:stained_glass_lightgray:13, Stained Glass
chisel:stained_glass_lightgray:14, Stained Glass
chisel:stained_glass_lightgray:15, Stained Glass
chisel:stained_glass_brown:0, Stained Glass
chisel:stained_glass_brown:1, Stained Glass
chisel:stained_glass_brown:2, Stained Glass
chisel:stained_glass_brown:3, Stained Glass
chisel:stained_glass_brown:4, Stained Glass
chisel:stained_glass_brown:5, Stained Glass
chisel:stained_glass_brown:6, Stained Glass
chisel:stained_glass_brown:7, Stained Glass
chisel:stained_glass_brown:8, Stained Glass
chisel:stained_glass_brown:9, Stained Glass
chisel:stained_glass_brown:10, Stained Glass
chisel:stained_glass_brown:11, Stained Glass
chisel:stained_glass_brown:12, Stained Glass
chisel:stained_glass_brown:13, Stained Glass
chisel:stained_glass_brown:14, Stained Glass
chisel:stained_glass_brown:15, Stained Glass
chisel:stained_glass_pane_white:0, Stained Glass Pane
chisel:stained_glass_pane_white:1, Stained Glass Pane
chisel:stained_glass_pane_white:2, Stained Glass Pane
chisel:stained_glass_pane_white:3, Stained Glass Pane
chisel:stained_glass_pane_white:4, Stained Glass Pane
chisel:stained_glass_pane_white:5, Stained Glass Pane
chisel:stained_glass_pane_white:8, Stained Glass Pane
chisel:stained_glass_pane_white:9, Stained Glass Pane
chisel:stained_glass_pane_white:10, Stained Glass Pane
chisel:stained_glass_pane_white:11, Stained Glass Pane
chisel:stained_glass_pane_white:12, Stained Glass Pane
chisel:stained_glass_pane_white:13, Stained Glass Pane
chisel:stained_glass_pane_magenta:0, Stained Glass Pane
chisel:stained_glass_pane_magenta:1, Stained Glass Pane
chisel:stained_glass_pane_magenta:2, Stained Glass Pane
chisel:stained_glass_pane_magenta:3, Stained Glass Pane
chisel:stained_glass_pane_magenta:4, Stained Glass Pane
chisel:stained_glass_pane_magenta:5, Stained Glass Pane
chisel:stained_glass_pane_magenta:8, Stained Glass Pane
chisel:stained_glass_pane_magenta:9, Stained Glass Pane
chisel:stained_glass_pane_magenta:10, Stained Glass Pane
chisel:stained_glass_pane_magenta:11, Stained Glass Pane
chisel:stained_glass_pane_magenta:12, Stained Glass Pane
chisel:stained_glass_pane_magenta:13, Stained Glass Pane
chisel:stained_glass_pane_yellow:0, Stained Glass Pane
chisel:stained_glass_pane_yellow:1, Stained Glass Pane
chisel:stained_glass_pane_yellow:2, Stained Glass Pane
chisel:stained_glass_pane_yellow:3, Stained Glass Pane
chisel:stained_glass_pane_yellow:4, Stained Glass Pane
chisel:stained_glass_pane_yellow:5, Stained Glass Pane
chisel:stained_glass_pane_yellow:8, Stained Glass Pane
chisel:stained_glass_pane_yellow:9, Stained Glass Pane
chisel:stained_glass_pane_yellow:10, Stained Glass Pane
chisel:stained_glass_pane_yellow:11, Stained Glass Pane
chisel:stained_glass_pane_yellow:12, Stained Glass Pane
chisel:stained_glass_pane_yellow:13, Stained Glass Pane
chisel:stained_glass_pane_pink:0, Stained Glass Pane
chisel:stained_glass_pane_pink:1, Stained Glass Pane
chisel:stained_glass_pane_pink:2, Stained Glass Pane
chisel:stained_glass_pane_pink:3, Stained Glass Pane
chisel:stained_glass_pane_pink:4, Stained Glass Pane
chisel:stained_glass_pane_pink:5, Stained Glass Pane
chisel:stained_glass_pane_pink:8, Stained Glass Pane
chisel:stained_glass_pane_pink:9, Stained Glass Pane
chisel:stained_glass_pane_pink:10, Stained Glass Pane
chisel:stained_glass_pane_pink:11, Stained Glass Pane
chisel:stained_glass_pane_pink:12, Stained Glass Pane
chisel:stained_glass_pane_pink:13, Stained Glass Pane
chisel:stained_glass_pane_lightgray:0, Stained Glass Pane
chisel:stained_glass_pane_lightgray:1, Stained Glass Pane
chisel:stained_glass_pane_lightgray:2, Stained Glass Pane
chisel:stained_glass_pane_lightgray:3, Stained Glass Pane
chisel:stained_glass_pane_lightgray:4, Stained Glass Pane
chisel:stained_glass_pane_lightgray:5, Stained Glass Pane
chisel:stained_glass_pane_lightgray:8, Stained Glass Pane
chisel:stained_glass_pane_lightgray:9, Stained Glass Pane
chisel:stained_glass_pane_lightgray:10, Stained Glass Pane
chisel:stained_glass_pane_lightgray:11, Stained Glass Pane
chisel:stained_glass_pane_lightgray:12, Stained Glass Pane
chisel:stained_glass_pane_lightgray:13, Stained Glass Pane
chisel:stained_glass_pane_purple:0, Stained Glass Pane
chisel:stained_glass_pane_purple:1, Stained Glass Pane
chisel:stained_glass_pane_purple:2, Stained Glass Pane
chisel:stained_glass_pane_purple:3, Stained Glass Pane
chisel:stained_glass_pane_purple:4, Stained Glass Pane
chisel:stained_glass_pane_purple:5, Stained Glass Pane
chisel:stained_glass_pane_purple:8, Stained Glass Pane
chisel:stained_glass_pane_purple:9, Stained Glass Pane
chisel:stained_glass_pane_purple:10, Stained Glass Pane
chisel:stained_glass_pane_purple:11, Stained Glass Pane
chisel:stained_glass_pane_purple:12, Stained Glass Pane
chisel:stained_glass_pane_purple:13, Stained Glass Pane
chisel:stained_glass_pane_brown:0, Stained Glass Pane
chisel:stained_glass_pane_brown:1, Stained Glass Pane
chisel:stained_glass_pane_brown:2, Stained Glass Pane
chisel:stained_glass_pane_brown:3, Stained Glass Pane
chisel:stained_glass_pane_brown:4, Stained Glass Pane
chisel:stained_glass_pane_brown:5, Stained Glass Pane
chisel:stained_glass_pane_brown:8, Stained Glass Pane
chisel:stained_glass_pane_brown:9, Stained Glass Pane
chisel:stained_glass_pane_brown:10, Stained Glass Pane
chisel:stained_glass_pane_brown:11, Stained Glass Pane
chisel:stained_glass_pane_brown:12, Stained Glass Pane
chisel:stained_glass_pane_brown:13, Stained Glass Pane
chisel:stained_glass_pane_red:0, Stained Glass Pane
chisel:stained_glass_pane_red:1, Stained Glass Pane
chisel:stained_glass_pane_red:2, Stained Glass Pane
chisel:stained_glass_pane_red:3, Stained Glass Pane
chisel:stained_glass_pane_red:4, Stained Glass Pane
chisel:stained_glass_pane_red:5, Stained Glass Pane
chisel:stained_glass_pane_red:8, Stained Glass Pane
chisel:stained_glass_pane_red:9, Stained Glass Pane
chisel:stained_glass_pane_red:10, Stained Glass Pane
chisel:stained_glass_pane_red:11, Stained Glass Pane
chisel:stained_glass_pane_red:12, Stained Glass Pane
chisel:stained_glass_pane_red:13, Stained Glass Pane
chisel:glowstone:1, Glowstone
chisel:glowstone:2, Glowstone
chisel:glowstone:3, Glowstone
chisel:glowstone:4, Glowstone
chisel:glowstone:5, Glowstone
chisel:glowstone:6, Glowstone
chisel:glowstone:7, Glowstone
chisel:glowstone:8, Glowstone
chisel:glowstone:9, Glowstone
chisel:glowstone:10, Glowstone
chisel:glowstone:11, Glowstone
chisel:glowstone:12, Glowstone
chisel:glowstone:13, Glowstone
chisel:glowstone:14, Glowstone
chisel:glowstone:15, Glowstone
chisel:gold2:0, Block of Gold
chisel:gold2:1, Block of Gold
chisel:gold2:2, Block of Gold
chisel:gold2:3, Block of Gold
chisel:gold2:4, Block of Gold
chisel:gold2:5, Block of Gold
chisel:gold_block:1, Gold Block
chisel:gold_block:2, Gold Block
chisel:gold_block:3, Gold Block
chisel:gold_block:4, Gold Block
chisel:gold_block:5, Gold Block
chisel:gold_block:6, Gold Block
chisel:gold_block:7, Gold Block
chisel:gold_block:8, Gold Block
chisel:gold_block:9, Gold Block
chisel:gold_block:10, Gold Block
chisel:gold_block:11, Gold Block
chisel:gold_block:12, Gold Block
chisel:gold_block:13, Gold Block
chisel:gold_block:14, Gold Block
chisel:granite:0, Granite
chisel:granite:1, Granite
chisel:granite:2, Granite
chisel:granite:3, Granite
chisel:granite:4, Granite
chisel:granite:5, Granite
chisel:granite:6, Granite
chisel:grimstone:0, Grimstone
chisel:grimstone:1, Grimstone
chisel:grimstone:2, Grimstone
chisel:grimstone:3, Grimstone
chisel:grimstone:4, Grimstone
chisel:grimstone:5, Grimstone
chisel:grimstone:6, Grimstone
chisel:grimstone:7, Grimstone
chisel:grimstone:8, Grimstone
chisel:grimstone:9, Grimstone
chisel:grimstone:10, Grimstone
chisel:grimstone:11, Grimstone
chisel:grimstone:12, Grimstone
chisel:grimstone:13, Grimstone
chisel:grimstone:14, Grimstone
chisel:hexPlating:0, Hex Plating
chisel:hexPlating:1, Hex Plating
chisel:hexPlating:2, Hex Plating
chisel:hexPlating:3, Hex Plating
chisel:hexPlating:4, Hex Plating
chisel:hexPlating:5, Hex Plating
chisel:hexPlating:6, Hex Plating
chisel:hexPlating:7, Hex Plating
chisel:hexPlating:8, Hex Plating
chisel:hexPlating:9, Hex Plating
chisel:hexPlating:10, Hex Plating
chisel:hexPlating:11, Hex Plating
chisel:hexPlating:12, Hex Plating
chisel:hexPlating:13, Hex Plating
chisel:hexPlating:14, Hex Plating
chisel:hexPlating:15, Hex Plating
chisel:hexLargePlating:0, Large Hex Plating
chisel:hexLargePlating:1, Large Hex Plating
chisel:hexLargePlating:2, Large Hex Plating
chisel:hexLargePlating:3, Large Hex Plating
chisel:hexLargePlating:4, Large Hex Plating
chisel:hexLargePlating:5, Large Hex Plating
chisel:hexLargePlating:6, Large Hex Plating
chisel:hexLargePlating:7, Large Hex Plating
chisel:hexLargePlating:8, Large Hex Plating
chisel:hexLargePlating:9, Large Hex Plating
chisel:hexLargePlating:10, Large Hex Plating
chisel:hexLargePlating:11, Large Hex Plating
chisel:hexLargePlating:12, Large Hex Plating
chisel:hexLargePlating:13, Large Hex Plating
chisel:hexLargePlating:14, Large Hex Plating
chisel:hexLargePlating:15, Large Hex Plating
chisel:holystone:0, Holystone
chisel:holystone:1, Holystone
chisel:holystone:2, Holystone
chisel:holystone:3, Holystone
chisel:holystone:4, Holystone
chisel:holystone:5, Holystone
chisel:holystone:6, Holystone
chisel:holystone:7, Holystone
chisel:holystone:8, Holystone
chisel:holystone:9, Holystone
chisel:holystone:10, Holystone
chisel:holystone:11, Holystone
chisel:holystone:12, Holystone
chisel:holystone:13, Holystone
chisel:ice:1, Ice
chisel:ice:2, Ice
chisel:ice:3, Ice
chisel:ice:4, Ice
chisel:ice:5, Ice
chisel:ice:6, Ice
chisel:ice:7, Ice
chisel:ice:8, Ice
chisel:ice:9, Ice
chisel:ice:10, Ice
chisel:ice:11, Ice
chisel:ice:12, Ice
chisel:ice:13, Ice
chisel:ice:14, Ice
chisel:ice:15, Ice
chisel:ice_pillar:0, Ice Pillar
chisel:ice_pillar:1, Ice Pillar
chisel:ice_pillar:2, Ice Pillar
chisel:ice_pillar:3, Ice Pillar
chisel:ice_pillar:4, Ice Pillar
chisel:ice_pillar:5, Ice Pillar
chisel:ice_pillar:6, Ice Pillar
chisel:ice_stairs.0:0, Ice Stairs
chisel:ice_stairs.0:8, Ice Stairs
chisel:ice_stairs.1:0, Ice Stairs
chisel:ice_stairs.1:8, Ice Stairs
chisel:ice_stairs.2:0, Ice Stairs
chisel:ice_stairs.2:8, Ice Stairs
chisel:ice_stairs.3:0, Ice Stairs
chisel:ice_stairs.3:8, Ice Stairs
chisel:ice_stairs.4:0, Ice Stairs
chisel:ice_stairs.4:8, Ice Stairs
chisel:ice_stairs.5:0, Ice Stairs
chisel:ice_stairs.5:8, Ice Stairs
chisel:ice_stairs.6:0, Ice Stairs
chisel:ice_stairs.6:8, Ice Stairs
chisel:ice_stairs.7:0, Ice Stairs
chisel:ice_stairs.7:8, Ice Stairs
chisel:iron_bars:1, Iron Bars
chisel:iron_bars:2, Iron Bars
chisel:iron_bars:3, Iron Bars
chisel:iron_bars:4, Iron Bars
chisel:iron_bars:5, Iron Bars
chisel:iron_bars:6, Iron Bars
chisel:iron_bars:7, Iron Bars
chisel:iron_bars:8, Iron Bars
chisel:iron_bars:9, Iron Bars
chisel:iron2:0, Block of Iron
chisel:iron2:1, Block of Iron
chisel:iron2:2, Block of Iron
chisel:iron2:3, Block of Iron
chisel:iron2:4, Block of Iron
chisel:iron2:5, Block of Iron
chisel:iron_block:1, Iron Block
chisel:iron_block:2, Iron Block
chisel:iron_block:3, Iron Block
chisel:iron_block:4, Iron Block
chisel:iron_block:5, Iron Block
chisel:iron_block:6, Iron Block
chisel:iron_block:7, Iron Block
chisel:iron_block:8, Iron Block
chisel:iron_block:9, Iron Block
chisel:iron_block:10, Iron Block
chisel:iron_block:11, Iron Block
chisel:iron_block:12, Iron Block
chisel:iron_block:13, Iron Block
chisel:iron_block:14, Iron Block
chisel:iron_block:15, Iron Block
chisel:jackolantern1:0, Jack o'Lantern
chisel:jackolantern2:0, Jack o'Lantern
chisel:jackolantern3:0, Jack o'Lantern
chisel:jackolantern4:0, Jack o'Lantern
chisel:jackolantern5:0, Jack o'Lantern
chisel:jackolantern6:0, Jack o'Lantern
chisel:jackolantern7:0, Jack o'Lantern
chisel:jackolantern8:0, Jack o'Lantern
chisel:jackolantern9:0, Jack o'Lantern
chisel:jackolantern10:0, Jack o'Lantern
chisel:jackolantern11:0, Jack o'Lantern
chisel:jackolantern12:0, Jack o'Lantern
chisel:jackolantern13:0, Jack o'Lantern
chisel:jackolantern14:0, Jack o'Lantern
chisel:jackolantern15:0, Jack o'Lantern
chisel:jackolantern16:0, Jack o'Lantern
chisel:laboratoryblock:0, Laboratory Block
chisel:laboratoryblock:1, Laboratory Block
chisel:laboratoryblock:2, Laboratory Block
chisel:laboratoryblock:3, Laboratory Block
chisel:laboratoryblock:4, Laboratory Block
chisel:laboratoryblock:5, Laboratory Block
chisel:laboratoryblock:6, Laboratory Block
chisel:laboratoryblock:7, Laboratory Block
chisel:laboratoryblock:8, Laboratory Block
chisel:laboratoryblock:9, Laboratory Block
chisel:laboratoryblock:10, Laboratory Block
chisel:laboratoryblock:11, Laboratory Block
chisel:laboratoryblock:12, Laboratory Block
chisel:laboratoryblock:13, Laboratory Block
chisel:laboratoryblock:14, Laboratory Block
chisel:laboratoryblock:15, Laboratory Block
chisel:lapis_block:1, Lapis Block
chisel:lapis_block:2, Lapis Block
chisel:lapis_block:3, Lapis Block
chisel:lapis_block:4, Lapis Block
chisel:lapis_block:5, Lapis Block
chisel:lapis_block:6, Lapis Block
chisel:lapis_block:7, Lapis Block
chisel:lapis_block:8, Lapis Block
chisel:lavastone:0, Lavastone
chisel:lavastone:1, Lavastone
chisel:lavastone:2, Lavastone
chisel:lavastone:3, Lavastone
chisel:lavastone:4, Lavastone
chisel:lavastone:5, Lavastone
chisel:lavastone:6, Lavastone
chisel:lavastone:7, Lavastone
chisel:leadblock:0, Block of Lead
chisel:leadblock:1, Block of Lead
chisel:leadblock:2, Block of Lead
chisel:leadblock:3, Block of Lead
chisel:leadblock:4, Block of Lead
chisel:leadblock:5, Block of Lead
chisel:leaves:6, Leaves
chisel:leaves:7, Leaves
chisel:leaves:8, Leaves
chisel:leaves:9, Leaves
chisel:leaves:10, Leaves
chisel:leaves:11, Leaves
chisel:leaves:12, Leaves
chisel:limestone:0, Limestone
chisel:limestone:1, Limestone
chisel:limestone:2, Limestone
chisel:limestone:3, Limestone
chisel:limestone:4, Limestone
chisel:limestone:5, Limestone
chisel:limestone:6, Limestone
chisel:limestone:7, Limestone
chisel:limestone:8, Limestone
chisel:limestone:9, Limestone
chisel:limestone:10, Limestone
chisel:limestone:11, Limestone
chisel:limestone:12, Limestone
chisel:limestone:13, Limestone
chisel:limestone:14, Limestone
chisel:limestone:15, Limestone
chisel:limestone_slab:0, Limestone Slab
chisel:limestone_slab:1, Limestone Slab
chisel:limestone_slab:2, Limestone Slab
chisel:limestone_slab:3, Limestone Slab
chisel:limestone_slab:4, Limestone Slab
chisel:limestone_slab:5, Limestone Slab
chisel:limestone_slab:6, Limestone Slab
chisel:limestone_slab:7, Limestone Slab
chisel:limestone_slab:8, Limestone Slab
chisel:limestone_slab:9, Limestone Slab
chisel:limestone_slab:10, Limestone Slab
chisel:limestone_slab:11, Limestone Slab
chisel:limestone_slab:12, Limestone Slab
chisel:limestone_slab:13, Limestone Slab
chisel:limestone_slab:14, Limestone Slab
chisel:limestone_slab:15, Limestone Slab
chisel:limestone_stairs.0:0, Limestone Stairs
chisel:limestone_stairs.0:8, Limestone Stairs
chisel:limestone_stairs.1:0, Limestone Stairs
chisel:limestone_stairs.1:8, Limestone Stairs
chisel:limestone_stairs.2:0, Limestone Stairs
chisel:limestone_stairs.2:8, Limestone Stairs
chisel:limestone_stairs.3:0, Limestone Stairs
chisel:limestone_stairs.3:8, Limestone Stairs
chisel:limestone_stairs.4:0, Limestone Stairs
chisel:limestone_stairs.4:8, Limestone Stairs
chisel:limestone_stairs.5:0, Limestone Stairs
chisel:limestone_stairs.5:8, Limestone Stairs
chisel:limestone_stairs.6:0, Limestone Stairs
chisel:limestone_stairs.6:8, Limestone Stairs
chisel:limestone_stairs.7:0, Limestone Stairs
chisel:limestone_stairs.7:8, Limestone Stairs
chisel:marble:0, Marble
chisel:marble:1, Marble
chisel:marble:2, Marble
chisel:marble:3, Marble
chisel:marble:4, Marble
chisel:marble:5, Marble
chisel:marble:6, Marble
chisel:marble:7, Marble
chisel:marble:8, Marble
chisel:marble:9, Marble
chisel:marble:10, Marble
chisel:marble:11, Marble
chisel:marble:12, Marble
chisel:marble:13, Marble
chisel:marble:14, Marble
chisel:marble:15, Marble
chisel:marble_slab:0, Marble Slab
chisel:marble_slab:1, Marble Slab
chisel:marble_slab:2, Marble Slab
chisel:marble_slab:3, Marble Slab
chisel:marble_slab:4, Marble Slab
chisel:marble_slab:5, Marble Slab
chisel:marble_slab:6, Marble Slab
chisel:marble_slab:7, Marble Slab
chisel:marble_slab:8, Marble Slab
chisel:marble_slab:9, Marble Slab
chisel:marble_slab:10, Marble Slab
chisel:marble_slab:11, Marble Slab
chisel:marble_slab:12, Marble Slab
chisel:marble_slab:13, Marble Slab
chisel:marble_slab:14, Marble Slab
chisel:marble_slab:15, Marble Slab
chisel:marble_stairs.0:0, Marble Stairs
chisel:marble_stairs.0:8, Marble Stairs
chisel:marble_stairs.1:0, Marble Stairs
chisel:marble_stairs.1:8, Marble Stairs
chisel:marble_stairs.2:0, Marble Stairs
chisel:marble_stairs.2:8, Marble Stairs
chisel:marble_stairs.3:0, Marble Stairs
chisel:marble_stairs.3:8, Marble Stairs
chisel:marble_stairs.4:0, Marble Stairs
chisel:marble_stairs.4:8, Marble Stairs
chisel:marble_stairs.5:0, Marble Stairs
chisel:marble_stairs.5:8, Marble Stairs
chisel:marble_stairs.6:0, Marble Stairs
chisel:marble_stairs.6:8, Marble Stairs
chisel:marble_stairs.7:0, Marble Stairs
chisel:marble_stairs.7:8, Marble Stairs
chisel:marble_pillar:0, Marble Pillar
chisel:marble_pillar:1, Marble Pillar
chisel:marble_pillar:2, Marble Pillar
chisel:marble_pillar:3, Marble Pillar
chisel:marble_pillar:4, Marble Pillar
chisel:marble_pillar:5, Marble Pillar
chisel:marble_pillar:6, Marble Pillar
chisel:marble_pillar:7, Marble Pillar
chisel:marble_pillar:8, Marble Pillar
chisel:marble_pillar:9, Marble Pillar
chisel:marble_pillar:10, Marble Pillar
chisel:marble_pillar:11, Marble Pillar
chisel:marble_pillar:12, Marble Pillar
chisel:marble_pillar:13, Marble Pillar
chisel:marble_pillar:14, Marble Pillar
chisel:marble_pillar:15, Marble Pillar
chisel:marble_pillar_slab:0, Marble Pillar Slab
chisel:marble_pillar_slab:1, Marble Pillar Slab
chisel:marble_pillar_slab:2, Marble Pillar Slab
chisel:marble_pillar_slab:3, Marble Pillar Slab
chisel:marble_pillar_slab:4, Marble Pillar Slab
chisel:marble_pillar_slab:5, Marble Pillar Slab
chisel:marble_pillar_slab:6, Marble Pillar Slab
chisel:marble_pillar_slab:7, Marble Pillar Slab
chisel:marble_pillar_slab:8, Marble Pillar Slab
chisel:marble_pillar_slab:9, Marble Pillar Slab
chisel:marble_pillar_slab:10, Marble Pillar Slab
chisel:marble_pillar_slab:11, Marble Pillar Slab
chisel:marble_pillar_slab:12, Marble Pillar Slab
chisel:marble_pillar_slab:13, Marble Pillar Slab
chisel:marble_pillar_slab:14, Marble Pillar Slab
chisel:marble_pillar_slab:15, Marble Pillar Slab
chisel:nation:0, Imperialistic Block
chisel:nation:1, Imperialistic Block
chisel:nation:2, Imperialistic Block
chisel:nation:3, Imperialistic Block
chisel:nation:4, Imperialistic Block
chisel:rebel:0, Rebellious Block
chisel:rebel:1, Rebellious Block
chisel:rebel:2, Rebellious Block
chisel:rebel:3, Rebellious Block
chisel:rebel:4, Rebellious Block
chisel:nether_brick:1, Nether Brick
chisel:nether_brick:2, Nether Brick
chisel:nether_brick:3, Nether Brick
chisel:nether_brick:4, Nether Brick
chisel:nether_brick:5, Nether Brick
chisel:nether_brick:6, Nether Brick
chisel:nether_brick:7, Nether Brick
chisel:nether_brick:8, Nether Brick
chisel:nether_brick:9, Nether Brick
chisel:nether_brick:10, Nether Brick
chisel:nether_brick:11, Nether Brick
chisel:nether_brick:12, Nether Brick
chisel:nether_brick:13, Nether Brick
chisel:nether_brick:14, Nether Brick
chisel:nether_brick:15, Nether Brick
chisel:netherrack:1, Netherrack
chisel:netherrack:2, Netherrack
chisel:netherrack:3, Netherrack
chisel:netherrack:4, Netherrack
chisel:netherrack:5, Netherrack
chisel:netherrack:6, Netherrack
chisel:netherrack:7, Netherrack
chisel:netherrack:8, Netherrack
chisel:netherrack:9, Netherrack
chisel:netherrack:10, Netherrack
chisel:netherrack:11, Netherrack
chisel:netherrack:12, Netherrack
chisel:netherrack:13, Netherrack
chisel:netherrack:14, Netherrack
chisel:obsidian:1, Obsidian
chisel:obsidian:2, Obsidian
chisel:obsidian:3, Obsidian
chisel:obsidian:4, Obsidian
chisel:obsidian:5, Obsidian
chisel:obsidian:6, Obsidian
chisel:obsidian:7, Obsidian
chisel:obsidian:8, Obsidian
chisel:obsidian:9, Obsidian
chisel:obsidian:10, Obsidian
chisel:obsidian:11, Obsidian
chisel:obsidian:12, Obsidian
chisel:obsidian:13, Obsidian
chisel:obsidian:14, Obsidian
chisel:obsidian:15, Obsidian
chisel:packedice:1, Packed Ice
chisel:packedice:2, Packed Ice
chisel:packedice:3, Packed Ice
chisel:packedice:4, Packed Ice
chisel:packedice:5, Packed Ice
chisel:packedice:6, Packed Ice
chisel:packedice:7, Packed Ice
chisel:packedice:8, Packed Ice
chisel:packedice:9, Packed Ice
chisel:packedice:10, Packed Ice
chisel:packedice:11, Packed Ice
chisel:packedice:12, Packed Ice
chisel:packedice:13, Packed Ice
chisel:packedice:14, Packed Ice
chisel:packedice:15, Packed Ice
chisel:packedice_pillar:0, Packed Ice Pillar
chisel:packedice_pillar:1, Packed Ice Pillar
chisel:packedice_pillar:2, Packed Ice Pillar
chisel:packedice_pillar:3, Packed Ice Pillar
chisel:packedice_pillar:4, Packed Ice Pillar
chisel:packedice_pillar:5, Packed Ice Pillar
chisel:packedice_pillar:6, Packed Ice Pillar
chisel:packedice_stairs.0:0, Packed Ice Stairs
chisel:packedice_stairs.0:8, Packed Ice Stairs
chisel:packedice_stairs.1:0, Packed Ice Stairs
chisel:packedice_stairs.1:8, Packed Ice Stairs
chisel:packedice_stairs.2:0, Packed Ice Stairs
chisel:packedice_stairs.2:8, Packed Ice Stairs
chisel:packedice_stairs.3:0, Packed Ice Stairs
chisel:packedice_stairs.3:8, Packed Ice Stairs
chisel:packedice_stairs.4:0, Packed Ice Stairs
chisel:packedice_stairs.4:8, Packed Ice Stairs
chisel:packedice_stairs.5:0, Packed Ice Stairs
chisel:packedice_stairs.5:8, Packed Ice Stairs
chisel:packedice_stairs.6:0, Packed Ice Stairs
chisel:packedice_stairs.6:8, Packed Ice Stairs
chisel:packedice_stairs.7:0, Packed Ice Stairs
chisel:packedice_stairs.7:8, Packed Ice Stairs
chisel:paperwall:0, Paperwall
chisel:paperwall:1, Paperwall
chisel:paperwall:2, Paperwall
chisel:paperwall:3, Paperwall
chisel:paperwall:4, Paperwall
chisel:paperwall:5, Paperwall
chisel:paperwall:6, Paperwall
chisel:paperwall:7, Paperwall
chisel:paperwall:8, Paperwall
chisel:paperwall_block:0, Paperwall Block
chisel:paperwall_block:1, Paperwall Block
chisel:paperwall_block:2, Paperwall Block
chisel:paperwall_block:3, Paperwall Block
chisel:paperwall_block:4, Paperwall Block
chisel:paperwall_block:5, Paperwall Block
chisel:paperwall_block:6, Paperwall Block
chisel:paperwall_block:7, Paperwall Block
chisel:paperwall_block:8, Paperwall Block
chisel:present:0, Present
chisel:present:1, Present
chisel:present:2, Present
chisel:present:3, Present
chisel:present:4, Present
chisel:present:5, Present
chisel:present:6, Present
chisel:present:7, Present
chisel:present:8, Present
chisel:present:9, Present
chisel:present:10, Present
chisel:present:11, Present
chisel:present:12, Present
chisel:present:13, Present
chisel:present:14, Present
chisel:present:15, Present
chisel:pumpkin1:0, Pumpkin
chisel:pumpkin2:0, Pumpkin
chisel:pumpkin3:0, Pumpkin
chisel:pumpkin4:0, Pumpkin
chisel:pumpkin5:0, Pumpkin
chisel:pumpkin6:0, Pumpkin
chisel:pumpkin7:0, Pumpkin
chisel:pumpkin8:0, Pumpkin
chisel:pumpkin9:0, Pumpkin
chisel:pumpkin10:0, Pumpkin
chisel:pumpkin11:0, Pumpkin
chisel:pumpkin12:0, Pumpkin
chisel:pumpkin13:0, Pumpkin
chisel:pumpkin14:0, Pumpkin
chisel:pumpkin15:0, Pumpkin
chisel:pumpkin16:0, Pumpkin
chisel:purpur:0, Purpur Block
chisel:purpur:1, Purpur Block
chisel:purpur:2, Purpur Block
chisel:purpur:3, Purpur Block
chisel:purpur:4, Purpur Block
chisel:purpur:5, Purpur Block
chisel:purpur:6, Purpur Block
chisel:purpur:7, Purpur Block
chisel:purpur:8, Purpur Block
chisel:purpur:9, Purpur Block
chisel:purpur:10, Purpur Block
chisel:redstone_block:1, Redstone Block
chisel:redstone_block:2, Redstone Block
chisel:redstone_block:3, Redstone Block
chisel:redstone_block:4, Redstone Block
chisel:redstone_block:5, Redstone Block
chisel:redstone_block:6, Redstone Block
chisel:redstone_block:7, Redstone Block
chisel:redstone_block:8, Redstone Block
chisel:redstone_block:9, Redstone Block
chisel:redstone_block:10, Redstone Block
chisel:redstone_block:11, Redstone Block
chisel:redstone_block:12, Redstone Block
chisel:redstone_block:13, Redstone Block
chisel:redstone_block:14, Redstone Block
chisel:redstone_block:15, Redstone Block
chisel:road_line:0, Road Lines
chisel:road_line:1, Road Lines
chisel:road_line:2, Road Lines
chisel:road_line:3, Road Lines
chisel:sandstone:0, Sandstone
chisel:sandstone:1, Sandstone
chisel:sandstone:2, Sandstone
chisel:sandstone:3, Sandstone
chisel:sandstone:4, Sandstone
chisel:sandstone:5, Sandstone
chisel:sandstone:6, Sandstone
chisel:sandstone:7, Sandstone
chisel:sandstone:8, Sandstone
chisel:sandstone:9, Sandstone
chisel:sandstone:10, Sandstone
chisel:sandstone:11, Sandstone
chisel:sandstone:12, Sandstone
chisel:sandstone:13, Sandstone
chisel:sandstone:14, Sandstone
chisel:sandstone:15, Sandstone
chisel:sandstone2:0, tile.chisel.sandstone2.name
chisel:sandstone2:1, tile.chisel.sandstone2.name
chisel:sandstone_scribbles:0, Sandstone Scribbles
chisel:sandstone_scribbles:1, Sandstone Scribbles
chisel:sandstone_scribbles:2, Sandstone Scribbles
chisel:sandstone_scribbles:3, Sandstone Scribbles
chisel:sandstone_scribbles:4, Sandstone Scribbles
chisel:sandstone_scribbles:5, Sandstone Scribbles
chisel:sandstone_scribbles:6, Sandstone Scribbles
chisel:sandstone_scribbles:7, Sandstone Scribbles
chisel:sandstone_scribbles:8, Sandstone Scribbles
chisel:sandstone_scribbles:9, Sandstone Scribbles
chisel:sandstone_scribbles:10, Sandstone Scribbles
chisel:sandstone_scribbles:11, Sandstone Scribbles
chisel:sandstone_scribbles:12, Sandstone Scribbles
chisel:sandstone_scribbles:13, Sandstone Scribbles
chisel:sandstone_scribbles:14, Sandstone Scribbles
chisel:sandstone_scribbles:15, Sandstone Scribbles
chisel:silverblock:0, Block of Silver
chisel:silverblock:1, Block of Silver
chisel:silverblock:2, Block of Silver
chisel:silverblock:3, Block of Silver
chisel:silverblock:4, Block of Silver
chisel:silverblock:5, Block of Silver
chisel:sand_snakestone:1, Sand Snakestone
chisel:sand_snakestone:13, Sand Snakestone
chisel:stone_snakestone:1, Stone Snakestone
chisel:stone_snakestone:13, Stone Snakestone
chisel:obsidian_snakestone:1, Obsidian Snakestone
chisel:obsidian_snakestone:13, Obsidian Snakestone
chisel:steelblock:0, Block of Steel
chisel:steelblock:1, Block of Steel
chisel:steelblock:2, Block of Steel
chisel:steelblock:3, Block of Steel
chisel:steelblock:4, Block of Steel
chisel:steelblock:5, Block of Steel
chisel:stonebricksmooth:0, Stone Bricks
chisel:stonebricksmooth:1, Stone Bricks
chisel:stonebricksmooth:2, Stone Bricks
chisel:stonebricksmooth:3, Stone Bricks
chisel:stonebricksmooth:4, Stone Bricks
chisel:stonebricksmooth:5, Stone Bricks
chisel:stonebricksmooth:6, Stone Bricks
chisel:stonebricksmooth:7, Stone Bricks
chisel:stonebricksmooth:8, Stone Bricks
chisel:stonebricksmooth:9, Stone Bricks
chisel:stonebricksmooth:10, Stone Bricks
chisel:stonebricksmooth:11, Stone Bricks
chisel:stonebricksmooth:12, Stone Bricks
chisel:stonebricksmooth:13, Stone Bricks
chisel:stonebricksmooth:14, Stone Bricks
chisel:stonebricksmooth:15, Stone Bricks
chisel:tallow:0, Block of Tallow
chisel:tallow:1, Block of Tallow
chisel:technical:0, Technical Block
chisel:technical:1, Technical Block
chisel:technical:2, Technical Block
chisel:technical:3, Technical Block
chisel:technical:4, Technical Block
chisel:technical:5, Technical Block
chisel:technical:6, Technical Block
chisel:technical:7, Technical Block
chisel:technical:8, Technical Block
chisel:technical:9, Technical Block
chisel:technical:10, Technical Block
chisel:technical:11, Technical Block
chisel:technical:12, Technical Block
chisel:technical:13, Technical Block
chisel:technical:14, Technical Block
chisel:technical:15, Technical Block
chisel:technical2:0, Transparent Technical Block
chisel:technical2:1, Transparent Technical Block
chisel:technical2:2, Transparent Technical Block
chisel:technical2:3, Transparent Technical Block
chisel:technical3:0, Industrial Technical Block
chisel:technical3:1, Industrial Technical Block
chisel:technical4:0, Technical Block
chisel:technical4:1, Technical Block
chisel:technical4:2, Technical Block
chisel:technical4:3, Technical Block
chisel:technical4:4, Technical Block
chisel:technical4:5, Technical Block
chisel:technical4:6, Technical Block
chisel:technical4:7, Technical Block
chisel:templeblock:0, Temple Block
chisel:templeblock:1, Temple Block
chisel:templeblock:2, Temple Block
chisel:templeblock:3, Temple Block
chisel:templeblock:4, Temple Block
chisel:templeblock:5, Temple Block
chisel:templeblock:6, Temple Block
chisel:templeblock:7, Temple Block
chisel:templeblock:8, Temple Block
chisel:templeblock:9, Temple Block
chisel:templeblock:10, Temple Block
chisel:templeblock:11, Temple Block
chisel:templeblock:12, Temple Block
chisel:templeblock:13, Temple Block
chisel:templeblock:14, Temple Block
chisel:templeblock:15, Temple Block
chisel:mossy_templeblock:0, Mossy Temple Block
chisel:mossy_templeblock:1, Mossy Temple Block
chisel:mossy_templeblock:2, Mossy Temple Block
chisel:mossy_templeblock:3, Mossy Temple Block
chisel:mossy_templeblock:4, Mossy Temple Block
chisel:mossy_templeblock:5, Mossy Temple Block
chisel:mossy_templeblock:6, Mossy Temple Block
chisel:mossy_templeblock:7, Mossy Temple Block
chisel:mossy_templeblock:8, Mossy Temple Block
chisel:mossy_templeblock:9, Mossy Temple Block
chisel:mossy_templeblock:10, Mossy Temple Block
chisel:mossy_templeblock:11, Mossy Temple Block
chisel:mossy_templeblock:12, Mossy Temple Block
chisel:mossy_templeblock:13, Mossy Temple Block
chisel:mossy_templeblock:14, Mossy Temple Block
chisel:mossy_templeblock:15, Mossy Temple Block
chisel:tinblock:0, Block of Tin
chisel:tinblock:1, Block of Tin
chisel:tinblock:2, Block of Tin
chisel:tinblock:3, Block of Tin
chisel:tinblock:4, Block of Tin
chisel:tinblock:5, Block of Tin
chisel:thaumium:0, Thaumium Block
chisel:thaumium:1, Thaumium Block
chisel:thaumium:2, Thaumium Block
chisel:thaumium:3, Thaumium Block
chisel:thaumium:4, Thaumium Block
chisel:thaumium:5, Thaumium Block
chisel:torch1, Torch
chisel:torch2, Torch
chisel:torch3, Torch
chisel:torch4, Torch
chisel:torch5, Torch
chisel:torch6, Torch
chisel:torch7, Torch
chisel:torch8, Torch
chisel:torch9, Torch
chisel:torch10, Torch
chisel:tyrian:0, Tyrian
chisel:tyrian:1, Tyrian
chisel:tyrian:2, Tyrian
chisel:tyrian:3, Tyrian
chisel:tyrian:4, Tyrian
chisel:tyrian:5, Tyrian
chisel:tyrian:6, Tyrian
chisel:tyrian:7, Tyrian
chisel:tyrian:8, Tyrian
chisel:tyrian:9, Tyrian
chisel:tyrian:10, Tyrian
chisel:tyrian:11, Tyrian
chisel:tyrian:12, Tyrian
chisel:tyrian:13, Tyrian
chisel:tyrian:14, Tyrian
chisel:tyrian:15, Tyrian
chisel:uraniumblock:0, Block of Uranium
chisel:uraniumblock:1, Block of Uranium
chisel:uraniumblock:2, Block of Uranium
chisel:uraniumblock:3, Block of Uranium
chisel:uraniumblock:4, Block of Uranium
chisel:uraniumblock:5, Block of Uranium
chisel:valentines:0, Valentines Block
chisel:valentines:1, Valentines Block
chisel:valentines:2, Valentines Block
chisel:valentines:3, Valentines Block
chisel:valentines:4, Valentines Block
chisel:valentines:5, Valentines Block
chisel:valentines:6, Valentines Block
chisel:valentines:7, Valentines Block
chisel:valentines:8, Valentines Block
chisel:valentines:9, Valentines Block
chisel:voidstone:0, Voidstone
chisel:voidstone:1, Voidstone
chisel:voidstone:2, Voidstone
chisel:voidstone:3, Voidstone
chisel:voidstone:4, Voidstone
chisel:voidstone:5, Voidstone
chisel:voidstone:6, Voidstone
chisel:voidstone:7, Voidstone
chisel:voidstone2:0, Energised Voidstone
chisel:voidstone2:1, Energised Voidstone
chisel:voidstone2:2, Energised Voidstone
chisel:voidstone2:3, Energised Voidstone
chisel:voidstone2:4, Energised Voidstone
chisel:voidstone2:5, Energised Voidstone
chisel:voidstone2:6, Energised Voidstone
chisel:voidstone2:7, Energised Voidstone
chisel:voidstoneRunic:1, Runic Voidstone
chisel:voidstoneRunic:2, Runic Voidstone
chisel:voidstoneRunic:3, Runic Voidstone
chisel:voidstoneRunic:4, Runic Voidstone
chisel:voidstoneRunic:5, Runic Voidstone
chisel:voidstoneRunic:6, Runic Voidstone
chisel:voidstoneRunic:7, Runic Voidstone
chisel:voidstoneRunic:8, Runic Voidstone
chisel:voidstoneRunic:9, Runic Voidstone
chisel:voidstoneRunic:10, Runic Voidstone
chisel:voidstoneRunic:11, Runic Voidstone
chisel:voidstoneRunic:12, Runic Voidstone
chisel:voidstoneRunic:13, Runic Voidstone
chisel:voidstoneRunic:14, Runic Voidstone
chisel:voidstoneRunic:15, Runic Voidstone
chisel:voidstonePillar:0, Voidstone Pillar
chisel:voidstonePillar2:0, Energised Voidstone Pillar
chisel:warningSign:0, Warning Sign
chisel:warningSign:1, Warning Sign
chisel:warningSign:2, Warning Sign
chisel:warningSign:3, Warning Sign
chisel:warningSign:4, Warning Sign
chisel:warningSign:5, Warning Sign
chisel:warningSign:6, Warning Sign
chisel:warningSign:7, Warning Sign
chisel:warningSign:8, Warning Sign
chisel:warningSign:9, Warning Sign
chisel:warningSign:10, Warning Sign
chisel:warningSign:11, Warning Sign
chisel:warningSign:12, Warning Sign
chisel:warningSign:13, Warning Sign
chisel:warningSign:14, Warning Sign
chisel:waterstone:0, Waterstone
chisel:waterstone:1, Waterstone
chisel:waterstone:2, Waterstone
chisel:waterstone:3, Waterstone
chisel:waterstone:4, Waterstone
chisel:waterstone:5, Waterstone
chisel:waterstone:6, Waterstone
chisel:oak_planks:1, Oak Wood Planks
chisel:oak_planks:2, Oak Wood Planks
chisel:oak_planks:6, Oak Wood Planks
chisel:oak_planks:8, Oak Wood Planks
chisel:oak_planks:9, Oak Wood Planks
chisel:oak_planks:10, Oak Wood Planks
chisel:oak_planks:11, Oak Wood Planks
chisel:oak_planks:13, Oak Wood Planks
chisel:oak_planks:3, Oak Wood Planks
chisel:oak_planks:4, Oak Wood Planks
chisel:oak_planks:5, Oak Wood Planks
chisel:oak_planks:7, Oak Wood Planks
chisel:oak_planks:12, Oak Wood Planks
chisel:oak_planks:14, Oak Wood Planks
chisel:oak_planks:15, Oak Wood Planks
chisel:spruce_planks:1, Spruce Wood Planks
chisel:spruce_planks:2, Spruce Wood Planks
chisel:spruce_planks:6, Spruce Wood Planks
chisel:spruce_planks:8, Spruce Wood Planks
chisel:spruce_planks:9, Spruce Wood Planks
chisel:spruce_planks:10, Spruce Wood Planks
chisel:spruce_planks:11, Spruce Wood Planks
chisel:spruce_planks:13, Spruce Wood Planks
chisel:spruce_planks:3, Spruce Wood Planks
chisel:spruce_planks:4, Spruce Wood Planks
chisel:spruce_planks:5, Spruce Wood Planks
chisel:spruce_planks:7, Spruce Wood Planks
chisel:spruce_planks:12, Spruce Wood Planks
chisel:spruce_planks:14, Spruce Wood Planks
chisel:spruce_planks:15, Spruce Wood Planks
chisel:birch_planks:1, Birch Wood Planks
chisel:birch_planks:2, Birch Wood Planks
chisel:birch_planks:6, Birch Wood Planks
chisel:birch_planks:8, Birch Wood Planks
chisel:birch_planks:9, Birch Wood Planks
chisel:birch_planks:10, Birch Wood Planks
chisel:birch_planks:11, Birch Wood Planks
chisel:birch_planks:13, Birch Wood Planks
chisel:birch_planks:3, Birch Wood Planks
chisel:birch_planks:4, Birch Wood Planks
chisel:birch_planks:5, Birch Wood Planks
chisel:birch_planks:7, Birch Wood Planks
chisel:birch_planks:12, Birch Wood Planks
chisel:birch_planks:14, Birch Wood Planks
chisel:birch_planks:15, Birch Wood Planks
chisel:jungle_planks:1, Jungle Wood Planks
chisel:jungle_planks:2, Jungle Wood Planks
chisel:jungle_planks:6, Jungle Wood Planks
chisel:jungle_planks:8, Jungle Wood Planks
chisel:jungle_planks:9, Jungle Wood Planks
chisel:jungle_planks:10, Jungle Wood Planks
chisel:jungle_planks:11, Jungle Wood Planks
chisel:jungle_planks:13, Jungle Wood Planks
chisel:jungle_planks:3, Jungle Wood Planks
chisel:jungle_planks:4, Jungle Wood Planks
chisel:jungle_planks:5, Jungle Wood Planks
chisel:jungle_planks:7, Jungle Wood Planks
chisel:jungle_planks:12, Jungle Wood Planks
chisel:jungle_planks:14, Jungle Wood Planks
chisel:jungle_planks:15, Jungle Wood Planks
chisel:acacia_planks:1, Acacia Wood Planks
chisel:acacia_planks:2, Acacia Wood Planks
chisel:acacia_planks:6, Acacia Wood Planks
chisel:acacia_planks:8, Acacia Wood Planks
chisel:acacia_planks:9, Acacia Wood Planks
chisel:acacia_planks:10, Acacia Wood Planks
chisel:acacia_planks:11, Acacia Wood Planks
chisel:acacia_planks:13, Acacia Wood Planks
chisel:acacia_planks:3, Acacia Wood Planks
chisel:acacia_planks:4, Acacia Wood Planks
chisel:acacia_planks:5, Acacia Wood Planks
chisel:acacia_planks:7, Acacia Wood Planks
chisel:acacia_planks:12, Acacia Wood Planks
chisel:acacia_planks:14, Acacia Wood Planks
chisel:acacia_planks:15, Acacia Wood Planks
chisel:dark_oak_planks:1, Dark Oak Wood Planks
chisel:dark_oak_planks:2, Dark Oak Wood Planks
chisel:dark_oak_planks:6, Dark Oak Wood Planks
chisel:dark_oak_planks:8, Dark Oak Wood Planks
chisel:dark_oak_planks:9, Dark Oak Wood Planks
chisel:dark_oak_planks:10, Dark Oak Wood Planks
chisel:dark_oak_planks:11, Dark Oak Wood Planks
chisel:dark_oak_planks:13, Dark Oak Wood Planks
chisel:dark_oak_planks:3, Dark Oak Wood Planks
chisel:dark_oak_planks:4, Dark Oak Wood Planks
chisel:dark_oak_planks:5, Dark Oak Wood Planks
chisel:dark_oak_planks:7, Dark Oak Wood Planks
chisel:dark_oak_planks:12, Dark Oak Wood Planks
chisel:dark_oak_planks:14, Dark Oak Wood Planks
chisel:dark_oak_planks:15, Dark Oak Wood Planks
chisel:woolen_clay:0, Woolen Clay
chisel:woolen_clay:1, Woolen Clay
chisel:woolen_clay:2, Woolen Clay
chisel:woolen_clay:3, Woolen Clay
chisel:woolen_clay:4, Woolen Clay
chisel:woolen_clay:5, Woolen Clay
chisel:woolen_clay:6, Woolen Clay
chisel:woolen_clay:7, Woolen Clay
chisel:woolen_clay:8, Woolen Clay
chisel:woolen_clay:9, Woolen Clay
chisel:woolen_clay:10, Woolen Clay
chisel:woolen_clay:11, Woolen Clay
chisel:woolen_clay:12, Woolen Clay
chisel:woolen_clay:13, Woolen Clay
chisel:woolen_clay:14, Woolen Clay
chisel:woolen_clay:15, Woolen Clay
EnderIO:blockStirlingGenerator, Stirling Generator
EnderIO:blockCombustionGenerator, Combustion Generator
EnderIO:blockZombieGenerator, Zombie Generator
EnderIO:blockSolarPanel:0, Photovoltaic Cell
EnderIO:blockSolarPanel:1, Advanced Photovoltaic Cell
EnderIO:blockSagMill, SAG Mill
EnderIO:blockAlloySmelter, Alloy Smelter
EnderIO:blockCapBank:0, Creative Capacitor Bank
EnderIO:blockCapBank:1, Basic Capacitor Bank
EnderIO:blockCapBank:1, Basic Capacitor Bank
EnderIO:blockCapBank:2, Capacitor Bank
EnderIO:blockCapBank:2, Capacitor Bank
EnderIO:blockCapBank:3, Vibrant Capacitor Bank
EnderIO:blockCapBank:3, Vibrant Capacitor Bank
EnderIO:blockPainter, Painting Machine
EnderIO:blockPaintedFence:0, Painted Fence
EnderIO:blockPaintedFenceGate:0, Painted Gate
EnderIO:blockPaintedWall:0, Painted Wall
EnderIO:blockPaintedStair:0, Painted Stairs
EnderIO:blockPaintedSlab:0, Painted Slab
EnderIO:blockPaintedDoubleSlab:0, Painted Slab
EnderIO:blockCrafter, Crafter
EnderIO:blockPaintedGlowstone:0, Painted Glowstone
EnderIO:blockPaintedCarpet:0, Painted Carpet
EnderIO:blockVat, The Vat
EnderIO:blockPowerMonitor, Power Monitor
EnderIO:blockFarmStation, Farming Station
EnderIO:blockWirelessCharger, Wireless Charger
EnderIO:blockHyperCube, Dimensional Transceiver (Deprecated)
EnderIO:blockTank:0, Fluid Tank
EnderIO:blockTank:1, Pressurized Fluid Tank
EnderIO:blockReservoir, Reservoir
EnderIO:blockVacuumChest, Vacuum Chest
EnderIO:blockTransceiver, Dimensional Transceiver
EnderIO:blockBuffer:0, Item Buffer
EnderIO:blockBuffer:1, Power Buffer
EnderIO:blockBuffer:2, Omni Buffer
EnderIO:blockBuffer:3, Creative Buffer
EnderIO:blockInventoryPanel, Inventory Panel
EnderIO:blockEnderIo, Ender IO
EnderIO:blockTravelAnchor, Travel Anchor
EnderIO:blockTelePad, Telepad Block
EnderIO:blockSliceAndSplice, Slice'N'Splice
EnderIO:blockSoulBinder, Soul Binder
EnderIO:blockPoweredSpawner, Powered Spawner
EnderIO:blockKillerJoe, Killer Joe
EnderIO:blockAttractor, Attractor Obelisk
EnderIO:blockSpawnGuard, Aversion Obelisk
EnderIO:blockExperienceObelisk, Experience Obelisk
EnderIO:blockWeatherObelisk, Weather Obelisk
EnderIO:blockInhibitorObelisk, tile.blockInhibitorObelisk.name
EnderIO:blockEnchanter, Enchanter
EnderIO:blockDarkSteelPressurePlate:0, Dark Pressure Plate
EnderIO:blockDarkSteelPressurePlate:1, Dark Pressure Plate
EnderIO:blockDarkSteelAnvil:0, Dark Steel Anvil
EnderIO:blockDarkSteelAnvil:1, Slightly Damaged Dark Steel Anvil
EnderIO:blockDarkSteelAnvil:2, Very Damaged Dark Steel Anvil
EnderIO:blockDarkSteelLadder, Dark Steel Ladder
EnderIO:blockElectricLight:0, Powered Light
EnderIO:blockElectricLight:1, Powered Light (Inverted)
EnderIO:blockElectricLight:2, Light
EnderIO:blockElectricLight:3, Light (Inverted)
EnderIO:blockElectricLight:4, Wireless Powered Light
EnderIO:blockElectricLight:5, Wireless Powered Light (Inverted)
EnderIO:blockLightNode, tile.blockLightNode.name
EnderIO:blockReinforcedObsidian, Reinforced Obsidian
EnderIO:blockFusedQuartz:0, Fused Quartz
EnderIO:blockFusedQuartz:1, Quite Clear Glass
EnderIO:blockFusedQuartz:2, Enlightened Fused Quartz
EnderIO:blockFusedQuartz:3, Enlightened Clear Glass
EnderIO:blockFusedQuartz:4, Dark Fused Quartz
EnderIO:blockFusedQuartz:5, Dark Clear Glass
EnderIO:blockEnderRail, Ender Rail
EnderIO:blockConduitBundle, Conduit Connector
EnderIO:blockConduitFacade, tile.blockConduitFacade.name
EnderIO:blockEndermanSkull:0, Enderman Head
EnderIO:blockEndermanSkull:2, Tormented Enderman Head
EnderIO:blockNutrient_distillation, Nutrient Distillation
EnderIO:blockHootch, Hootch
EnderIO:blockRocket_fuel, Rocket Fuel
EnderIO:blockFire_water, Fire Water
EnderIO:blockLiquid_sunshine, Liquid Sunshine
EnderIO:blockCloud_seed, Cloud Seed
EnderIO:blockCloud_seed_concentrated, Concentrated Cloud Seed
EnderIO:blockIngotStorage:0, Electrical Steel Block
EnderIO:blockIngotStorage:1, Energetic Alloy Block
EnderIO:blockIngotStorage:2, Vibrant Alloy Block
EnderIO:blockIngotStorage:3, Redstone Alloy Block
EnderIO:blockIngotStorage:4, Conductive Iron Block
EnderIO:blockIngotStorage:5, Pulsating Iron Block
EnderIO:blockIngotStorage:6, Dark Steel Block
EnderIO:blockIngotStorage:7, Soularium Block
EnderIO:blockDarkIronBars, Dark Iron Bars
ConveyorCraft:ore_zinc, Zinc Ore
ConveyorCraft:block_zinc, Zinc Block
ConveyorCraft:ore_tungsten, Tungsten Ore
ConveyorCraft:block_tungsten, Tungsten Block
ConveyorCraft:belt_basic, Simple Conveyor Belt MK I
ConveyorCraft:belt_break, Breaking Conveyor Belt
ConveyorCraft:belt_crafting, Crafting Conveyor Belt
ConveyorCraft:belt_detector, Detecting Conveyor Belt
ConveyorCraft:belt_distribution, Distribution Conveyor Belt
ConveyorCraft:belt_extractor, Basic Extraction Conveyor Belt
ConveyorCraft:belt_extractor_iinventory, Fuzzy Extraction Conveyor Belt
ConveyorCraft:belt_fast, Simple Conveyor Belt MK II
ConveyorCraft:belt_faster, Simple Conveyor Belt MK III
ConveyorCraft:belt_fastest, Simple Conveyor Belt MK IV
ConveyorCraft:belt_kinetic, Kinetic Conveyor Belt
ConveyorCraft:belt_translation, Translation Conveyor Belt
ConveyorCraft:belt_filter, Filtering Conveyor Belt
ConveyorCraft:belt_tungsten, Tungsten Conveyor Belt
ConveyorCraft:elevator_down, Elevator (Down)
ConveyorCraft:elevator_up, Elevator (Up)
ConveyorCraft:fluid_eater, Fluid "Eater"
ConveyorCraft:liquid.oil, tile.ConveyorCraft:liquid.oil.name
ConveyorCraft:liquid.gasoline, tile.ConveyorCraft:liquid.gasoline.name
ConveyorCraft:refinery, Refinery
ConveyorCraft:liquified_engine, Liquified Engine
ConveyorCraft:liquid.biomass, tile.ConveyorCraft:liquid.biomass.name
ConveyorCraft:biomass_extractor, Biomass Extractor
ConveyorCraft:pump, [WIP] Liquid Pump
ConveyorCraft:infusion_module, Auto-Infusion Module
ConveyorCraft:crucible_module, [WIP] Auto-Crucible Module
AdvancedSolarPanel:BlockMolecularTransformer, Unnamed Block, report to mod author.
AdvancedSolarPanel:BlockAdvSolarPanel:0, Advanced Solar Panel
AdvancedSolarPanel:BlockAdvSolarPanel:1, Hybrid Solar Panel
AdvancedSolarPanel:BlockAdvSolarPanel:2, Ultimate Hybrid Solar Panel
AdvancedSolarPanel:BlockAdvSolarPanel:3, Quantum Solar Panel
AdvancedSolarPanel:BlockAdvSolarPanel:4, Quantum Generator
ae2stuff:Encoder, Pattern Encoder
ae2stuff:Grower, Crystal Growth Chamber
ae2stuff:Inscriber, Advanced Inscriber
ae2stuff:Wireless, Wireless Connector
aether:aetherPortal, Aether Portal
aether:holystone:1, Holystone
aether:holystone:3, Mossy Holystone
aether:aetherDirt, Aether Dirt
aether:aetherGrass, Aether Grass
aether:enchantedGrass, Enchanted Grass
aether:enchantedAetherGrass, Enchanted Aether Grass
aether:quicksoil, Quicksoil
aether:icestone, Icestone
aether:aercloud:0, Cold Aercloud
aether:aercloud:1, Blue Aercloud
aether:aercloud:2, Golden Aercloud
aether:aercloud:3, Green Aercloud
aether:aercloud:4, Storm Aercloud
aether:purpleAercloud:0, Purple Aercloud
aether:aerogel, Aerogel
aether:altar, Altar of Light
aether:incubator, Incubator
aether:aetherLog:0, Skyroot Log
aether:aetherLog:2, Golden Oak Log
aether:skyrootPlank, Skyroot Plank
aether:greenSkyrootLeaves, Green Skyroot Leaves
aether:goldenOakLeaves, Golden Oak Leaves
aether:greenSkyrootSapling, Green Skyroot Sapling
aether:goldenOakSapling, Golden Oak Sapling
aether:ambrosiumOre, Ambrosium Ore
aether:ambrosiumTorch, Ambrosium Torch
aether:zaniteOre, Zanite Ore
aether:gravititeOre, Gravitite Ore
aether:enchantedGravitite, Enchanted Gravitite
aether:trap:0, tile.trap0.name
aether:skyrootChestMimic, Skyroot Chest Mimic
aether:carvedStone:0, Carved Stone
aether:sentryStone:0, Sentry Stone
aether:divineCarvedStone, Divine Carved Stone
aether:divineSentryStone, Divine Sentry Stone
aether:whiteGoldPillar:0, White Gold Pillar
aether:whiteGoldPillar:2, White Gold Carved Pillar
aether:labyrinthPillar:0, Labyrinth Pillar
aether:labyrinthPillar:2, Carved Labyrinth Pillar
aether:zaniteBlock, Zanite Block
aether:quicksoilGlass, Quicksoil Glass
aether:whiteRose, White Rose
aether:purpleFlower, Purple Flower
aether:present, Present
aether:berryBush, Berry Bush
aether:berryBushStem, Berry Bush Stem
aether:holystoneStairs, Holystone Stairs
aether:mossyHolystoneStairs, Mossy Holystone Stairs
aether:icestoneStairs, Icestone Stairs
aether:skyrootStairs, Skyroot Stairs
aether:carvedStoneStairs, Carved Stone Stairs
aether:holystoneWall, Holystone Wall
aether:mossyHolystoneWall, Mossy Holystone Wall
aether:icestoneWall, Icestone Wall
aether:skyrootFence, Skyroot Fence
aether:carvedStoneWall, Carved Stone Wall
aether:holystoneBrick, Holystone Brick
aether:skyrootLogWall, Skyroot Log Wall
aether:tallAetherGrass, Tall Aether Grass
aether:darkBlueSkyrootLeaves, Dark Blue Skyroot Leaves
aether:blueSkyrootLeaves, Blue Skyroot Leaves
aether:blueSkyrootSapling, Blue Skyroot Sapling
aether:skyrootChest, Skyroot Chest
aether:sliderLabyrinthDoor, Slider Labyrinth Door
aether:purpleCrystalLeaves, Purple Crystal Leaves
aether:purpleFruitLeaves, Purple Fruit Leaves
aether:purpleCrystalSapling, Purple Crystal Sapling
aether:orangeTree, Orange Tree
aether:continuumOre, Continuum Ore
aether:darkBlueSkyrootSapling, Dark Blue Skyroot Sapling
aether:skyrootCraftingTable, Skyroot Crafting Table
aether:bloodMossHolystone, Blood Moss Holystone
aether:divineCarvedStoneWall, Divine Carved Stone Wall
aether:divineCarvedStoneStairs, Divine Carved Stone Stairs
aether:coldFire, tile.coldFire.name
aether:sliderLabyrinthTotem, Slider Labyrinth Totem
aether:skyrootDoor, tile.skyrootDoor.name
aether:skyrootFenceGate, Skyroot Fence Gate
aether:aerogelStairs, Aerogel Stairs
aether:sentryStoneStairs, Sentry Stone Stairs
aether:holystoneBrickStairs, Holystone Brick Stairs
aether:divineSentryStoneStairs, Divine Sentry Stone Stairs
aether:aerogelWall, Aerogel Wall
aether:sentryStoneWall, Sentry Stone Wall
aether:holystoneBrickWall, Holystone Brick Wall
aether:divineSentryStoneWall, Divine Sentry Stone Wall
aether:skyrootLadder, Skyroot Ladder
aether:skyrootSign, tile.skyrootSign.name
aether:skyrootSignWall, tile.skyrootSignWall.name
aether:skyrootBed, tile.skyrootBed.name
aether:protectorBlock, Protection Stone
aether:skyrootTrapDoor, Skyroot Trap Door
aether:skyrootBookshelf, Skyroot Bookshelf
aether:quicksoilGlassPane, Quicksoil Glass Pane
aether:holystoneFurnace, Holystone Furnace
aether:holystoneFurnaceBurning, tile.holystoneFurnaceBurning.name
aether:mobSpawner, Monster Spawner
aether:presentNew, Present
aether:holystoneHeadstone, Holystone Headstone
aether:holystoneKeystone, Holystone Keystone
aether:holystoneHighlight, Holystone Highlight
aether:tile.skyrootSingleSlab:0, Skyroot Slab
aether:tile.skyrootDoubleSlab:0, Skyroot Slab
aether:tile.holystoneSingleSlab:0, Holystone Slab
aether:tile.holystoneDoubleSlab:0, Holystone Slab
aether:tile.mossyHolystoneSingleSlab:0, Mossy Holystone Slab
aether:tile.mossyHolystoneDoubleSlab:0, Mossy Holystone Slab
aether:tile.icestoneSingleSlab:0, Icestone Slab
aether:tile.icestoneDoubleSlab:0, Icestone Slab
aether:tile.holystoneBrickSingleSlab:0, Holystone Brick Slab
aether:tile.holystoneBrickDoubleSlab:0, Holystone Brick Slab
aether:tile.carvedStoneSingleSlab:0, Carved Stone Slab
aether:tile.carvedStoneDoubleSlab:0, Carved Stone Slab
aether:tile.sentryStoneSingleSlab:0, Sentry Stone Slab
aether:tile.sentryStoneDoubleSlab:0, Sentry Stone Slab
aether:tile.divineCarvedStoneSingleSlab:0, Divine Carved Stone Slab
aether:tile.divineCarvedStoneDoubleSlab:0, Divine Carved Stone Slab
aether:tile.divineSentryStoneSingleSlab:0, Divine Sentry Stone Slab
aether:tile.divineSentryStoneDoubleSlab:0, Divine Sentry Stone Slab
aether:tile.aerogelSingleSlab:0, Aerogel Slab
aether:tile.aerogelDoubleSlab:0, Aerogel Slab
Aroma1997sDimension:aromicPortal, Mining Portal
Aroma1997sDimension:portalFrame, Portal Frame
Aroma1997sDimension:stickyOre, Sticky Ore
autopackager:packagerBlock, Recipe Packager
Botania:flower:0, Mystical White Flower
Botania:flower:1, Mystical Orange Flower
Botania:flower:2, Mystical Magenta Flower
Botania:flower:3, Mystical Light Blue Flower
Botania:flower:4, Mystical Yellow Flower
Botania:flower:5, Mystical Lime Flower
Botania:flower:6, Mystical Pink Flower
Botania:flower:7, Mystical Gray Flower
Botania:flower:8, Mystical Light Gray Flower
Botania:flower:9, Mystical Cyan Flower
Botania:flower:10, Mystical Purple Flower
Botania:flower:11, Mystical Blue Flower
Botania:flower:12, Mystical Brown Flower
Botania:flower:13, Mystical Green Flower
Botania:flower:14, Mystical Red Flower
Botania:flower:15, Mystical Black Flower
Botania:altar:0, Petal Apothecary
Botania:altar:1, Forest Petal Apothecary
Botania:altar:2, Plains Petal Apothecary
Botania:altar:3, Mountain Petal Apothecary
Botania:altar:4, Fungal Petal Apothecary
Botania:altar:5, Swamp Petal Apothecary
Botania:altar:6, Desert Petal Apothecary
Botania:altar:7, Taiga Petal Apothecary
Botania:altar:8, Mesa Petal Apothecary
Botania:livingrock:0, Livingrock
Botania:livingrock:1, Livingrock Brick
Botania:livingrock:2, Mossy Livingrock Brick
Botania:livingrock:3, Cracked Livingrock Brick
Botania:livingrock:4, Chiseled Livingrock Brick
Botania:livingwood:0, Livingwood
Botania:livingwood:1, Livingwood Planks
Botania:livingwood:2, Mossy Livingwood Planks
Botania:livingwood:3, Framed Livingwood
Botania:livingwood:4, Pattern Framed Livingwood
Botania:livingwood:5, Glimmering Livingwood
Botania:specialFlower, tile.specialFlower.name
Botania:spreader:0, Mana Spreader
Botania:spreader:1, Pulse Mana Spreader
Botania:spreader:2, Elven Mana Spreader
Botania:spreader:3, Gaia Mana Spreader
Botania:pool:0, Mana Pool
Botania:pool:2, Diluted Mana Pool
Botania:pool:3, Fabulous Mana Pool
Botania:pool:1, The Everlasting Guilty Pool
Botania:runeAltar, tile.runeAltar.name
Botania:unstableBlock:0, White Unstable Cube
Botania:unstableBlock:1, Orange Unstable Cube
Botania:unstableBlock:2, Magenta Unstable Cube
Botania:unstableBlock:3, Light Blue Unstable Cube
Botania:unstableBlock:4, Yellow Unstable Cube
Botania:unstableBlock:5, Lime Unstable Cube
Botania:unstableBlock:6, Pink Unstable Cube
Botania:unstableBlock:7, Gray Unstable Cube
Botania:unstableBlock:8, Light Gray Unstable Cube
Botania:unstableBlock:9, Cyan Unstable Cube
Botania:unstableBlock:10, Purple Unstable Cube
Botania:unstableBlock:11, Blue Unstable Cube
Botania:unstableBlock:12, Brown Unstable Cube
Botania:unstableBlock:13, Green Unstable Cube
Botania:unstableBlock:14, Red Unstable Cube
Botania:unstableBlock:15, Black Unstable Cube
Botania:pylon:0, Mana Pylon
Botania:pylon:1, Natura Pylon
Botania:pylon:2, Gaia Pylon
Botania:pistonRelay, tile.pistonRelay.name
Botania:distributor, tile.distributor.name
Botania:manaBeacon:0, White Unstable Beacon
Botania:manaBeacon:1, Orange Unstable Beacon
Botania:manaBeacon:2, Magenta Unstable Beacon
Botania:manaBeacon:3, Light Blue Unstable Beacon
Botania:manaBeacon:4, Yellow Unstable Beacon
Botania:manaBeacon:5, Lime Unstable Beacon
Botania:manaBeacon:6, Pink Unstable Beacon
Botania:manaBeacon:7, Gray Unstable Beacon
Botania:manaBeacon:8, Light Gray Unstable Beacon
Botania:manaBeacon:9, Cyan Unstable Beacon
Botania:manaBeacon:10, Purple Unstable Beacon
Botania:manaBeacon:11, Blue Unstable Beacon
Botania:manaBeacon:12, Brown Unstable Beacon
Botania:manaBeacon:13, Green Unstable Beacon
Botania:manaBeacon:14, Red Unstable Beacon
Botania:manaBeacon:15, Black Unstable Beacon
Botania:manaVoid, tile.manaVoid.name
Botania:manaDetector, tile.manaDetector.name
Botania:enchanter, Osmotic Enchanter
Botania:turntable, tile.turntable.name
Botania:tinyPlanetBlock, tile.tinyPlanetBlock.name
Botania:alchemyCatalyst, tile.alchemyCatalyst.name
Botania:openCrate:0, Open Crate
Botania:openCrate:1, Crafty Crate
Botania:forestEye, tile.forestEye.name
Botania:storage:0, Block of Manasteel
Botania:storage:1, Block of Terrasteel
Botania:storage:2, Block of Elementium
Botania:storage:3, Block of Mana Diamond
Botania:storage:4, Block of Dragonstone
Botania:forestDrum:0, Drum of the Wild
Botania:forestDrum:1, Drum of the Gathering
Botania:forestDrum:2, Drum of the Canopy
Botania:shinyFlower:0, Glimmering White Flower
Botania:shinyFlower:1, Glimmering Orange Flower
Botania:shinyFlower:2, Glimmering Magenta Flower
Botania:shinyFlower:3, Glimmering Light Blue Flower
Botania:shinyFlower:4, Glimmering Yellow Flower
Botania:shinyFlower:5, Glimmering Lime Flower
Botania:shinyFlower:6, Glimmering Pink Flower
Botania:shinyFlower:7, Glimmering Gray Flower
Botania:shinyFlower:8, Glimmering Light Gray Flower
Botania:shinyFlower:9, Glimmering Cyan Flower
Botania:shinyFlower:10, Glimmering Purple Flower
Botania:shinyFlower:11, Glimmering Blue Flower
Botania:shinyFlower:12, Glimmering Brown Flower
Botania:shinyFlower:13, Glimmering Green Flower
Botania:shinyFlower:14, Glimmering Red Flower
Botania:shinyFlower:15, Glimmering Black Flower
Botania:platform:0, Abstruse Platform
Botania:platform:1, Spectral Platform
Botania:platform:2, Infrangible Platform
Botania:alfheimPortal, tile.alfheimPortal.name
Botania:dreamwood:0, Dreamwood
Botania:dreamwood:1, Dreamwood Planks
Botania:dreamwood:2, Mossy Dreamwood Planks
Botania:dreamwood:3, Framed Dreamwood
Botania:dreamwood:4, Pattern Framed Dreamwood
Botania:dreamwood:5, Glimmering Dreamwood
Botania:conjurationCatalyst, tile.conjurationCatalyst.name
Botania:bifrost, tile.bifrost.name
Botania:solidVine, tile.solidVine.name
Botania:buriedPetals:0, Buried White Petal
Botania:buriedPetals:1, Buried Orange Petal
Botania:buriedPetals:2, Buried Magenta Petal
Botania:buriedPetals:3, Buried Light Blue Petal
Botania:buriedPetals:4, Buried Yellow Petal
Botania:buriedPetals:5, Buried Lime Petal
Botania:buriedPetals:6, Buried Pink Petal
Botania:buriedPetals:7, Buried Gray Petal
Botania:buriedPetals:8, Buried Light Gray Petal
Botania:buriedPetals:9, Buried Cyan Petal
Botania:buriedPetals:10, Buried Purple Petal
Botania:buriedPetals:11, Buried Blue Petal
Botania:buriedPetals:12, Buried Brown Petal
Botania:buriedPetals:13, Buried Green Petal
Botania:buriedPetals:14, Buried Red Petal
Botania:buriedPetals:15, Buried Black Petal
Botania:prismarine:0, Prismarine
Botania:prismarine:1, Prismarine Bricks
Botania:prismarine:2, Dark Prismarine
Botania:seaLamp, tile.seaLamp.name
Botania:miniIsland:0, Floating White Flower
Botania:miniIsland:1, Floating Orange Flower
Botania:miniIsland:2, Floating Magenta Flower
Botania:miniIsland:3, Floating Light Blue Flower
Botania:miniIsland:4, Floating Yellow Flower
Botania:miniIsland:5, Floating Lime Flower
Botania:miniIsland:6, Floating Pink Flower
Botania:miniIsland:7, Floating Gray Flower
Botania:miniIsland:8, Floating Light Gray Flower
Botania:miniIsland:9, Floating Cyan Flower
Botania:miniIsland:10, Floating Purple Flower
Botania:miniIsland:11, Floating Blue Flower
Botania:miniIsland:12, Floating Brown Flower
Botania:miniIsland:13, Floating Green Flower
Botania:miniIsland:14, Floating Red Flower
Botania:miniIsland:15, Floating Black Flower
Botania:tinyPotato, tile.tinyPotato.name
Botania:spawnerClaw, tile.spawnerClaw.name
Botania:reedBlock, tile.reedBlock.name
Botania:thatch, tile.thatch.name
Botania:customBrick:0, Hellish Brick
Botania:customBrick:1, Soul Brick
Botania:customBrick:2, Frosty Brick
Botania:customBrick:3, Roof Tile
Botania:customBrick:4, Azulejo
Botania:customBrick:5, Azulejo
Botania:customBrick:6, Azulejo
Botania:customBrick:7, Azulejo
Botania:customBrick:8, Azulejo
Botania:customBrick:9, Azulejo
Botania:customBrick:10, Azulejo
Botania:customBrick:11, Azulejo
Botania:customBrick:12, Azulejo
Botania:customBrick:13, Azulejo
Botania:customBrick:14, Azulejo
Botania:customBrick:15, Azulejo
Botania:enderEyeBlock, tile.enderEyeBlock.name
Botania:starfield, tile.starfield.name
Botania:rfGenerator, tile.rfGenerator.name
Botania:elfGlass, tile.elfGlass.name
Botania:brewery, tile.brewery.name
Botania:manaGlass, tile.manaGlass.name
Botania:terraPlate, tile.terraPlate.name
Botania:redStringContainer, tile.redStringContainer.name
Botania:redStringDispenser, tile.redStringDispenser.name
Botania:redStringFertilizer, tile.redStringFertilizer.name
Botania:redStringComparator, tile.redStringComparator.name
Botania:redStringRelay, tile.redStringRelay.name
Botania:floatingSpecialFlower, tile.floatingSpecialFlower.name
Botania:manaFlame, tile.manaFlame.name
Botania:prism, tile.prism.name
Botania:dirtPath, tile.dirtPath.name
Botania:enchantedSoil, tile.enchantedSoil.name
Botania:petalBlock:0, White Petal Block
Botania:petalBlock:1, Orange Petal Block
Botania:petalBlock:2, Magenta Petal Block
Botania:petalBlock:3, Light Blue Petal Block
Botania:petalBlock:4, Yellow Petal Block
Botania:petalBlock:5, Lime Petal Block
Botania:petalBlock:6, Pink Petal Block
Botania:petalBlock:7, Gray Petal Block
Botania:petalBlock:8, Light Gray Petal Block
Botania:petalBlock:9, Cyan Petal Block
Botania:petalBlock:10, Purple Petal Block
Botania:petalBlock:11, Blue Petal Block
Botania:petalBlock:12, Brown Petal Block
Botania:petalBlock:13, Green Petal Block
Botania:petalBlock:14, Red Petal Block
Botania:petalBlock:15, Black Petal Block
Botania:corporeaIndex, tile.corporeaIndex.name
Botania:corporeaFunnel, tile.corporeaFunnel.name
Botania:endStoneBrick:0, End Stone Bricks
Botania:endStoneBrick:1, Chiseled End Stone Brick
Botania:endStoneBrick:2, Ender Bricks
Botania:endStoneBrick:3, Pillar Ender Bricks
Botania:mushroom:0, White Shimmering Mushroom
Botania:mushroom:1, Orange Shimmering Mushroom
Botania:mushroom:2, Magenta Shimmering Mushroom
Botania:mushroom:3, Light Blue Shimmering Mushroom
Botania:mushroom:4, Yellow Shimmering Mushroom
Botania:mushroom:5, Lime Shimmering Mushroom
Botania:mushroom:6, Pink Shimmering Mushroom
Botania:mushroom:7, Gray Shimmering Mushroom
Botania:mushroom:8, Light Gray Shimmering Mushroom
Botania:mushroom:9, Cyan Shimmering Mushroom
Botania:mushroom:10, Purple Shimmering Mushroom
Botania:mushroom:11, Blue Shimmering Mushroom
Botania:mushroom:12, Brown Shimmering Mushroom
Botania:mushroom:13, Green Shimmering Mushroom
Botania:mushroom:14, Red Shimmering Mushroom
Botania:mushroom:15, Black Shimmering Mushroom
Botania:pump, tile.pump.name
Botania:doubleFlower1:0, Tall Mystical White Flower
Botania:doubleFlower1:1, Tall Mystical Orange Flower
Botania:doubleFlower1:2, Tall Mystical Magenta Flower
Botania:doubleFlower1:3, Tall Mystical Light Blue Flower
Botania:doubleFlower1:4, Tall Mystical Yellow Flower
Botania:doubleFlower1:5, Tall Mystical Lime Flower
Botania:doubleFlower1:6, Tall Mystical Pink Flower
Botania:doubleFlower1:7, Tall Mystical Gray Flower
Botania:doubleFlower2:0, Tall Mystical Light Gray Flower
Botania:doubleFlower2:1, Tall Mystical Cyan Flower
Botania:doubleFlower2:2, Tall Mystical Purple Flower
Botania:doubleFlower2:3, Tall Mystical Blue Flower
Botania:doubleFlower2:4, Tall Mystical Brown Flower
Botania:doubleFlower2:5, Tall Mystical Green Flower
Botania:doubleFlower2:6, Tall Mystical Red Flower
Botania:doubleFlower2:7, Tall Mystical Black Flower
Botania:fakeAir, tile.fakeAir.name
Botania:blazeBlock, tile.blazeBlock.name
Botania:corporeaInterceptor, tile.corporeaInterceptor.name
Botania:corporeaCrystalCube, tile.corporeaCrystalCube.name
Botania:incensePlate, tile.incensePlate.name
Botania:hourglass, tile.hourglass.name
Botania:ghostRail, tile.ghostRail.name
Botania:sparkChanger, tile.sparkChanger.name
Botania:root, tile.root.name
Botania:felPumpkin, tile.felPumpkin.name
Botania:cocoon, tile.cocoon.name
Botania:lightRelay:0, Luminizer
Botania:lightRelay:1, Detector Luminizer
Botania:lightLauncher, tile.lightLauncher.name
Botania:manaBomb, tile.manaBomb.name
Botania:cacophoniumBlock, tile.cacophoniumBlock.name
Botania:bellows, tile.bellows.name
Botania:bifrostPerm, tile.bifrostPerm.name
Botania:cellBlock, tile.cellBlock.name
Botania:redStringInterceptor, tile.redStringInterceptor.name
Botania:gaiaHeadBlock, tile.gaiaHeadBlock.name
Botania:corporeaRetainer, tile.corporeaRetainer.name
Botania:teruTeruBozu, tile.teruTeruBozu.name
Botania:shimmerrock, tile.shimmerrock.name
Botania:shimmerwoodPlanks, tile.shimmerwoodPlanks.name
Botania:avatar, tile.avatar.name
Botania:altGrass:0, Dry Grass
Botania:altGrass:1, Golden Grass
Botania:altGrass:2, Vivid Grass
Botania:altGrass:3, Scorched Grass
Botania:altGrass:4, Infused Grass
Botania:altGrass:5, Mutated Grass
Botania:livingwood0Stairs, tile.livingwood0Stairs.name
Botania:livingwood0Wall, tile.livingwood0Wall.name
Botania:livingwood1Stairs, tile.livingwood1Stairs.name
Botania:livingrock0Stairs, tile.livingrock0Stairs.name
Botania:livingrock0Wall, tile.livingrock0Wall.name
Botania:livingrock1Stairs, tile.livingrock1Stairs.name
Botania:dreamwood0Stairs, tile.dreamwood0Stairs.name
Botania:dreamwood0Wall, tile.dreamwood0Wall.name
Botania:dreamwood1Stairs, tile.dreamwood1Stairs.name
Botania:prismarine0Stairs, tile.prismarine0Stairs.name
Botania:prismarine0Wall, tile.prismarine0Wall.name
Botania:prismarine1Stairs, tile.prismarine1Stairs.name
Botania:prismarine2Stairs, tile.prismarine2Stairs.name
Botania:reedBlock0Stairs, tile.reedBlock0Stairs.name
Botania:reedBlock0Wall, tile.reedBlock0Wall.name
Botania:thatch0Stairs, tile.thatch0Stairs.name
Botania:customBrick0Stairs, tile.customBrick0Stairs.name
Botania:customBrick1Stairs, tile.customBrick1Stairs.name
Botania:customBrick2Stairs, tile.customBrick2Stairs.name
Botania:customBrick3Stairs, tile.customBrick3Stairs.name
Botania:biomeStoneA:0, Metamorphic Forest Stone
Botania:biomeStoneA:1, Metamorphic Plains Stone
Botania:biomeStoneA:2, Metamorphic Mountain Stone
Botania:biomeStoneA:3, Metamorphic Fungal Stone
Botania:biomeStoneA:4, Metamorphic Swamp Stone
Botania:biomeStoneA:5, Metamorphic Desert Stone
Botania:biomeStoneA:6, Metamorphic Taiga Stone
Botania:biomeStoneA:7, Metamorphic Mesa Stone
Botania:biomeStoneA:8, Metamorphic Forest Cobblestone
Botania:biomeStoneA:9, Metamorphic Plains Cobblestone
Botania:biomeStoneA:10, Metamorphic Mountain Cobblestone
Botania:biomeStoneA:11, Metamorphic Fungal Cobblestone
Botania:biomeStoneA:12, Metamorphic Swamp Cobblestone
Botania:biomeStoneA:13, Metamorphic Desert Cobblestone
Botania:biomeStoneA:14, Metamorphic Taiga Cobblestone
Botania:biomeStoneA:15, Metamorphic Mesa Cobblestone
Botania:biomeStoneB:0, Metamorphic Forest Stone Bricks
Botania:biomeStoneB:1, Metamorphic Plains Stone Bricks
Botania:biomeStoneB:2, Metamorphic Mountain Stone Bricks
Botania:biomeStoneB:3, Metamorphic Fungal Stone Bricks
Botania:biomeStoneB:4, Metamorphic Swamp Stone Bricks
Botania:biomeStoneB:5, Metamorphic Desert Stone Bricks
Botania:biomeStoneB:6, Metamorphic Taiga Stone Bricks
Botania:biomeStoneB:7, Metamorphic Mesa Stone Bricks
Botania:biomeStoneB:8, Chiseled Metamorphic Forest Stone Brick
Botania:biomeStoneB:9, Chiseled Metamorphic Plains Stone Brick
Botania:biomeStoneB:10, Chiseled Metamorphic Mountain Stone Brick
Botania:biomeStoneB:11, Chiseled Metamorphic Fungal Stone Brick
Botania:biomeStoneB:12, Chiseled Metamorphic Swamp Stone Brick
Botania:biomeStoneB:13, Chiseled Metamorphic Desert Stone Brick
Botania:biomeStoneB:14, Chiseled Metamorphic Taiga Stone Brick
Botania:biomeStoneB:15, Chiseled Metamorphic Mesa Stone Brick
Botania:stone:0, Andesite
Botania:stone:1, Basalt
Botania:stone:2, Diorite
Botania:stone:3, Granite
Botania:stone:4, Polished Andesite
Botania:stone:5, Polished Basalt
Botania:stone:6, Polished Diorite
Botania:stone:7, Polished Granite
Botania:stone:8, Andesite Bricks
Botania:stone:9, Basalt Bricks
Botania:stone:10, Diorite Bricks
Botania:stone:11, Granite Bricks
Botania:stone:12, Chiseled Andesite Brick
Botania:stone:13, Chiseled Basalt Brick
Botania:stone:14, Chiseled Diorite Brick
Botania:stone:15, Chiseled Granite Brick
Botania:pavement:0, White Portuguese Pavement
Botania:pavement:1, Black Portuguese Pavement
Botania:pavement:2, Blue Portuguese Pavement
Botania:pavement:3, Red Portuguese Pavement
Botania:pavement:4, Yellow Portuguese Pavement
Botania:pavement:5, Green Portuguese Pavement
Botania:quartzTypeDark:0, Block of Smokey Quartz
Botania:quartzTypeDark:1, Chiseled Smokey Quartz Block
Botania:quartzTypeDark:2, Pillar Smokey Quartz Block
Botania:quartzStairsDark, tile.quartzStairsDark.name
Botania:quartzTypeMana:0, Block of Mana Quartz
Botania:quartzTypeMana:1, Chiseled Mana Quartz Block
Botania:quartzTypeMana:2, Pillar Mana Quartz Block
Botania:quartzStairsMana, tile.quartzStairsMana.name
Botania:quartzTypeBlaze:0, Block of Blaze Quartz
Botania:quartzTypeBlaze:1, Chiseled Blaze Quartz Block
Botania:quartzTypeBlaze:2, Pillar Blaze Quartz Block
Botania:quartzStairsBlaze, tile.quartzStairsBlaze.name
Botania:quartzTypeLavender:0, Block of Lavender Quartz
Botania:quartzTypeLavender:1, Chiseled Lavender Quartz Block
Botania:quartzTypeLavender:2, Pillar Lavender Quartz Block
Botania:quartzStairsLavender, tile.quartzStairsLavender.name
Botania:quartzTypeRed:0, Block of Redquartz
Botania:quartzTypeRed:1, Chiseled Redquartz Block
Botania:quartzTypeRed:2, Pillar Redquartz Block
Botania:quartzStairsRed, tile.quartzStairsRed.name
Botania:quartzTypeElf:0, Block of Elven Quartz
Botania:quartzTypeElf:1, Chiseled Elven Quartz Block
Botania:quartzTypeElf:2, Pillar Elven Quartz Block
Botania:quartzStairsElf, tile.quartzStairsElf.name
Botania:quartzTypeSunny:0, Block of Sunny Quartz
Botania:quartzTypeSunny:1, Chiseled Sunny Quartz Block
Botania:quartzTypeSunny:2, Pillar Sunny Quartz Block
Botania:quartzStairsSunny, tile.quartzStairsSunny.name
Botania:biomeStoneA0Stairs, tile.biomeStoneA0Stairs.name
Botania:biomeStoneA1Stairs, tile.biomeStoneA1Stairs.name
Botania:biomeStoneA2Stairs, tile.biomeStoneA2Stairs.name
Botania:biomeStoneA3Stairs, tile.biomeStoneA3Stairs.name
Botania:biomeStoneA4Stairs, tile.biomeStoneA4Stairs.name
Botania:biomeStoneA5Stairs, tile.biomeStoneA5Stairs.name
Botania:biomeStoneA6Stairs, tile.biomeStoneA6Stairs.name
Botania:biomeStoneA7Stairs, tile.biomeStoneA7Stairs.name
Botania:biomeStoneA8Stairs, tile.biomeStoneA8Stairs.name
Botania:biomeStoneA9Stairs, tile.biomeStoneA9Stairs.name
Botania:biomeStoneA10Stairs, tile.biomeStoneA10Stairs.name
Botania:biomeStoneA11Stairs, tile.biomeStoneA11Stairs.name
Botania:biomeStoneA12Stairs, tile.biomeStoneA12Stairs.name
Botania:biomeStoneA13Stairs, tile.biomeStoneA13Stairs.name
Botania:biomeStoneA14Stairs, tile.biomeStoneA14Stairs.name
Botania:biomeStoneA15Stairs, tile.biomeStoneA15Stairs.name
Botania:biomeStoneB0Stairs, tile.biomeStoneB0Stairs.name
Botania:biomeStoneB1Stairs, tile.biomeStoneB1Stairs.name
Botania:biomeStoneB2Stairs, tile.biomeStoneB2Stairs.name
Botania:biomeStoneB3Stairs, tile.biomeStoneB3Stairs.name
Botania:biomeStoneB4Stairs, tile.biomeStoneB4Stairs.name
Botania:biomeStoneB5Stairs, tile.biomeStoneB5Stairs.name
Botania:biomeStoneB6Stairs, tile.biomeStoneB6Stairs.name
Botania:biomeStoneB7Stairs, tile.biomeStoneB7Stairs.name
Botania:biomeStoneA0Wall:0, Metamorphic Forest Cobblestone Wall
Botania:biomeStoneA0Wall:1, Metamorphic Plains Cobblestone Wall
Botania:biomeStoneA0Wall:2, Metamorphic Mountain Cobblestone Wall
Botania:biomeStoneA0Wall:3, Metamorphic Fungal Cobblestone Wall
Botania:biomeStoneA0Wall:4, Metamorphic Swamp Cobblestone Wall
Botania:biomeStoneA0Wall:5, Metamorphic Desert Cobblestone Wall
Botania:biomeStoneA0Wall:6, Metamorphic Taiga Cobblestone Wall
Botania:biomeStoneA0Wall:7, Metamorphic Mesa Cobblestone Wall
Botania:stone0Stairs, tile.stone0Stairs.name
Botania:stone1Stairs, tile.stone1Stairs.name
Botania:stone2Stairs, tile.stone2Stairs.name
Botania:stone3Stairs, tile.stone3Stairs.name
Botania:stone8Stairs, tile.stone8Stairs.name
Botania:stone9Stairs, tile.stone9Stairs.name
Botania:stone10Stairs, tile.stone10Stairs.name
Botania:stone11Stairs, tile.stone11Stairs.name
Botania:stone0Wall:0, Andesite Wall
Botania:stone0Wall:1, Basalt Wall
Botania:stone0Wall:2, Diorite Wall
Botania:stone0Wall:3, Granite Wall
Botania:pavement0Stairs, tile.pavement0Stairs.name
Botania:pavement1Stairs, tile.pavement1Stairs.name
Botania:pavement2Stairs, tile.pavement2Stairs.name
Botania:pavement3Stairs, tile.pavement3Stairs.name
Botania:pavement4Stairs, tile.pavement4Stairs.name
Botania:pavement5Stairs, tile.pavement5Stairs.name
Botania:endStoneBrick0Stairs, tile.endStoneBrick0Stairs.name
Botania:endStoneBrick2Stairs, tile.endStoneBrick2Stairs.name
Botania:shimmerrock0Stairs, tile.shimmerrock0Stairs.name
Botania:shimmerwoodPlanks0Stairs, tile.shimmerwoodPlanks0Stairs.name
Botania:manaGlassPane, tile.manaGlassPane.name
Botania:elfGlassPane, tile.elfGlassPane.name
Botania:bifrostPermPane, tile.bifrostPermPane.name
Botania:quartzSlabDarkHalf:0, Smokey Quartz Slab
Botania:quartzSlabDarkFull:0, Smokey Quartz Slab
Botania:quartzSlabManaHalf:0, Mana Quartz Slab
Botania:quartzSlabManaFull:0, Mana Quartz Slab
Botania:quartzSlabBlazeHalf:0, Blaze Quartz Slab
Botania:quartzSlabBlazeFull:0, Blaze Quartz Slab
Botania:quartzSlabLavenderHalf:0, Lavender Quartz Slab
Botania:quartzSlabLavenderFull:0, Lavender Quartz Slab
Botania:quartzSlabRedHalf:0, Redquartz Slab
Botania:quartzSlabRedFull:0, Redquartz Slab
Botania:quartzSlabElfHalf:0, Elven Quartz Slab
Botania:quartzSlabElfFull:0, Elven Quartz Slab
Botania:quartzSlabSunnyHalf:0, Sunny Quartz Slab
Botania:quartzSlabSunnyFull:0, Sunny Quartz Slab
Botania:livingwood0Slab:0, Livingwood Slab
Botania:livingwood0SlabFull:0, Livingwood Slab
Botania:livingwood1Slab:0, Livingwood Plank Slab
Botania:livingwood1SlabFull:0, Livingwood Plank Slab
Botania:livingrock0Slab:0, Livingrock Slab
Botania:livingrock0SlabFull:0, Livingrock Slab
Botania:livingrock1Slab:0, Livingrock Brick Slab
Botania:livingrock1SlabFull:0, Livingrock Brick Slab
Botania:dreamwood0Slab:0, Dreamwood Slab
Botania:dreamwood0SlabFull:0, Dreamwood Slab
Botania:dreamwood1Slab:0, Dreamwood Plank Slab
Botania:dreamwood1SlabFull:0, Dreamwood Plank Slab
Botania:reedBlock0Slab:0, Reed Slab
Botania:reedBlock0SlabFull:0, Reed Slab
Botania:thatch0Slab:0, Thatch Slab
Botania:thatch0SlabFull:0, Thatch Slab
Botania:prismarine0Slab:0, Prismarine Slab
Botania:prismarine0SlabFull:0, Prismarine Slab
Botania:prismarine1Slab:0, Prismarine Brick Slab
Botania:prismarine1SlabFull:0, Prismarine Brick Slab
Botania:prismarine2Slab:0, Dark Prismarine Slab
Botania:prismarine2SlabFull:0, Dark Prismarine Slab
Botania:customBrick0Slab:0, Hellish Brick Slab
Botania:customBrick0SlabFull:0, Hellish Brick Slab
Botania:customBrick1Slab:0, Soul Brick Slab
Botania:customBrick1SlabFull:0, Soul Brick Slab
Botania:customBrick2Slab:0, Frosty Brick Slab
Botania:customBrick2SlabFull:0, Frosty Brick Slab
Botania:customBrick3Slab:0, Roof Tile Slab
Botania:customBrick3SlabFull:0, Roof Tile Slab
Botania:dirtPath0Slab:0, Trodden Dirt Slab
Botania:dirtPath0SlabFull:0, Trodden Dirt Slab
Botania:endStoneBrick0Slab:0, End Stone Brick Slab
Botania:endStoneBrick0SlabFull:0, End Stone Brick Slab
Botania:endStoneBrick2Slab:0, Ender Brick Slab
Botania:endStoneBrick2SlabFull:0, Ender Brick Slab
Botania:shimmerrock0Slab:0, Shimmerrock Slab
Botania:shimmerrock0SlabFull:0, Shimmerrock Slab
Botania:shimmerwoodPlanks0Slab:0, Shimmerwood Plank Slab
Botania:shimmerwoodPlanks0SlabFull:0, Shimmerwood Plank Slab
Botania:biomeStoneA0Slab:0, Metamorphic Forest Stone Slab
Botania:biomeStoneA0SlabFull:0, Metamorphic Forest Stone Slab
Botania:biomeStoneA1Slab:0, Metamorphic Plains Stone Slab
Botania:biomeStoneA1SlabFull:0, Metamorphic Plains Stone Slab
Botania:biomeStoneA2Slab:0, Metamorphic Mountain Stone Slab
Botania:biomeStoneA2SlabFull:0, Metamorphic Mountain Stone Slab
Botania:biomeStoneA3Slab:0, Metamorphic Fungal Stone Slab
Botania:biomeStoneA3SlabFull:0, Metamorphic Fungal Stone Slab
Botania:biomeStoneA4Slab:0, Metamorphic Swamp Stone Slab
Botania:biomeStoneA4SlabFull:0, Metamorphic Swamp Stone Slab
Botania:biomeStoneA5Slab:0, Metamorphic Desert Stone Slab
Botania:biomeStoneA5SlabFull:0, Metamorphic Desert Stone Slab
Botania:biomeStoneA6Slab:0, Metamorphic Taiga Stone Slab
Botania:biomeStoneA6SlabFull:0, Metamorphic Taiga Stone Slab
Botania:biomeStoneA7Slab:0, Metamorphic Mesa Stone Slab
Botania:biomeStoneA7SlabFull:0, Metamorphic Mesa Stone Slab
Botania:biomeStoneA8Slab:0, Metamorphic Forest Cobblestone Slab
Botania:biomeStoneA8SlabFull:0, Metamorphic Forest Cobblestone Slab
Botania:biomeStoneA9Slab:0, Metamorphic Plains Cobblestone Slab
Botania:biomeStoneA9SlabFull:0, Metamorphic Plains Cobblestone Slab
Botania:biomeStoneA10Slab:0, Metamorphic Mountain Cobblestone Slab
Botania:biomeStoneA10SlabFull:0, Metamorphic Mountain Cobblestone Slab
Botania:biomeStoneA11Slab:0, Metamorphic Fungal Cobblestone Slab
Botania:biomeStoneA11SlabFull:0, Metamorphic Fungal Cobblestone Slab
Botania:biomeStoneA12Slab:0, Metamorphic Swamp Cobblestone Slab
Botania:biomeStoneA12SlabFull:0, Metamorphic Swamp Cobblestone Slab
Botania:biomeStoneA13Slab:0, Metamorphic Desert Cobblestone Slab
Botania:biomeStoneA13SlabFull:0, Metamorphic Desert Cobblestone Slab
Botania:biomeStoneA14Slab:0, Metamorphic Taiga Cobblestone Slab
Botania:biomeStoneA14SlabFull:0, Metamorphic Taiga Cobblestone Slab
Botania:biomeStoneA15Slab:0, Metamorphic Mesa Cobblestone Slab
Botania:biomeStoneA15SlabFull:0, Metamorphic Mesa Cobblestone Slab
Botania:biomeStoneB0Slab:0, Metamorphic Forest Stone Brick Slab
Botania:biomeStoneB0SlabFull:0, Metamorphic Forest Stone Brick Slab
Botania:biomeStoneB1Slab:0, Metamorphic Plains Stone Brick Slab
Botania:biomeStoneB1SlabFull:0, Metamorphic Plains Stone Brick Slab
Botania:biomeStoneB2Slab:0, Metamorphic Mountain Stone Brick Slab
Botania:biomeStoneB2SlabFull:0, Metamorphic Mountain Stone Brick Slab
Botania:biomeStoneB3Slab:0, Metamorphic Fungal Stone Brick Slab
Botania:biomeStoneB3SlabFull:0, Metamorphic Fungal Stone Brick Slab
Botania:biomeStoneB4Slab:0, Metamorphic Swamp Stone Brick Slab
Botania:biomeStoneB4SlabFull:0, Metamorphic Swamp Stone Brick Slab
Botania:biomeStoneB5Slab:0, Metamorphic Desert Stone Brick Slab
Botania:biomeStoneB5SlabFull:0, Metamorphic Desert Stone Brick Slab
Botania:biomeStoneB6Slab:0, Metamorphic Taiga Stone Brick Slab
Botania:biomeStoneB6SlabFull:0, Metamorphic Taiga Stone Brick Slab
Botania:biomeStoneB7Slab:0, Metamorphic Mesa Stone Bricks Slab
Botania:biomeStoneB7SlabFull:0, Metamorphic Mesa Stone Bricks Slab
Botania:stone0Slab:0, Andesite Slab
Botania:stone0SlabFull:0, Andesite Slab
Botania:stone1Slab:0, Basalt Slab
Botania:stone1SlabFull:0, Basalt Slab
Botania:stone2Slab:0, Diorite Slab
Botania:stone2SlabFull:0, Diorite Slab
Botania:stone3Slab:0, Granite Slab
Botania:stone3SlabFull:0, Granite Slab
Botania:stone8Slab:0, Andesite Brick Slab
Botania:stone8SlabFull:0, Andesite Brick Slab
Botania:stone9Slab:0, Basalt Brick Slab
Botania:stone9SlabFull:0, Basalt Brick Slab
Botania:stone10Slab:0, Diorite Brick Slab
Botania:stone10SlabFull:0, Diorite Brick Slab
Botania:stone11Slab:0, Granite Brick Slab
Botania:stone11SlabFull:0, Granite Brick Slab
Botania:pavement0Slab:0, White Portuguese Pavement Slab
Botania:pavement0SlabFull:0, White Portuguese Pavement Slab
Botania:pavement1Slab:0, Black Portuguese Pavement Slab
Botania:pavement1SlabFull:0, Black Portuguese Pavement Slab
Botania:pavement2Slab:0, Blue Portuguese Pavement Slab
Botania:pavement2SlabFull:0, Blue Portuguese Pavement Slab
Botania:pavement3Slab:0, Red Portuguese Pavement Slab
Botania:pavement3SlabFull:0, Red Portuguese Pavement Slab
Botania:pavement4Slab:0, Yellow Portuguese Pavement Slab
Botania:pavement4SlabFull:0, Yellow Portuguese Pavement Slab
Botania:pavement5Slab:0, Green Portuguese Pavement Slab
Botania:pavement5SlabFull:0, Green Portuguese Pavement Slab
Avaritia:Double_Craft, Compressed Crafting Table
Avaritia:Triple_Craft, Double Compressed Crafting Table
Avaritia:Dire_Crafting, Dire Crafting Table
Avaritia:Crystal_Matrix, Crystal Matrix
Avaritia:Resource_Block:0, Neutronium Block
Avaritia:Resource_Block:1, Infinity Block
Avaritia:Neutron_Collector, Neutron Collector
Avaritia:Neutronium_Compressor, Neutronium Compressor
avaritiaddons:CompressedChest, Compressed Chest
avaritiaddons:InfinityChest, Infinity Chest
avaritiaddons:ExtremeAutoCrafter, Dire Autocrafting Table
BiblioCraft:tile.BiblioFramedChest:0, Framed Chest
BiblioCraft:BiblioPaneler:0, Oak Furniture Paneler
BiblioCraft:BiblioPaneler:1, Spruce Furniture Paneler
BiblioCraft:BiblioPaneler:2, Birch Furniture Paneler
BiblioCraft:BiblioPaneler:3, Jungle Furniture Paneler
BiblioCraft:BiblioPaneler:4, Acacia Furniture Paneler
BiblioCraft:BiblioPaneler:5, Dark Oak Furniture Paneler
BiblioCraft:BiblioPaneler:6, Framed Furniture Paneler
BiblioCraft:BiblioClipboard, tile.BiblioClipboard.name
BiblioCraft:BiblioTypewriter:0, White Typewriter
BiblioCraft:BiblioTypewriter:1, Light Gray Typewriter
BiblioCraft:BiblioTypewriter:2, Gray Typewriter
BiblioCraft:BiblioTypewriter:3, Black Typewriter
BiblioCraft:BiblioTypewriter:4, Red Typewriter
BiblioCraft:BiblioTypewriter:5, Orange Typewriter
BiblioCraft:BiblioTypewriter:6, Yellow Typewriter
BiblioCraft:BiblioTypewriter:7, Lime Typewriter
BiblioCraft:BiblioTypewriter:8, Green Typewriter
BiblioCraft:BiblioTypewriter:9, Cyan Typewriter
BiblioCraft:BiblioTypewriter:10, Light Blue Typewriter
BiblioCraft:BiblioTypewriter:11, Blue Typewriter
BiblioCraft:BiblioTypewriter:12, Purple Typewriter
BiblioCraft:BiblioTypewriter:13, Magenta Typewriter
BiblioCraft:BiblioTypewriter:14, Pink Typewriter
BiblioCraft:BiblioTypewriter:15, Brown Typewriter
BiblioCraft:BiblioClock:0, Oak Clock
BiblioCraft:BiblioClock:1, Spruce Clock
BiblioCraft:BiblioClock:2, Birch Clock
BiblioCraft:BiblioClock:3, Jungle Clock
BiblioCraft:BiblioClock:4, Acacia Clock
BiblioCraft:BiblioClock:5, Dark Oak Clock
BiblioCraft:BiblioClock:6, Framed Clock
BiblioCraft:BiblioFlatPainting:0, Oak Painting Frame
BiblioCraft:BiblioFlatPainting:1, Spruce Painting Frame
BiblioCraft:BiblioFlatPainting:2, Birch Painting Frame
BiblioCraft:BiblioFlatPainting:3, Jungle Painting Frame
BiblioCraft:BiblioFlatPainting:4, Acacia Painting Frame
BiblioCraft:BiblioFlatPainting:5, Dark Oak Painting Frame
BiblioCraft:BiblioFlatPainting:6, Framed Painting Frame
BiblioCraft:BiblioSimplePainting:0, Oak Painting Frame
BiblioCraft:BiblioSimplePainting:1, Spruce Painting Frame
BiblioCraft:BiblioSimplePainting:2, Birch Painting Frame
BiblioCraft:BiblioSimplePainting:3, Jungle Painting Frame
BiblioCraft:BiblioSimplePainting:4, Acacia Painting Frame
BiblioCraft:BiblioSimplePainting:5, Dark Oak Painting Frame
BiblioCraft:BiblioSimplePainting:6, Framed Painting Frame
BiblioCraft:BiblioMiddlePainting:0, Oak Painting Frame
BiblioCraft:BiblioMiddlePainting:1, Spruce Painting Frame
BiblioCraft:BiblioMiddlePainting:2, Birch Painting Frame
BiblioCraft:BiblioMiddlePainting:3, Jungle Painting Frame
BiblioCraft:BiblioMiddlePainting:4, Acacia Painting Frame
BiblioCraft:BiblioMiddlePainting:5, Dark Oak Painting Frame
BiblioCraft:BiblioMiddlePainting:6, Framed Painting Frame
BiblioCraft:BiblioFancyPainting:0, Oak Painting Frame
BiblioCraft:BiblioFancyPainting:1, Spruce Painting Frame
BiblioCraft:BiblioFancyPainting:2, Birch Painting Frame
BiblioCraft:BiblioFancyPainting:3, Jungle Painting Frame
BiblioCraft:BiblioFancyPainting:4, Acacia Painting Frame
BiblioCraft:BiblioFancyPainting:5, Dark Oak Painting Frame
BiblioCraft:BiblioFancyPainting:6, Framed Painting Frame
BiblioCraft:BiblioBorderlessPainting:0, Oak Painting Frame
BiblioCraft:BiblioBorderlessPainting:1, Spruce Painting Frame
BiblioCraft:BiblioBorderlessPainting:2, Birch Painting Frame
BiblioCraft:BiblioBorderlessPainting:3, Jungle Painting Frame
BiblioCraft:BiblioBorderlessPainting:4, Acacia Painting Frame
BiblioCraft:BiblioBorderlessPainting:5, Dark Oak Painting Frame
BiblioCraft:BiblioBorderlessPainting:6, Framed Painting Frame
BiblioCraft:BiblioPaintPress, Painting Press
BiblioCraft:BiblioSwordPedestal:0, Sword Pedestal
BiblioCraft:BiblioSwordPedestal:1, Sword Pedestal
BiblioCraft:BiblioSwordPedestal:2, Sword Pedestal
BiblioCraft:BiblioSwordPedestal:3, Sword Pedestal
BiblioCraft:BiblioSwordPedestal:4, Sword Pedestal
BiblioCraft:BiblioSwordPedestal:5, Sword Pedestal
BiblioCraft:BiblioSwordPedestal:6, Sword Pedestal
BiblioCraft:BiblioSwordPedestal:7, Sword Pedestal
BiblioCraft:BiblioSwordPedestal:8, Sword Pedestal
BiblioCraft:BiblioSwordPedestal:9, Sword Pedestal
BiblioCraft:BiblioSwordPedestal:10, Sword Pedestal
BiblioCraft:BiblioSwordPedestal:11, Sword Pedestal
BiblioCraft:BiblioSwordPedestal:12, Sword Pedestal
BiblioCraft:BiblioSwordPedestal:13, Sword Pedestal
BiblioCraft:BiblioSwordPedestal:14, Sword Pedestal
BiblioCraft:BiblioSwordPedestal:15, Sword Pedestal
BiblioCraft:BiblioFancySign:0, Oak Fancy Sign
BiblioCraft:BiblioFancySign:1, Spruce Fancy Sign
BiblioCraft:BiblioFancySign:2, Birch Fancy Sign
BiblioCraft:BiblioFancySign:3, Jungle Fancy Sign
BiblioCraft:BiblioFancySign:4, Acacia Fancy Sign
BiblioCraft:BiblioFancySign:5, Dark Oak Fancy Sign
BiblioCraft:BiblioFancySign:6, Framed Fancy Sign
BiblioCraft:BiblioWorkbench:0, Oak Fancy Workbench
BiblioCraft:BiblioWorkbench:1, Spruce Fancy Workbench
BiblioCraft:BiblioWorkbench:2, Birch Fancy Workbench
BiblioCraft:BiblioWorkbench:3, Jungle Fancy Workbench
BiblioCraft:BiblioWorkbench:4, Acacia Fancy Workbench
BiblioCraft:BiblioWorkbench:5, Dark Oak Fancy Workbench
BiblioCraft:BiblioWorkbench:6, Framed Fancy Workbench
BiblioCraft:BiblioBell, Desk Bell
BiblioCraft:Bibliotheca:0, Oak Bookcase
BiblioCraft:Bibliotheca:1, Spruce Bookcase
BiblioCraft:Bibliotheca:2, Birch Bookcase
BiblioCraft:Bibliotheca:3, Jungle Bookcase
BiblioCraft:Bibliotheca:4, Acacia Bookcase
BiblioCraft:Bibliotheca:5, Dark Oak Bookcase
BiblioCraft:Bibliotheca:6, Framed Bookcase
BiblioCraft:BookcaseFilled:0, Oak Bookcase
BiblioCraft:BookcaseFilled:1, Spruce Bookcase
BiblioCraft:BookcaseFilled:2, Birch Bookcase
BiblioCraft:BookcaseFilled:3, Jungle Bookcase
BiblioCraft:BookcaseFilled:4, Acacia Bookcase
BiblioCraft:BookcaseFilled:5, Dark Oak Bookcase
BiblioCraft:BookcaseFilled:6, Framed Bookcase
BiblioCraft:BiblioPotionShelf:0, Oak Potion Shelf
BiblioCraft:BiblioPotionShelf:1, Spruce Potion Shelf
BiblioCraft:BiblioPotionShelf:2, Birch Potion Shelf
BiblioCraft:BiblioPotionShelf:3, Jungle Potion Shelf
BiblioCraft:BiblioPotionShelf:4, Acacia Potion Shelf
BiblioCraft:BiblioPotionShelf:5, Dark Oak Potion Shelf
BiblioCraft:BiblioPotionShelf:6, Framed Potion Shelf
BiblioCraft:BiblioShelf:0, Oak Shelf
BiblioCraft:BiblioShelf:1, Spruce Shelf
BiblioCraft:BiblioShelf:2, Birch Shelf
BiblioCraft:BiblioShelf:3, Jungle Shelf
BiblioCraft:BiblioShelf:4, Acacia Shelf
BiblioCraft:BiblioShelf:5, Dark Oak Shelf
BiblioCraft:BiblioShelf:6, Framed Shelf
BiblioCraft:BiblioRack:0, Oak Tool Rack
BiblioCraft:BiblioRack:1, Spruce Tool Rack
BiblioCraft:BiblioRack:2, Birch Tool Rack
BiblioCraft:BiblioRack:3, Jungle Tool Rack
BiblioCraft:BiblioRack:4, Acacia Tool Rack
BiblioCraft:BiblioRack:5, Dark Oak Tool Rack
BiblioCraft:BiblioRack:6, Framed Tool Rack
BiblioCraft:BiblioCase:0, Oak Case
BiblioCraft:BiblioCase:1, Spruce Case
BiblioCraft:BiblioCase:2, Birch Case
BiblioCraft:BiblioCase:3, Jungle Case
BiblioCraft:BiblioCase:4, Acacia Case
BiblioCraft:BiblioCase:5, Dark Oak Case
BiblioCraft:BiblioCase:6, Framed Case
BiblioCraft:BiblioLabel:0, Oak Wood Label
BiblioCraft:BiblioLabel:1, Spruce Wood Label
BiblioCraft:BiblioLabel:2, Birch Wood Label
BiblioCraft:BiblioLabel:3, Jungle Wood Label
BiblioCraft:BiblioLabel:4, Acacia Label
BiblioCraft:BiblioLabel:5, Dark Oak Label
BiblioCraft:BiblioLabel:6, Framed Label
BiblioCraft:BiblioDesk:0, Oak Desk
BiblioCraft:BiblioDesk:1, Spruce Desk
BiblioCraft:BiblioDesk:2, Birch Desk
BiblioCraft:BiblioDesk:3, Jungle Desk
BiblioCraft:BiblioDesk:4, Acacia Desk
BiblioCraft:BiblioDesk:5, Dark Oak Desk
BiblioCraft:BiblioDesk:6, Framed Desk
BiblioCraft:BiblioTable:0, Oak Table
BiblioCraft:BiblioTable:1, Spruce Table
BiblioCraft:BiblioTable:2, Birch Table
BiblioCraft:BiblioTable:3, Jungle Table
BiblioCraft:BiblioTable:4, Acacia Table
BiblioCraft:BiblioTable:5, Dark Oak Table
BiblioCraft:BiblioTable:6, Framed Table
BiblioCraft:Armor Stand, Armor Stand
BiblioCraft:Typesetting Machine, Typesetting Table
BiblioCraft:Printing Press, Printing Press
BiblioCraft:BiblioLantern:0, Fancy Lantern
BiblioCraft:BiblioLantern:1, Fancy Lantern
BiblioCraft:BiblioLantern:2, Fancy Lantern
BiblioCraft:BiblioLantern:3, Fancy Lantern
BiblioCraft:BiblioLantern:4, Fancy Lantern
BiblioCraft:BiblioLantern:5, Fancy Lantern
BiblioCraft:BiblioLantern:6, Fancy Lantern
BiblioCraft:BiblioLantern:7, Fancy Lantern
BiblioCraft:BiblioLantern:8, Fancy Lantern
BiblioCraft:BiblioLantern:9, Fancy Lantern
BiblioCraft:BiblioLantern:10, Fancy Lantern
BiblioCraft:BiblioLantern:11, Fancy Lantern
BiblioCraft:BiblioLantern:12, Fancy Lantern
BiblioCraft:BiblioLantern:13, Fancy Lantern
BiblioCraft:BiblioLantern:14, Fancy Lantern
BiblioCraft:BiblioLantern:15, Fancy Lantern
BiblioCraft:BiblioIronLantern:0, Fancy Lantern
BiblioCraft:BiblioIronLantern:1, Fancy Lantern
BiblioCraft:BiblioIronLantern:2, Fancy Lantern
BiblioCraft:BiblioIronLantern:3, Fancy Lantern
BiblioCraft:BiblioIronLantern:4, Fancy Lantern
BiblioCraft:BiblioIronLantern:5, Fancy Lantern
BiblioCraft:BiblioIronLantern:6, Fancy Lantern
BiblioCraft:BiblioIronLantern:7, Fancy Lantern
BiblioCraft:BiblioIronLantern:8, Fancy Lantern
BiblioCraft:BiblioIronLantern:9, Fancy Lantern
BiblioCraft:BiblioIronLantern:10, Fancy Lantern
BiblioCraft:BiblioIronLantern:11, Fancy Lantern
BiblioCraft:BiblioIronLantern:12, Fancy Lantern
BiblioCraft:BiblioIronLantern:13, Fancy Lantern
BiblioCraft:BiblioIronLantern:14, Fancy Lantern
BiblioCraft:BiblioIronLantern:15, Fancy Lantern
BiblioCraft:BiblioLamp:0, Fancy Lamp
BiblioCraft:BiblioLamp:1, Fancy Lamp
BiblioCraft:BiblioLamp:2, Fancy Lamp
BiblioCraft:BiblioLamp:3, Fancy Lamp
BiblioCraft:BiblioLamp:4, Fancy Lamp
BiblioCraft:BiblioLamp:5, Fancy Lamp
BiblioCraft:BiblioLamp:6, Fancy Lamp
BiblioCraft:BiblioLamp:7, Fancy Lamp
BiblioCraft:BiblioLamp:8, Fancy Lamp
BiblioCraft:BiblioLamp:9, Fancy Lamp
BiblioCraft:BiblioLamp:10, Fancy Lamp
BiblioCraft:BiblioLamp:11, Fancy Lamp
BiblioCraft:BiblioLamp:12, Fancy Lamp
BiblioCraft:BiblioLamp:13, Fancy Lamp
BiblioCraft:BiblioLamp:14, Fancy Lamp
BiblioCraft:BiblioLamp:15, Fancy Lamp
BiblioCraft:BiblioIronLamp:0, Fancy Lamp
BiblioCraft:BiblioIronLamp:1, Fancy Lamp
BiblioCraft:BiblioIronLamp:2, Fancy Lamp
BiblioCraft:BiblioIronLamp:3, Fancy Lamp
BiblioCraft:BiblioIronLamp:4, Fancy Lamp
BiblioCraft:BiblioIronLamp:5, Fancy Lamp
BiblioCraft:BiblioIronLamp:6, Fancy Lamp
BiblioCraft:BiblioIronLamp:7, Fancy Lamp
BiblioCraft:BiblioIronLamp:8, Fancy Lamp
BiblioCraft:BiblioIronLamp:9, Fancy Lamp
BiblioCraft:BiblioIronLamp:10, Fancy Lamp
BiblioCraft:BiblioIronLamp:11, Fancy Lamp
BiblioCraft:BiblioIronLamp:12, Fancy Lamp
BiblioCraft:BiblioIronLamp:13, Fancy Lamp
BiblioCraft:BiblioIronLamp:14, Fancy Lamp
BiblioCraft:BiblioIronLamp:15, Fancy Lamp
BiblioCraft:BiblioStuffs:0, Cookie Jar
BiblioCraft:BiblioStuffs:2, Dinner Plate
BiblioCraft:BiblioStuffs:3, Disc Rack
BiblioCraft:BiblioMapFrames:0, Oak Map Frame
BiblioCraft:BiblioMapFrames:1, Spruce Map Frame
BiblioCraft:BiblioMapFrames:2, Birch Map Frame
BiblioCraft:BiblioMapFrames:3, Jungle Map Frame
BiblioCraft:BiblioMapFrames:4, Acacia Map Frame
BiblioCraft:BiblioMapFrames:5, Dark Oak Map Frame
BiblioCraft:BiblioMapFrames:6, Framed Map Frame
BiblioCraft:BiblioSeats:0, Oak Seat
BiblioCraft:BiblioSeats:1, Spruce Seat
BiblioCraft:BiblioSeats:2, Birch Seat
BiblioCraft:BiblioSeats:3, Jungle Seat
BiblioCraft:BiblioSeats:4, Acacia Seat
BiblioCraft:BiblioSeats:5, Dark Oak Seat
BiblioCraft:BiblioSeats:6, Framed Seat
ExtrabiomesXL:leaves_1:0, Umber Autumn Leaves
ExtrabiomesXL:leaves_1:1, Goldenrod Autumn Leaves
ExtrabiomesXL:leaves_1:2, Vermillion Autumn Leaves
ExtrabiomesXL:leaves_1:3, Citrine Autumn Leaves
ExtrabiomesXL:plants4, Cattail
ExtrabiomesXL:terrain_blocks2, Cracked Sand
ExtrabiomesXL:flower1:1, Hydrangea
ExtrabiomesXL:flower1:2, Buttercups
ExtrabiomesXL:flower1:3, Lavender
ExtrabiomesXL:flower1:4, Tiny Cactus
ExtrabiomesXL:flower1:6, Toad Stool
ExtrabiomesXL:flower1:7, White Calla Lilies
ExtrabiomesXL:flower2:0, Allium
ExtrabiomesXL:flower2:1, Pink Amaryllis
ExtrabiomesXL:flower2:2, Red Amaryllis
ExtrabiomesXL:flower2:3, White Amaryllis
ExtrabiomesXL:flower2:4, Bachelor's Button
ExtrabiomesXL:flower2:5, Bells of Ireland
ExtrabiomesXL:flower2:6, Bluebell
ExtrabiomesXL:flower2:7, Black Calla Lilies
ExtrabiomesXL:flower2:8, Daisy
ExtrabiomesXL:flower2:9, Dandelion
ExtrabiomesXL:flower2:11, Gardenia
ExtrabiomesXL:flower2:12, Orange Gerbera
ExtrabiomesXL:flower2:13, Pink Gerbera
ExtrabiomesXL:flower2:14, Red Gerbera
ExtrabiomesXL:flower2:15, Yellow Gerbera
ExtrabiomesXL:flower3:0, Pink Oriental Lily
ExtrabiomesXL:flower3:1, Blue Iris
ExtrabiomesXL:flower3:2, Purple Iris
ExtrabiomesXL:flower3:3, Lily
ExtrabiomesXL:flower3:4, Marsh Marigold
ExtrabiomesXL:flower3:5, Pansy
ExtrabiomesXL:flower3:6, Poppy
ExtrabiomesXL:flower3:7, Red Rover
ExtrabiomesXL:flower3:8, Snapdragon
ExtrabiomesXL:flower3:9, Tulip
ExtrabiomesXL:flower3:10, Violet
ExtrabiomesXL:flower3:11, Yarrow
ExtrabiomesXL:flower3:12, Delphinium Belladonna
ExtrabiomesXL:flower3:13, Blue Poppy
ExtrabiomesXL:grass:0, Brown Grass
ExtrabiomesXL:grass:1, Short Brown Grass
ExtrabiomesXL:grass:2, Dead Grass
ExtrabiomesXL:grass:3, Tall Dead Grass
ExtrabiomesXL:grass:4, Dead Yellow Grass
ExtrabiomesXL:leaves_4:0, Fir Leaves
ExtrabiomesXL:leaves_4:1, Redwood Leaves
ExtrabiomesXL:leaves_4:2, Acacia Leaves
ExtrabiomesXL:leaves_4:3, Cypress Leaves
ExtrabiomesXL:leaves_2:0, Bald Cypress Leaves
ExtrabiomesXL:leaves_2:1, Japanese Maple Leaves
ExtrabiomesXL:leaves_2:2, Japanese Maple Shrub Leaves
ExtrabiomesXL:leaves_2:3, Rainbow Eucalyptus Leaves
ExtrabiomesXL:leaves_3:0, Sakura Leaves
ExtrabiomesXL:leaf_pile, Leaf Pile
ExtrabiomesXL:terrain_blocks1:0, Red Rock
ExtrabiomesXL:terrain_blocks1:1, Red Cobblestone
ExtrabiomesXL:terrain_blocks1:2, Red Rock Brick
ExtrabiomesXL:saplings_1:0, Umber Autumn Sapling
ExtrabiomesXL:saplings_1:1, Goldenrod Autumn Sapling
ExtrabiomesXL:saplings_1:2, Vermillion Autumn Sapling
ExtrabiomesXL:saplings_1:3, Citrine Autumn Sapling
ExtrabiomesXL:saplings_1:4, Fir Sapling
ExtrabiomesXL:saplings_1:5, Redwood Sapling
ExtrabiomesXL:saplings_1:6, Acacia Sapling
ExtrabiomesXL:saplings_1:7, Cypress Sapling
ExtrabiomesXL:saplings_2:0, Bald Cypress Sapling
ExtrabiomesXL:saplings_2:1, Japanese Maple Sapling
ExtrabiomesXL:saplings_2:2, Japanese Maple Shrub Sapling
ExtrabiomesXL:saplings_2:3, Rainbow Eucalyptus Sapling
ExtrabiomesXL:saplings_2:4, Sakura Sapling
ExtrabiomesXL:log1:0, Fir Log
ExtrabiomesXL:log1:1, Acacia Log
ExtrabiomesXL:log1:2, Cypress Log
ExtrabiomesXL:log1:3, Japanese Maple Log
ExtrabiomesXL:log2:0, Rainbow Eucalyptus Log
ExtrabiomesXL:log2:1, Autumn Log
ExtrabiomesXL:log2:2, Bald Cypress Log
ExtrabiomesXL:log2:3, Redwood Log
ExtrabiomesXL:mini_log_1, tile.extrabiomes.log.name
ExtrabiomesXL:cornerlog_baldcypress, Bald Cypress Quarter Log
ExtrabiomesXL:cornerlog_rainboweucalyptus, Rainbow Eucalyptus Quarter Log
ExtrabiomesXL:cornerlog_oak, Oak Quarter Log
ExtrabiomesXL:cornerlog_fir, Fir Quarter Log
ExtrabiomesXL:cornerlog_redwood, Redwood Quarter Log
ExtrabiomesXL:log_elbow_baldcypress, Bald Cypress Elbow Log
ExtrabiomesXL:log_elbow_rainbow_eucalyptus, Rainbow Eucalyptus Elbow Log
ExtrabiomesXL:vines, Gloriosa
ExtrabiomesXL:waterplant1:0, Eelgrass
ExtrabiomesXL:tile.extrabiomes.crop.strawberry, Strawberries
ExtrabiomesXL:quicksand, Quicksand
ExtrabiomesXL:planks:0, Redwood Planks
ExtrabiomesXL:planks:1, Fir Wood Planks
ExtrabiomesXL:planks:2, Acacia Wood Planks
ExtrabiomesXL:planks:3, Cypress Wood Planks
ExtrabiomesXL:planks:4, Japanese Maple Wood Planks
ExtrabiomesXL:planks:5, Rainbow Eucalyptus Wood Planks
ExtrabiomesXL:planks:6, Autumn Wood Planks
ExtrabiomesXL:planks:7, Bald Cypress Wood Planks
ExtrabiomesXL:planks:8, Sakura Wood Planks
ExtrabiomesXL:woodslab2:0, Sakura Slab
ExtrabiomesXL:woodslab:0, Redwood Slab
ExtrabiomesXL:woodslab:1, Fir Wood Slab
ExtrabiomesXL:woodslab:2, Acacia Wood Slab
ExtrabiomesXL:woodslab:3, Cypress Slab
ExtrabiomesXL:woodslab:4, Japanese Maple Slab
ExtrabiomesXL:woodslab:5, Rainbow Eucalyptus Slab
ExtrabiomesXL:woodslab:6, Autumn Slab
ExtrabiomesXL:woodslab:7, Bald Cypress Slab
ExtrabiomesXL:stairs.redwood, Redwood Stairs
ExtrabiomesXL:stairs.fir, Fir Wood Stairs
ExtrabiomesXL:stairs.acacia, Acacia Wood Stairs
ExtrabiomesXL:stairs.rainboweucalyptus, Rainbow Eucalyptus Stairs
ExtrabiomesXL:stairs.cypress, Cypress Stairs
ExtrabiomesXL:stairs.baldcypress, Bald Cypress Stairs
ExtrabiomesXL:stairs.japanesemaple, Japanese Maple Stairs
ExtrabiomesXL:stairs.autumn, Autumn Stairs
ExtrabiomesXL:stairs.sakurablossom, Sakura Stairs
ExtrabiomesXL:slabRedRock:0, Red Cobblestone Slab
ExtrabiomesXL:slabRedRock:1, Red Rock Slab
ExtrabiomesXL:slabRedRock:2, Red Rock Brick Slab
ExtrabiomesXL:stairsRedCobble, Red Cobblestone Stairs
ExtrabiomesXL:redrockbrick, Red Rock Brick Stairs
ExtrabiomesXL:wall:0, Red Cobblestone Wall
ExtrabiomesXL:fence:2, Baldcypress Fence
ExtrabiomesXL:fence:6, Rainbow Eucalyptus Fence
ExtrabiomesXL:fence:7, Redwood Fence
ExtrabiomesXL:fence:3, Cypress Fence
ExtrabiomesXL:fence:1, Autumn Fence
ExtrabiomesXL:fence:4, Fir Fence
ExtrabiomesXL:fence:5, Japanese Maple Fence
ExtrabiomesXL:fence:0, Acacia Fence
ExtrabiomesXL:fence:8, Sakura Fence
ExtrabiomesXL:door_acacia, Acacia Door
ExtrabiomesXL:door_autumn, Autumn Door
ExtrabiomesXL:door_baldcypress, Baldcypress Door
ExtrabiomesXL:door_cypress, Cypress Door
ExtrabiomesXL:door_fir, Fir Door
ExtrabiomesXL:door_japanesemaple, Japanese Maple Door
ExtrabiomesXL:door_rainboweucalyptus, Rainbow Eucalyptus Door
ExtrabiomesXL:door_redwood, Redwood Door
ExtrabiomesXL:door_sakura, Sakura Door
ExtrabiomesXL:fencegate_acacia, Acacia Fence Gate
ExtrabiomesXL:fencegate_autumn, Autumn Fence Gate
ExtrabiomesXL:fencegate_baldcypress, Baldcypress Fence Gate
ExtrabiomesXL:fencegate_cypress, Cypress Fence Gate
ExtrabiomesXL:fencegate_fir, Fir Fence Gate
ExtrabiomesXL:fencegate_japanesemaple, Japanese Maple Fence Gate
ExtrabiomesXL:fencegate_rainboweucalyptus, Rainbow Eucalyptus Fence Gate
ExtrabiomesXL:fencegate_redwood, Redwood Fence Gate
ExtrabiomesXL:fencegate_sakura, Sakura Fence Gate
BiblioWoodsEBXL:BiblioWoodBookcase:0, Acacia Bookcase
BiblioWoodsEBXL:BiblioWoodBookcase:1, Autumn Bookcase
BiblioWoodsEBXL:BiblioWoodBookcase:2, Bald Cypress Bookcase
BiblioWoodsEBXL:BiblioWoodBookcase:3, Cypress Bookcase
BiblioWoodsEBXL:BiblioWoodBookcase:4, Fir Bookcase
BiblioWoodsEBXL:BiblioWoodBookcase:5, Japanese Maple Bookcase
BiblioWoodsEBXL:BiblioWoodBookcase:6, Rainbow Eucalyptus Bookcase
BiblioWoodsEBXL:BiblioWoodBookcase:7, Redwood Bookcase
BiblioWoodsEBXL:BiblioWoodBookcase:8, Sakura Bookcase
BiblioWoodsEBXL:BiblioWoodpotshelf:0, Acacia Potion Shelf
BiblioWoodsEBXL:BiblioWoodpotshelf:1, Autumn Potion Shelf
BiblioWoodsEBXL:BiblioWoodpotshelf:2, Bald Cypress Potion Shelf
BiblioWoodsEBXL:BiblioWoodpotshelf:3, Cypress Potion Shelf
BiblioWoodsEBXL:BiblioWoodpotshelf:4, Fir Potion Shelf
BiblioWoodsEBXL:BiblioWoodpotshelf:5, Japanese Maple Potion Shelf
BiblioWoodsEBXL:BiblioWoodpotshelf:6, Rainbow Eucalyptus Potion Shelf
BiblioWoodsEBXL:BiblioWoodpotshelf:7, Redwood Potion Shelf
BiblioWoodsEBXL:BiblioWoodpotshelf:8, Sakura Potion Shelf
BiblioWoodsEBXL:BiblioWoodshelf:0, Acacia Shelf
BiblioWoodsEBXL:BiblioWoodshelf:1, Autumn Shelf
BiblioWoodsEBXL:BiblioWoodshelf:2, Bald Cypress Shelf
BiblioWoodsEBXL:BiblioWoodshelf:3, Cypress Shelf
BiblioWoodsEBXL:BiblioWoodshelf:4, Fir Shelf
BiblioWoodsEBXL:BiblioWoodshelf:5, Japanese Maple Shelf
BiblioWoodsEBXL:BiblioWoodshelf:6, Rainbow Eucalyptus Shelf
BiblioWoodsEBXL:BiblioWoodshelf:7, Redwood Shelf
BiblioWoodsEBXL:BiblioWoodshelf:8, Sakura Shelf
BiblioWoodsEBXL:BiblioWoodrack:0, Acacia Tool Rack
BiblioWoodsEBXL:BiblioWoodrack:1, Autumn Tool Rack
BiblioWoodsEBXL:BiblioWoodrack:2, BaldCypress Tool Rack
BiblioWoodsEBXL:BiblioWoodrack:3, Cypress Tool Rack
BiblioWoodsEBXL:BiblioWoodrack:4, Fir Tool Rack
BiblioWoodsEBXL:BiblioWoodrack:5, Japanese Maple Tool Rack
BiblioWoodsEBXL:BiblioWoodrack:6, Rainbow Eucalyptus Tool Rack
BiblioWoodsEBXL:BiblioWoodrack:7, Redwood Tool Rack
BiblioWoodsEBXL:BiblioWoodrack:8, Sakura Tool Rack
BiblioWoodsEBXL:BiblioWoodcase:0, Acacia Case
BiblioWoodsEBXL:BiblioWoodcase:1, Acacia Case
BiblioWoodsEBXL:BiblioWoodcase:2, Acacia Case
BiblioWoodsEBXL:BiblioWoodcase:3, Acacia Case
BiblioWoodsEBXL:BiblioWoodcase:4, Autumn Case
BiblioWoodsEBXL:BiblioWoodcase:5, Autumn Case
BiblioWoodsEBXL:BiblioWoodcase:6, Autumn Case
BiblioWoodsEBXL:BiblioWoodcase:7, Autumn Case
BiblioWoodsEBXL:BiblioWoodcase:8, Bald Cypress Case
BiblioWoodsEBXL:BiblioWoodlabel:0, Acacia Label
BiblioWoodsEBXL:BiblioWoodlabel:1, Autumn Label
BiblioWoodsEBXL:BiblioWoodlabel:2, Bald Cypress Label
BiblioWoodsEBXL:BiblioWoodlabel:3, Cypress Label
BiblioWoodsEBXL:BiblioWoodlabel:4, Fir Label
BiblioWoodsEBXL:BiblioWoodlabel:5, Japanese Maple Label
BiblioWoodsEBXL:BiblioWoodlabel:6, Rainbow Eucalyptus Label
BiblioWoodsEBXL:BiblioWoodlabel:7, Redwood Label
BiblioWoodsEBXL:BiblioWoodlabel:8, Sakura Label
BiblioWoodsEBXL:BiblioWooddesk:0, Acacia Desk
BiblioWoodsEBXL:BiblioWooddesk:1, Autumn Desk
BiblioWoodsEBXL:BiblioWooddesk:2, Bald Cypress Desk
BiblioWoodsEBXL:BiblioWooddesk:3, Cypress Desk
BiblioWoodsEBXL:BiblioWooddesk:4, Fir Desk
BiblioWoodsEBXL:BiblioWooddesk:5, Japanese Maple Desk
BiblioWoodsEBXL:BiblioWooddesk:6, Rainbow Eucalyptus Desk
BiblioWoodsEBXL:BiblioWooddesk:7, Redwood Desk
BiblioWoodsEBXL:BiblioWooddesk:8, Sakura Desk
BiblioWoodsEBXL:BiblioWoodtable:0, Acacia Table
BiblioWoodsEBXL:BiblioWoodtable:1, Autumn Table
BiblioWoodsEBXL:BiblioWoodtable:2, Bald Cypress Table
BiblioWoodsEBXL:BiblioWoodtable:3, Cypress Table
BiblioWoodsEBXL:BiblioWoodtable:4, Fir Table
BiblioWoodsEBXL:BiblioWoodtable:5, Japanese Maple Table
BiblioWoodsEBXL:BiblioWoodtable:6, Rainbow Eucalyptus Table
BiblioWoodsEBXL:BiblioWoodtable:7, Redwood Table
BiblioWoodsEBXL:BiblioWoodtable:8, Sakura Table
BiblioWoodsEBXL:BiblioWoodSeat:0, Acacia Seat
BiblioWoodsEBXL:BiblioWoodSeat:1, Autumn Seat
BiblioWoodsEBXL:BiblioWoodSeat:2, Bald Cypress Seat
BiblioWoodsEBXL:BiblioWoodSeat:3, Cypress Seat
BiblioWoodsEBXL:BiblioWoodSeat:4, Fir Seat
BiblioWoodsEBXL:BiblioWoodSeat:5, Japanese Maple Seat
BiblioWoodsEBXL:BiblioWoodSeat:6, Rainbow Eucalyptus Seat
BiblioWoodsEBXL:BiblioWoodSeat:7, Redwood Seat
BiblioWoodsEBXL:BiblioWoodSeat:8, Sakura Seat
BiblioWoodsEBXL:BiblioWoodMapFrame:0, Acacia Map Frame
BiblioWoodsEBXL:BiblioWoodMapFrame:1, Autumn Map Frame
BiblioWoodsEBXL:BiblioWoodMapFrame:2, Bald Cypress Map Frame
BiblioWoodsEBXL:BiblioWoodMapFrame:3, Cypress Map Frame
BiblioWoodsEBXL:BiblioWoodMapFrame:4, Fir Map Frame
BiblioWoodsEBXL:BiblioWoodMapFrame:5, Japanese Maple Map Frame
BiblioWoodsEBXL:BiblioWoodMapFrame:6, Rainbow Eucalyptus Map Frame
BiblioWoodsEBXL:BiblioWoodMapFrame:7, Redwood Map Frame
BiblioWoodsEBXL:BiblioWoodMapFrame:8, Sakura Map Frame
BiblioWoodsEBXL:BiblioWoodFancySign:0, Acacia Fancy Sign
BiblioWoodsEBXL:BiblioWoodFancySign:1, Autumn Fancy Sign
BiblioWoodsEBXL:BiblioWoodFancySign:2, Bald Cypress Fancy Sign
BiblioWoodsEBXL:BiblioWoodFancySign:3, Cypress Fancy Sign
BiblioWoodsEBXL:BiblioWoodFancySign:4, Fir Fancy Sign
BiblioWoodsEBXL:BiblioWoodFancySign:5, Japanese Maple Fancy Sign
BiblioWoodsEBXL:BiblioWoodFancySign:6, Rainbow Eucalyptus Fancy Sign
BiblioWoodsEBXL:BiblioWoodFancySign:7, Redwood Fancy Sign
BiblioWoodsEBXL:BiblioWoodFancySign:8, Sakura Fancy Sign
BiblioWoodsEBXL:BiblioWoodFancyWorkbench:0, Acacia Fancy Workbench
BiblioWoodsEBXL:BiblioWoodFancyWorkbench:1, Autumn Fancy Workbench
BiblioWoodsEBXL:BiblioWoodFancyWorkbench:2, Bald Cypress Fancy Workbench
BiblioWoodsEBXL:BiblioWoodFancyWorkbench:3, Cypress Fancy Workbench
BiblioWoodsEBXL:BiblioWoodFancyWorkbench:4, Fir Fancy Workbench
BiblioWoodsEBXL:BiblioWoodFancyWorkbench:5, Japanese Maple Fancy Workbench
BiblioWoodsEBXL:BiblioWoodFancyWorkbench:6, Rainbow Eucalyptus Fancy Workbench
BiblioWoodsEBXL:BiblioWoodFancyWorkbench:7, Redwood Fancy Workbench
BiblioWoodsEBXL:BiblioWoodFancyWorkbench:8, Sakura Fancy Workbench
BiblioWoodsEBXL:BiblioWoodClock:0, Acacia Clock
BiblioWoodsEBXL:BiblioWoodClock:1, Autumn Clock
BiblioWoodsEBXL:BiblioWoodClock:2, Bald Cypress Clock
BiblioWoodsEBXL:BiblioWoodClock:3, Cypress Clock
BiblioWoodsEBXL:BiblioWoodClock:4, Fir Clock
BiblioWoodsEBXL:BiblioWoodClock:5, Japanese Maple Clock
BiblioWoodsEBXL:BiblioWoodClock:6, Rainbow Eucalyptus Clock
BiblioWoodsEBXL:BiblioWoodClock:7, Redwood Clock
BiblioWoodsEBXL:BiblioWoodClock:8, Sakura Clock
BiblioWoodsEBXL:BiblioWoodPaintingT0:0, Acacia Painting Frame
BiblioWoodsEBXL:BiblioWoodPaintingT0:1, Autumn Painting Frame
BiblioWoodsEBXL:BiblioWoodPaintingT0:2, Bald Cypress Painting Frame
BiblioWoodsEBXL:BiblioWoodPaintingT0:3, Cypress Painting Frame
BiblioWoodsEBXL:BiblioWoodPaintingT0:4, Fir Painting Frame
BiblioWoodsEBXL:BiblioWoodPaintingT0:5, Japanese Maple Painting Frame
BiblioWoodsEBXL:BiblioWoodPaintingT0:6, Rainbow Eucalyptus Painting Frame
BiblioWoodsEBXL:BiblioWoodPaintingT0:7, Redwood Painting Frame
BiblioWoodsEBXL:BiblioWoodPaintingT0:8, Sakura Painting Frame
BiblioWoodsEBXL:BiblioWoodPaintingT1:0, Acacia Painting Frame
BiblioWoodsEBXL:BiblioWoodPaintingT1:1, Autumn Painting Frame
BiblioWoodsEBXL:BiblioWoodPaintingT1:2, Bald Cypress Painting Frame
BiblioWoodsEBXL:BiblioWoodPaintingT1:3, Cypress Painting Frame
BiblioWoodsEBXL:BiblioWoodPaintingT1:4, Fir Painting Frame
BiblioWoodsEBXL:BiblioWoodPaintingT1:5, Japanese Maple Painting Frame
BiblioWoodsEBXL:BiblioWoodPaintingT1:6, Rainbow Eucalyptus Painting Frame
BiblioWoodsEBXL:BiblioWoodPaintingT1:7, Redwood Painting Frame
BiblioWoodsEBXL:BiblioWoodPaintingT1:8, Sakura Painting Frame
BiblioWoodsEBXL:BiblioWoodPaintingT2:0, Acacia Painting Frame
BiblioWoodsEBXL:BiblioWoodPaintingT2:1, Autumn Painting Frame
BiblioWoodsEBXL:BiblioWoodPaintingT2:2, Bald Cypress Painting Frame
BiblioWoodsEBXL:BiblioWoodPaintingT2:3, Cypress Painting Frame
BiblioWoodsEBXL:BiblioWoodPaintingT2:4, Fir Painting Frame
BiblioWoodsEBXL:BiblioWoodPaintingT2:5, Japanese Maple Painting Frame
BiblioWoodsEBXL:BiblioWoodPaintingT2:6, Rainbow Eucalyptus Painting Frame
BiblioWoodsEBXL:BiblioWoodPaintingT2:7, Redwood Painting Frame
BiblioWoodsEBXL:BiblioWoodPaintingT2:8, Sakura Painting Frame
BiblioWoodsEBXL:BiblioWoodPaintingT3:0, Acacia Painting Frame
BiblioWoodsEBXL:BiblioWoodPaintingT3:1, Autumn Painting Frame
BiblioWoodsEBXL:BiblioWoodPaintingT3:2, Bald Cypress Painting Frame
BiblioWoodsEBXL:BiblioWoodPaintingT3:3, Cypress Painting Frame
BiblioWoodsEBXL:BiblioWoodPaintingT3:4, Fir Painting Frame
BiblioWoodsEBXL:BiblioWoodPaintingT3:5, Japanese Maple Painting Frame
BiblioWoodsEBXL:BiblioWoodPaintingT3:6, Rainbow Eucalyptus Painting Frame
BiblioWoodsEBXL:BiblioWoodPaintingT3:7, Redwood Painting Frame
BiblioWoodsEBXL:BiblioWoodPaintingT3:8, Sakura Painting Frame
BiblioWoodsEBXL:BiblioWoodPaintingT4:0, Acacia Painting Frame
BiblioWoodsEBXL:BiblioWoodPaintingT4:1, Autumn Painting Frame
BiblioWoodsEBXL:BiblioWoodPaintingT4:2, Bald Cypress Painting Frame
BiblioWoodsEBXL:BiblioWoodPaintingT4:3, Cypress Painting Frame
BiblioWoodsEBXL:BiblioWoodPaintingT4:4, Fir Painting Frame
BiblioWoodsEBXL:BiblioWoodPaintingT4:5, Japanese Maple Painting Frame
BiblioWoodsEBXL:BiblioWoodPaintingT4:6, Rainbow Eucalyptus Painting Frame
BiblioWoodsEBXL:BiblioWoodPaintingT4:7, Redwood Painting Frame
BiblioWoodsEBXL:BiblioWoodPaintingT4:8, Sakura Painting Frame
Natura:N Crops, Crops
Natura:BerryBush:12, Raspberry Bush
Natura:BerryBush:13, Blueberry Bush
Natura:BerryBush:14, Blackberry Bush
Natura:BerryBush:15, Maloberry Bush
Natura:NetherBerryBush:12, Blightberry Bush
Natura:NetherBerryBush:13, Duskberry Bush
Natura:NetherBerryBush:14, Skyberry Bush
Natura:NetherBerryBush:15, Stingberry Bush
Natura:Cloud:0, Cloud
Natura:Cloud:1, Dark Cloud
Natura:Cloud:2, Ash Cloud
Natura:Cloud:3, Sulfur Cloud
Natura:tree:0, Eucalyptus Wood
Natura:tree:1, Sakura Wood
Natura:tree:2, Ghostwood
Natura:tree:3, Hopseed Wood
Natura:redwood:0, Redwood Bark
Natura:redwood:1, Redwood
Natura:redwood:2, Redwood Root
Natura:planks:0, Eucalyptus Planks
Natura:planks:1, Sakura Planks
Natura:planks:2, Ghostwood Planks
Natura:planks:3, Redwood Planks
Natura:planks:4, Bloodwood Planks
Natura:planks:5, Hopseed Planks
Natura:planks:6, Maple Planks
Natura:planks:7, Silverbell Planks
Natura:planks:8, Amaranth Planks
Natura:planks:9, Tigerwood Planks
Natura:planks:10, Willow Planks
Natura:planks:11, Darkwood Planks
Natura:planks:12, Fusewood Planks
Natura:floraleaves:0, Redwood Leaves
Natura:floraleaves:1, Eucalyptus Leaves
Natura:floraleaves:2, Hopseed Leaves
Natura:floraleavesnocolor:0, Sakura Leaves
Natura:floraleavesnocolor:1, Ghostwood Leaves
Natura:floraleavesnocolor:2, Bloodleaves
Natura:floraleavesnocolor:3, Willow Leaves
Natura:florasapling:0, Redwood Sapling
Natura:florasapling:1, Eucalyptus Sapling
Natura:florasapling:2, Hopseed Sapling
Natura:florasapling:3, Sakura Sapling
Natura:florasapling:4, Ghostwood Sapling
Natura:florasapling:5, Blood Sapling
Natura:florasapling:6, Darkwood Sapling
Natura:florasapling:7, Fusewood Sapling
Natura:Saguaro:0, Saguaro Cactus
Natura:willow:0, Willow Wood
Natura:door.redwood, Redwood Door
Natura:door.eucalyptus, Eucalyptus Door
Natura:door.hopseed, Hopseed Door
Natura:door.sakura, Sakura Door
Natura:door.ghostwood, Ghostwood Door
Natura:door.bloodwood, Bloodwood Door
Natura:door.redwoodbark, Redwood Bark Door
Natura:bloodwood:0, Bloodwood
Natura:bloodwood:15, Bloodwood
Natura:soil.tainted, Tainted Soil
Natura:heatsand, Heat Sand
Natura:Dark Tree:0, Darkwood
Natura:Dark Tree:1, Fusewood
Natura:Dark Leaves:0, Darkwood Leaves
Natura:Dark Leaves:1, Darkwood Leaves
Natura:Dark Leaves:2, Darkwood Leaves
Natura:Dark Leaves:3, Fusewood Leaves
Natura:Thornvines, Thornvines
Natura:Glowshroom:0, Green Glowshroom
Natura:Glowshroom:1, Purple Glowshroom
Natura:Glowshroom:2, Blue Glowshroom
Natura:blueGlowshroom, Blue Glowshroom
Natura:purpleGlowshroom, Purple Glowshroom
Natura:greenGlowshroom, Green Glowshroom
Natura:Blazerail, Blaze Rail
Natura:BrailPowered, Powered Blaze Rail
Natura:BrailDetector, Detector Blaze Rail
Natura:BrailActivator, Activator Blaze Rail
Natura:NetherFurnace, Nether Furnace
Natura:Obelisk, Obelisk
Natura:NetherGlass:0, Soul Glass
Natura:NetherGlass:1, Heat Glass
Natura:NetherHopper, Hopper
Natura:NetherPressurePlate, Pressure Plate
Natura:NetherButton, Button
Natura:NetherLever, Lever
Natura:Rare Tree:0, Maple Wood
Natura:Rare Tree:1, Silverbell Wood
Natura:Rare Tree:2, Amaranth Wood
Natura:Rare Tree:3, Tiger Wood
Natura:Rare Leaves:0, Maple Leaves
Natura:Rare Leaves:1, Silverbell Leaves
Natura:Rare Leaves:2, Amaranth Leaves
Natura:Rare Leaves:3, Tiger Leaves
Natura:Rare Sapling:0, Maple Sapling
Natura:Rare Sapling:1, Silverbell Sapling
Natura:Rare Sapling:2, Amaranth Sapling
Natura:Rare Sapling:3, Tigerwood Sapling
Natura:Rare Sapling:4, Willow Sapling
Natura:Bluebells, Bluebells
Natura:Natura.workbench:0, Crafting Table
Natura:Natura.workbench:1, Crafting Table
Natura:Natura.workbench:2, Crafting Table
Natura:Natura.workbench:3, Crafting Table
Natura:Natura.workbench:4, Crafting Table
Natura:Natura.workbench:5, Crafting Table
Natura:Natura.workbench:6, Crafting Table
Natura:Natura.workbench:7, Crafting Table
Natura:Natura.workbench:8, Crafting Table
Natura:Natura.workbench:9, Crafting Table
Natura:Natura.workbench:10, Crafting Table
Natura:Natura.workbench:11, Crafting Table
Natura:Natura.workbench:12, Crafting Table
Natura:Natura.bookshelf:0, Bookshelf
Natura:Natura.bookshelf:1, Bookshelf
Natura:Natura.bookshelf:2, Bookshelf
Natura:Natura.bookshelf:3, Bookshelf
Natura:Natura.bookshelf:4, Bookshelf
Natura:Natura.bookshelf:5, Bookshelf
Natura:Natura.bookshelf:6, Bookshelf
Natura:Natura.bookshelf:7, Bookshelf
Natura:Natura.bookshelf:8, Bookshelf
Natura:Natura.bookshelf:9, Bookshelf
Natura:Natura.bookshelf:10, Bookshelf
Natura:Natura.bookshelf:11, Bookshelf
Natura:Natura.bookshelf:12, Bookshelf
Natura:Natura.fence:0, Fence
Natura:Natura.fence:1, Fence
Natura:Natura.fence:2, Fence
Natura:Natura.fence:3, Fence
Natura:Natura.fence:4, Fence
Natura:Natura.fence:5, Fence
Natura:Natura.fence:6, Fence
Natura:Natura.fence:7, Fence
Natura:Natura.fence:8, Fence
Natura:Natura.fence:9, Fence
Natura:Natura.fence:10, Fence
Natura:Natura.fence:11, Fence
Natura:Natura.fence:12, Fence
Natura:GrassBlock:0, Topiary Grass
Natura:GrassBlock:1, Bluegrass
Natura:GrassBlock:2, Autumnal Grass
Natura:GrassSlab:0, Topiary Grass Slab
Natura:GrassSlab:1, Bluegrass Slab
Natura:GrassSlab:2, Autumnal Grass Slab
Natura:plankSlab1:0, Eucalyptus Slab
Natura:plankSlab1:1, Sakura Slab
Natura:plankSlab1:2, Ghostwood Slab
Natura:plankSlab1:3, Redwood Slab
Natura:plankSlab1:4, Blood Slab
Natura:plankSlab1:5, Hopseed Slab
Natura:plankSlab1:6, Maple Slab
Natura:plankSlab1:7, Silverbell Slab
Natura:plankSlab2:0, Amaranth Slab
Natura:plankSlab2:1, Tigerwood Slab
Natura:plankSlab2:2, Willow Slab
Natura:plankSlab2:3, Darkwood Slab
Natura:plankSlab2:4, Fusewood Slab
Natura:stair.eucalyptus, Eucalyptus Stairs
Natura:stair.sakura, Sakura Stairs
Natura:stair.ghostwood, Ghostwood Stairs
Natura:stair.redwood, Redwood Stairs
Natura:stair.bloodwood, Blood Stairs
Natura:stair.hopseed, Hopseed Stairs
Natura:stair.maple, Maple Stairs
Natura:stair.silverbell, Silverbell Stairs
Natura:stair.amaranth, Amaranth Stairs
Natura:stair.tiger, Tigerwood Stairs
Natura:stair.willow, Willow Stairs
Natura:stair.darkwood, Darkwood Stairs
Natura:stair.fusewood, Fusewood Stairs
Natura:pressureplate.eucalyptus, Eucalyptus Pressure Plate
Natura:trapdoor.eucalyptus, Eucalyptus Trapdoor
Natura:button.eucalyptus, Eucalyptus Button
Natura:fenceGate.eucalyptus, Eucalyptus Fence Gate
Natura:pressureplate.sakura, Sakura Pressure Plate
Natura:trapdoor.sakura, Sakura Trapdoor
Natura:button.sakura, Sakura Button
Natura:fenceGate.sakura, Sakura Fence Gate
Natura:pressureplate.ghostwood, Ghostwood Pressure Plate
Natura:trapdoor.ghostwood, Ghostwood Trapdoor
Natura:button.ghostwood, Ghostwood Button
Natura:fenceGate.ghostwood, Ghostwood Fence Gate
Natura:pressureplate.redwood, Redwood Pressure Plate
Natura:trapdoor.redwood, Redwood Trapdoor
Natura:button.redwood, Redwood Button
Natura:fenceGate.redwood, Redwood Fence Gate
Natura:pressureplate.bloodwood, Blood Pressure Plate
Natura:trapdoor.bloodwood, Blood Trapdoor
Natura:button.bloodwood, Blood Button
Natura:fenceGate.bloodwood, Blood Fence Gate
Natura:pressureplate.hopseed, Hopseed Pressure Plate
Natura:trapdoor.hopseed, Hopseed Trapdoor
Natura:button.hopseed, Hopseed Button
Natura:fenceGate.hopseed, Hopseed Fence Gate
Natura:pressureplate.maple, Maple Pressure Plate
Natura:trapdoor.maple, Maple Trapdoor
Natura:button.maple, Maple Button
Natura:fenceGate.maple, Maple Fence Gate
Natura:pressureplate.amaranth, Amaranth Pressure Plate
Natura:trapdoor.amaranth, Amaranth Trapdoor
Natura:button.amaranth, Amaranth Button
Natura:fenceGate.amaranth, Amaranth Fence Gate
Natura:pressureplate.silverbell, Silverbell Pressure Plate
Natura:trapdoor.silverbell, Silverbell Trapdoor
Natura:button.silverbell, Silverbell Button
Natura:fenceGate.silverbell, Silverbell Fence Gate
Natura:pressureplate.tiger, Tigerwood Pressure Plate
Natura:trapdoor.tiger, Tigerwood Trapdoor
Natura:button.tiger, Tigerwood Button
Natura:fenceGate.tiger, Tigerwood Fence Gate
Natura:pressureplate.willow, Willow Pressure Plate
Natura:trapdoor.willow, Willow Trapdoor
Natura:button.willow, Willow Button
Natura:fenceGate.willow, Willow Fence Gate
Natura:pressureplate.darkwood, Darkwood Pressure Plate
Natura:trapdoor.darkwood, Darkwood Trapdoor
Natura:button.darkwood, Darkwood Button
Natura:fenceGate.darkwood, Darkwood Fence Gate
Natura:pressureplate.fusewood, Fusewood Pressure Plate
Natura:trapdoor.fusewood, Fusewood Trapdoor
Natura:button.fusewood, Fusewood Button
Natura:fenceGate.fusewood, Fusewood Fence Gate
BiblioWoodsNatura:BiblioWoodBookcase:0, Bloodwood Bookcase
BiblioWoodsNatura:BiblioWoodBookcase:1, Darkwood Bookcase
BiblioWoodsNatura:BiblioWoodBookcase:2, Eucalyptus Bookcase
BiblioWoodsNatura:BiblioWoodBookcase:3, Fusewood Bookcase
BiblioWoodsNatura:BiblioWoodBookcase:4, Ghostwood Bookcase
BiblioWoodsNatura:BiblioWoodBookcase:5, Hopseed Bookcase
BiblioWoodsNatura:BiblioWoodBookcase:6, Maple Bookcase
BiblioWoodsNatura:BiblioWoodBookcase:7, Amaranth Bookcase
BiblioWoodsNatura:BiblioWoodBookcase:8, Redwood Bookcase
BiblioWoodsNatura:BiblioWoodBookcase:9, Silverbell Bookcase
BiblioWoodsNatura:BiblioWoodBookcase:10, Sakura Bookcase
BiblioWoodsNatura:BiblioWoodBookcase:11, Tiger Bookcase
BiblioWoodsNatura:BiblioWoodBookcase:12, Willow Bookcase
BiblioWoodsNatura:BiblioWoodpotshelf:0, Bloodwood Potion Shelf
BiblioWoodsNatura:BiblioWoodpotshelf:1, Darkwood Potion Shelf
BiblioWoodsNatura:BiblioWoodpotshelf:2, Eucalyptus Potion Shelf
BiblioWoodsNatura:BiblioWoodpotshelf:3, Fusewood Potion Shelf
BiblioWoodsNatura:BiblioWoodpotshelf:4, Ghostwood Potion Shelf
BiblioWoodsNatura:BiblioWoodpotshelf:5, Hopseed Potion Shelf
BiblioWoodsNatura:BiblioWoodpotshelf:6, Maple Potion Shelf
BiblioWoodsNatura:BiblioWoodpotshelf:7, Amaranth Potion Shelf
BiblioWoodsNatura:BiblioWoodpotshelf:8, Redwood Potion Shelf
BiblioWoodsNatura:BiblioWoodpotshelf:9, Silverbell Potion Shelf
BiblioWoodsNatura:BiblioWoodpotshelf:10, Sakura Potion Shelf
BiblioWoodsNatura:BiblioWoodpotshelf:11, Tiger Potion Shelf
BiblioWoodsNatura:BiblioWoodpotshelf:12, Willow Potion Shelf
BiblioWoodsNatura:BiblioWoodshelf:0, Bloodwood Shelf
BiblioWoodsNatura:BiblioWoodshelf:1, Darkwood Shelf
BiblioWoodsNatura:BiblioWoodshelf:2, Eucalyptus Shelf
BiblioWoodsNatura:BiblioWoodshelf:3, Fusewood Shelf
BiblioWoodsNatura:BiblioWoodshelf:4, Ghostwood Shelf
BiblioWoodsNatura:BiblioWoodshelf:5, Hopseed Shelf
BiblioWoodsNatura:BiblioWoodshelf:6, Maple Shelf
BiblioWoodsNatura:BiblioWoodshelf:7, Amaranth Shelf
BiblioWoodsNatura:BiblioWoodshelf:8, Redwood Shelf
BiblioWoodsNatura:BiblioWoodshelf:9, Silverbell Shelf
BiblioWoodsNatura:BiblioWoodshelf:10, Sakura Shelf
BiblioWoodsNatura:BiblioWoodshelf:11, Tiger Shelf
BiblioWoodsNatura:BiblioWoodshelf:12, Willow Shelf
BiblioWoodsNatura:BiblioWoodrack:0, Bloodwood Tool Rack
BiblioWoodsNatura:BiblioWoodrack:1, Darkwood Tool Rack
BiblioWoodsNatura:BiblioWoodrack:2, Eucalyptus Tool Rack
BiblioWoodsNatura:BiblioWoodrack:3, Fusewood Tool Rack
BiblioWoodsNatura:BiblioWoodrack:4, Ghostwood Tool Rack
BiblioWoodsNatura:BiblioWoodrack:5, Hopseed Tool Rack
BiblioWoodsNatura:BiblioWoodrack:6, Maple Tool Rack
BiblioWoodsNatura:BiblioWoodrack:7, Amaranth Tool Rack
BiblioWoodsNatura:BiblioWoodrack:8, Redwood Tool Rack
BiblioWoodsNatura:BiblioWoodrack:9, Silverbell Tool Rack
BiblioWoodsNatura:BiblioWoodrack:10, Sakura Tool Rack
BiblioWoodsNatura:BiblioWoodrack:11, Tiger Tool Rack
BiblioWoodsNatura:BiblioWoodrack:12, Willow Tool Rack
BiblioWoodsNatura:BiblioWoodcase0:0, Bloodwood Case
BiblioWoodsNatura:BiblioWoodcase0:1, Darkwood Case
BiblioWoodsNatura:BiblioWoodcase0:2, Eucalyptus Case
BiblioWoodsNatura:BiblioWoodcase0:3, Fusewood Case
BiblioWoodsNatura:BiblioWoodcase0:4, Ghostwood Case
BiblioWoodsNatura:BiblioWoodcase0:5, Hopseed Case
BiblioWoodsNatura:BiblioWoodcase0:6, Maple Case
BiblioWoodsNatura:BiblioWoodcase0:7, Amaranth Case
BiblioWoodsNatura:BiblioWoodcase0:8, Redwood Case
BiblioWoodsNatura:BiblioWoodcase0:9, Silverbell Case
BiblioWoodsNatura:BiblioWoodcase0:10, Sakura Case
BiblioWoodsNatura:BiblioWoodcase0:11, Tiger Case
BiblioWoodsNatura:BiblioWoodcase0:12, Willow Case
BiblioWoodsNatura:BiblioWoodlabel:0, Bloodwood Label
BiblioWoodsNatura:BiblioWoodlabel:1, Darkwood Label
BiblioWoodsNatura:BiblioWoodlabel:2, Eucalyptus Label
BiblioWoodsNatura:BiblioWoodlabel:3, Fusewood Label
BiblioWoodsNatura:BiblioWoodlabel:4, Ghostwood Label
BiblioWoodsNatura:BiblioWoodlabel:5, Hopseed Label
BiblioWoodsNatura:BiblioWoodlabel:6, Maple Label
BiblioWoodsNatura:BiblioWoodlabel:7, Amaranth Label
BiblioWoodsNatura:BiblioWoodlabel:8, Redwood Label
BiblioWoodsNatura:BiblioWoodlabel:9, Silverbell Label
BiblioWoodsNatura:BiblioWoodlabel:10, Sakura Label
BiblioWoodsNatura:BiblioWoodlabel:11, Tiger Label
BiblioWoodsNatura:BiblioWoodlabel:12, Willow Label
BiblioWoodsNatura:BiblioWooddesk:0, Bloodwood Desk
BiblioWoodsNatura:BiblioWooddesk:1, Darkwood Desk
BiblioWoodsNatura:BiblioWooddesk:2, Eucalyptus Desk
BiblioWoodsNatura:BiblioWooddesk:3, Fusewood Desk
BiblioWoodsNatura:BiblioWooddesk:4, Ghostwood Desk
BiblioWoodsNatura:BiblioWooddesk:5, Hopseed Desk
BiblioWoodsNatura:BiblioWooddesk:6, Maple Desk
BiblioWoodsNatura:BiblioWooddesk:7, Amaranth Desk
BiblioWoodsNatura:BiblioWooddesk:8, Redwood Desk
BiblioWoodsNatura:BiblioWooddesk:9, Silverbell Desk
BiblioWoodsNatura:BiblioWooddesk:10, Sakura Desk
BiblioWoodsNatura:BiblioWooddesk:11, Tiger Desk
BiblioWoodsNatura:BiblioWooddesk:12, Willow Desk
BiblioWoodsNatura:BiblioWoodtable:0, Bloodwood Table
BiblioWoodsNatura:BiblioWoodtable:1, Darkwood Table
BiblioWoodsNatura:BiblioWoodtable:2, Eucalyptus Table
BiblioWoodsNatura:BiblioWoodtable:3, Fusewood Table
BiblioWoodsNatura:BiblioWoodtable:4, Ghostwood Table
BiblioWoodsNatura:BiblioWoodtable:5, Hopseed Table
BiblioWoodsNatura:BiblioWoodtable:6, Maple Table
BiblioWoodsNatura:BiblioWoodtable:7, Amaranth Table
BiblioWoodsNatura:BiblioWoodtable:8, Redwood Table
BiblioWoodsNatura:BiblioWoodtable:9, Silverbell Table
BiblioWoodsNatura:BiblioWoodtable:10, Sakura Table
BiblioWoodsNatura:BiblioWoodtable:11, Tiger Table
BiblioWoodsNatura:BiblioWoodtable:12, Willow Table
BiblioWoodsNatura:BiblioWoodSeat:0, Bloodwood Seat
BiblioWoodsNatura:BiblioWoodSeat:1, Darkwood Seat
BiblioWoodsNatura:BiblioWoodSeat:2, Eucalyptus Seat
BiblioWoodsNatura:BiblioWoodSeat:3, Fusewood Seat
BiblioWoodsNatura:BiblioWoodSeat:4, Ghostwood Seat
BiblioWoodsNatura:BiblioWoodSeat:5, Hopseed Seat
BiblioWoodsNatura:BiblioWoodSeat:6, Maple Seat
BiblioWoodsNatura:BiblioWoodSeat:7, Purpleheart Seat
BiblioWoodsNatura:BiblioWoodSeat:8, Redwood Seat
BiblioWoodsNatura:BiblioWoodSeat:9, Silverbell Seat
BiblioWoodsNatura:BiblioWoodSeat:10, Sakura Seat
BiblioWoodsNatura:BiblioWoodSeat:11, Tiger Seat
BiblioWoodsNatura:BiblioWoodSeat:12, Willow Seat
BiblioWoodsNatura:BiblioWoodMapFrame:0, Bloodwood Map Frame
BiblioWoodsNatura:BiblioWoodMapFrame:1, Darkwood Map Frame
BiblioWoodsNatura:BiblioWoodMapFrame:2, Eucalyptus Map Frame
BiblioWoodsNatura:BiblioWoodMapFrame:3, Fusewood Map Frame
BiblioWoodsNatura:BiblioWoodMapFrame:4, Ghostwood Map Frame
BiblioWoodsNatura:BiblioWoodMapFrame:5, Hopseed Map Frame
BiblioWoodsNatura:BiblioWoodMapFrame:6, Maple Map Frame
BiblioWoodsNatura:BiblioWoodMapFrame:7, Purpleheart Map Frame
BiblioWoodsNatura:BiblioWoodMapFrame:8, Redwood Map Frame
BiblioWoodsNatura:BiblioWoodMapFrame:9, Silverbell Map Frame
BiblioWoodsNatura:BiblioWoodMapFrame:10, Sakura Map Frame
BiblioWoodsNatura:BiblioWoodMapFrame:11, Tiger Map Frame
BiblioWoodsNatura:BiblioWoodMapFrame:12, Willow Map Frame
BiblioWoodsNatura:BiblioWoodFancySign:0, Bloodwood Fancy Sign
BiblioWoodsNatura:BiblioWoodFancySign:1, Darkwood Fancy Sign
BiblioWoodsNatura:BiblioWoodFancySign:2, Eucalyptus Fancy Sign
BiblioWoodsNatura:BiblioWoodFancySign:3, Fusewood Fancy Sign
BiblioWoodsNatura:BiblioWoodFancySign:4, Ghostwood Fancy Sign
BiblioWoodsNatura:BiblioWoodFancySign:5, Hopseed Fancy Sign
BiblioWoodsNatura:BiblioWoodFancySign:6, Maple Fancy Sign
BiblioWoodsNatura:BiblioWoodFancySign:7, Purpleheart Fancy Sign
BiblioWoodsNatura:BiblioWoodFancySign:8, Redwood Fancy Sign
BiblioWoodsNatura:BiblioWoodFancySign:9, Silverbell Fancy Sign
BiblioWoodsNatura:BiblioWoodFancySign:10, Sakura Fancy Sign
BiblioWoodsNatura:BiblioWoodFancySign:11, Tiger Fancy Sign
BiblioWoodsNatura:BiblioWoodFancySign:12, Willow Fancy Sign
BiblioWoodsNatura:BiblioWoodFancyWorkbench:0, Bloodwood Fancy Workbench
BiblioWoodsNatura:BiblioWoodFancyWorkbench:1, Darkwood Fancy Workbench
BiblioWoodsNatura:BiblioWoodFancyWorkbench:2, Eucalyptus Fancy Workbench
BiblioWoodsNatura:BiblioWoodFancyWorkbench:3, Fusewood Fancy Workbench
BiblioWoodsNatura:BiblioWoodFancyWorkbench:4, Ghostwood Fancy Workbench
BiblioWoodsNatura:BiblioWoodFancyWorkbench:5, Hopseed Fancy Workbench
BiblioWoodsNatura:BiblioWoodFancyWorkbench:6, Maple Fancy Workbench
BiblioWoodsNatura:BiblioWoodFancyWorkbench:7, Purpleheart Fancy Workbench
BiblioWoodsNatura:BiblioWoodFancyWorkbench:8, Redwood Fancy Workbench
BiblioWoodsNatura:BiblioWoodFancyWorkbench:9, Silverbell Fancy Workbench
BiblioWoodsNatura:BiblioWoodFancyWorkbench:10, Sakura Fancy Workbench
BiblioWoodsNatura:BiblioWoodFancyWorkbench:11, Tiger Fancy Workbench
BiblioWoodsNatura:BiblioWoodFancyWorkbench:12, Willow Fancy Workbench
BiblioWoodsNatura:BiblioWoodClock:0, Bloodwood Clock
BiblioWoodsNatura:BiblioWoodClock:1, Darkwood Clock
BiblioWoodsNatura:BiblioWoodClock:2, Eucalyptus Clock
BiblioWoodsNatura:BiblioWoodClock:3, Fusewood Clock
BiblioWoodsNatura:BiblioWoodClock:4, Ghostwood Clock
BiblioWoodsNatura:BiblioWoodClock:5, Hopseed Clock
BiblioWoodsNatura:BiblioWoodClock:6, Maple Clock
BiblioWoodsNatura:BiblioWoodClock:7, Purpleheart Clock
BiblioWoodsNatura:BiblioWoodClock:8, Redwood Clock
BiblioWoodsNatura:BiblioWoodClock:9, Silverbell Clock
BiblioWoodsNatura:BiblioWoodClock:10, Sakura Clock
BiblioWoodsNatura:BiblioWoodClock:11, Tiger Clock
BiblioWoodsNatura:BiblioWoodClock:12, Willow Clock
BiblioWoodsNatura:BiblioWoodPaintingT0:0, Bloodwood Painting Frame
BiblioWoodsNatura:BiblioWoodPaintingT0:1, Darkwood Painting Frame
BiblioWoodsNatura:BiblioWoodPaintingT0:2, Eucalyptus Painting Frame
BiblioWoodsNatura:BiblioWoodPaintingT0:3, Fusewood Painting Frame
BiblioWoodsNatura:BiblioWoodPaintingT0:4, Ghostwood Painting Frame
BiblioWoodsNatura:BiblioWoodPaintingT0:5, Hopseed Painting Frame
BiblioWoodsNatura:BiblioWoodPaintingT0:6, Maple Painting Frame
BiblioWoodsNatura:BiblioWoodPaintingT0:7, Purpleheart Painting Frame
BiblioWoodsNatura:BiblioWoodPaintingT0:8, Redwood Painting Frame
BiblioWoodsNatura:BiblioWoodPaintingT0:9, Silverbell Painting Frame
BiblioWoodsNatura:BiblioWoodPaintingT0:10, Sakura Painting Frame
BiblioWoodsNatura:BiblioWoodPaintingT0:11, Tiger Painting Frame
BiblioWoodsNatura:BiblioWoodPaintingT0:12, Willow Painting Frame
BiblioWoodsNatura:BiblioWoodPaintingT1:0, Bloodwood Painting Frame
BiblioWoodsNatura:BiblioWoodPaintingT1:1, Darkwood Painting Frame
BiblioWoodsNatura:BiblioWoodPaintingT1:2, Eucalyptus Painting Frame
BiblioWoodsNatura:BiblioWoodPaintingT1:3, Fusewood Painting Frame
BiblioWoodsNatura:BiblioWoodPaintingT1:4, Ghostwood Painting Frame
BiblioWoodsNatura:BiblioWoodPaintingT1:5, Hopseed Painting Frame
BiblioWoodsNatura:BiblioWoodPaintingT1:6, Maple Painting Frame
BiblioWoodsNatura:BiblioWoodPaintingT1:7, Purpleheart Painting Frame
BiblioWoodsNatura:BiblioWoodPaintingT1:8, Redwood Painting Frame
BiblioWoodsNatura:BiblioWoodPaintingT1:9, Silverbell Painting Frame
BiblioWoodsNatura:BiblioWoodPaintingT1:10, Sakura Painting Frame
BiblioWoodsNatura:BiblioWoodPaintingT1:11, Tiger Painting Frame
BiblioWoodsNatura:BiblioWoodPaintingT1:12, Willow Painting Frame
BiblioWoodsNatura:BiblioWoodPaintingT2:0, Bloodwood Painting Frame
BiblioWoodsNatura:BiblioWoodPaintingT2:1, Darkwood Painting Frame
BiblioWoodsNatura:BiblioWoodPaintingT2:2, Eucalyptus Painting Frame
BiblioWoodsNatura:BiblioWoodPaintingT2:3, Fusewood Painting Frame
BiblioWoodsNatura:BiblioWoodPaintingT2:4, Ghostwood Painting Frame
BiblioWoodsNatura:BiblioWoodPaintingT2:5, Hopseed Painting Frame
BiblioWoodsNatura:BiblioWoodPaintingT2:6, Maple Painting Frame
BiblioWoodsNatura:BiblioWoodPaintingT2:7, Purpleheart Painting Frame
BiblioWoodsNatura:BiblioWoodPaintingT2:8, Redwood Painting Frame
BiblioWoodsNatura:BiblioWoodPaintingT2:9, Silverbell Painting Frame
BiblioWoodsNatura:BiblioWoodPaintingT2:10, Sakura Painting Frame
BiblioWoodsNatura:BiblioWoodPaintingT2:11, Tiger Painting Frame
BiblioWoodsNatura:BiblioWoodPaintingT2:12, Willow Painting Frame
BiblioWoodsNatura:BiblioWoodPaintingT3:0, Bloodwood Painting Frame
BiblioWoodsNatura:BiblioWoodPaintingT3:1, Darkwood Painting Frame
BiblioWoodsNatura:BiblioWoodPaintingT3:2, Eucalyptus Painting Frame
BiblioWoodsNatura:BiblioWoodPaintingT3:3, Fusewood Painting Frame
BiblioWoodsNatura:BiblioWoodPaintingT3:4, Ghostwood Painting Frame
BiblioWoodsNatura:BiblioWoodPaintingT3:5, Hopseed Painting Frame
BiblioWoodsNatura:BiblioWoodPaintingT3:6, Maple Painting Frame
BiblioWoodsNatura:BiblioWoodPaintingT3:7, Purpleheart Painting Frame
BiblioWoodsNatura:BiblioWoodPaintingT3:8, Redwood Painting Frame
BiblioWoodsNatura:BiblioWoodPaintingT3:9, Silverbell Painting Frame
BiblioWoodsNatura:BiblioWoodPaintingT3:10, Sakura Painting Frame
BiblioWoodsNatura:BiblioWoodPaintingT3:11, Tiger Painting Frame
BiblioWoodsNatura:BiblioWoodPaintingT3:12, Willow Painting Frame
BiblioWoodsNatura:BiblioWoodPaintingT4:0, Bloodwood Painting Frame
BiblioWoodsNatura:BiblioWoodPaintingT4:1, Darkwood Painting Frame
BiblioWoodsNatura:BiblioWoodPaintingT4:2, Eucalyptus Painting Frame
BiblioWoodsNatura:BiblioWoodPaintingT4:3, Fusewood Painting Frame
BiblioWoodsNatura:BiblioWoodPaintingT4:4, Ghostwood Painting Frame
BiblioWoodsNatura:BiblioWoodPaintingT4:5, Hopseed Painting Frame
BiblioWoodsNatura:BiblioWoodPaintingT4:6, Maple Painting Frame
BiblioWoodsNatura:BiblioWoodPaintingT4:7, Purpleheart Painting Frame
BiblioWoodsNatura:BiblioWoodPaintingT4:8, Redwood Painting Frame
BiblioWoodsNatura:BiblioWoodPaintingT4:9, Silverbell Painting Frame
BiblioWoodsNatura:BiblioWoodPaintingT4:10, Sakura Painting Frame
BiblioWoodsNatura:BiblioWoodPaintingT4:11, Tiger Painting Frame
BiblioWoodsNatura:BiblioWoodPaintingT4:12, Willow Painting Frame
biggercraftingtables:BiggerCraftingTables:0, Big Crafting Table
biggercraftingtables:BiggerCraftingTables:1, Huge Crafting Table
biggercraftingtables:AutoBiggerCraftingTables:0, Auto Big Crafting Table
biggercraftingtables:AutoBiggerCraftingTables:1, Auto Huge Crafting Table
ThermalFoundation:Ore:0, Copper Ore
ThermalFoundation:Ore:1, Tin Ore
ThermalFoundation:Ore:2, Silver Ore
ThermalFoundation:Ore:3, Lead Ore
ThermalFoundation:Ore:4, Ferrous Ore
ThermalFoundation:Ore:5, Shiny Ore
ThermalFoundation:Ore:6, Mana Infused Ore
ThermalFoundation:Storage:0, Copper Block
ThermalFoundation:Storage:1, Tin Block
ThermalFoundation:Storage:2, Silver Block
ThermalFoundation:Storage:3, Lead Block
ThermalFoundation:Storage:4, Ferrous Block
ThermalFoundation:Storage:5, Shiny Block
ThermalFoundation:Storage:6, Mana Infused Block
ThermalFoundation:Storage:7, Electrum Block
ThermalFoundation:Storage:8, Invar Block
ThermalFoundation:Storage:9, Bronze Block
ThermalFoundation:Storage:10, Signalum Block
ThermalFoundation:Storage:11, Lumium Block
ThermalFoundation:Storage:12, Enderium Block
ThermalFoundation:FluidRedstone, Destabilized Redstone
ThermalFoundation:FluidGlowstone, Energized Glowstone
ThermalFoundation:FluidEnder, Resonant Ender
ThermalFoundation:FluidPyrotheum, Blazing Pyrotheum
ThermalFoundation:FluidCryotheum, Gelid Cryotheum
ThermalFoundation:FluidAerotheum, Zephyrean Aerotheum
ThermalFoundation:FluidPetrotheum, Tectonic Petrotheum
ThermalFoundation:FluidMana, Primal Mana
ThermalFoundation:FluidSteam, Steam
ThermalFoundation:FluidCoal, Liquifacted Coal
BigReactors:YelloriteOre:0, Yellorite Ore
BigReactors:BRMetalBlock:0, Yellorium Block
BigReactors:BRMetalBlock:1, Cyanite Block
BigReactors:BRMetalBlock:2, Graphite Block
BigReactors:BRMetalBlock:3, Blutonium Block
BigReactors:BRMetalBlock:4, Ludicrite Block
BigReactors:YelloriumFuelRod, Yellorium Fuel Rod
BigReactors:BRReactorPart:0, Reactor Casing
BigReactors:BRReactorPart:1, Reactor Controller
BigReactors:BRReactorPart:2, Reactor Control Rod
BigReactors:BRReactorPart:3, Reactor Power Tap
BigReactors:BRReactorPart:4, Reactor Access Port
BigReactors:BRReactorPart:5, Reactor Coolant Port
BigReactors:BRReactorPart:6, Reactor RedNet Port
BigReactors:BRReactorPart:7, Reactor Computer Port
BigReactors:BRMultiblockGlass:0, Reactor Glass
BigReactors:BRMultiblockGlass:1, Turbine Glass
BigReactors:BRReactorRedstonePort, Reactor Redstone Port
BigReactors:BRTurbinePart:0, Turbine Housing
BigReactors:BRTurbinePart:1, Turbine Controller
BigReactors:BRTurbinePart:2, Turbine Power Port
BigReactors:BRTurbinePart:3, Turbine Fluid Port
BigReactors:BRTurbinePart:4, Turbine Rotor Bearing
BigReactors:BRTurbinePart:5, Turbine Computer Port
BigReactors:BRTurbineRotorPart:0, Turbine Rotor Shaft
BigReactors:BRTurbineRotorPart:1, Turbine Rotor Blade
BigReactors:BRDevice:0, Cyanite Reprocesssor
BigReactors:tile.fluid.yellorium.still, Fluid Yellorium
BigReactors:tile.fluid.cyanite.still, Fluid Cyanite
BigReactors:BRMultiblockCreativePart:0, Reactor Creative Coolant Port
BigReactors:BRMultiblockCreativePart:1, Turbine Creative Steam Generator
BuildCraft|Builders:machineBlock, Quarry
BuildCraft|Builders:fillerBlock, Filler
BuildCraft|Builders:frameBlock, Frame
BuildCraft|Builders:builderBlock, Builder Block
BuildCraft|Builders:architectBlock, Architect Table
BuildCraft|Builders:libraryBlock, Electronic Library
BuildCraft|Builders:constructionMarkerBlock, Construction Mark
BuildCraft|Robotics:zonePlan, Zone Planner
BuildCraft|Robotics:requester, Requester
BuildCraft|Silicon:laserBlock, Laser
BuildCraft|Silicon:laserTableBlock:0, Assembly Table
BuildCraft|Silicon:laserTableBlock:1, Advanced Crafting Table
BuildCraft|Silicon:laserTableBlock:2, Integration Table
BuildCraft|Silicon:laserTableBlock:3, Charging Table
BuildCraft|Silicon:laserTableBlock:4, Programming Table
BuildCraft|Silicon:laserTableBlock:5, Stamping Table
BuildCraft|Silicon:packagerBlock, Recipe Packager
BuildCraft|Energy:blockFuel, Fuel
BuildCraft|Energy:blockRedPlasma, tile.blockRedPlasma.name
BuildCraft|Transport:filteredBufferBlock, Filtered Buffer
BuildCraft|Transport:pipeBlock, tile.pipeBlock.name
BuildCraft|Factory:miningWellBlock, Mining Well
BuildCraft|Factory:plainPipeBlock, Mining Pipe
BuildCraft|Factory:autoWorkbenchBlock, Auto Workbench
BuildCraft|Factory:tankBlock, Tank
BuildCraft|Factory:pumpBlock, Pump
BuildCraft|Factory:floodGateBlock, Flood Gate
BuildCraft|Factory:refineryBlock, Refinery
BuildCraft|Factory:blockHopper, Chute
Forestry:core:0, Analyzer
Forestry:core:1, Escritoire
Forestry:soil:0, Humus
Forestry:soil:1, Bog Earth
Forestry:resources:0, Apatite Ore
Forestry:resources:1, Copper Ore
Forestry:resources:2, Tin Ore
Forestry:resourceStorage:0, Block of Apatite
Forestry:resourceStorage:1, Block of Copper
Forestry:resourceStorage:2, Block of Tin
Forestry:resourceStorage:3, Block of Bronze
Forestry:fluid.bioethanol, Ethanol
Forestry:fluid.glass, Liquid Glass
Forestry:fluid.honey, Honey
Forestry:fluid.ice, Crushed Ice
Forestry:fluid.juice, Fruit Juice
Forestry:fluid.seedoil, Seed Oil
Forestry:fluid.short.mead, Short Mead
Forestry:fluid.mead, Mead
Forestry:apiculture:0, Apiary
Forestry:apiculture:2, Bee House
Forestry:apicultureChest:0, Apiarist's Chest
Forestry:beehives:1, Forest Hive
Forestry:beehives:2, Meadows Hive
Forestry:beehives:3, Modest Hive
Forestry:beehives:4, Tropical Hive
Forestry:beehives:6, Wintry Hive
Forestry:beehives:7, Marshy Hive
Forestry:candle:0, Unlit Candle
Forestry:stump:0, Candle Stump
Forestry:alveary:0, Alveary
Forestry:alveary:2, Swarmer
Forestry:alveary:3, Alveary Fan
Forestry:alveary:4, Alveary Heater
Forestry:alveary:5, Alveary Hygroregulator
Forestry:alveary:6, Alveary Stabiliser
Forestry:alveary:7, Alveary Sieve
Forestry:logs:0, Larch Wood
Forestry:logs:1, Teak Wood
Forestry:logs:2, Desert Acacia Wood
Forestry:logs:3, Lime Wood
Forestry:logs:4, Chestnut Wood
Forestry:logs:5, Wenge Wood
Forestry:logs:6, Baobab Wood
Forestry:logs:7, Sequoia Wood
Forestry:logs:8, Kapok Wood
Forestry:logs:9, Ebony Wood
Forestry:logs:10, Mahogany Wood
Forestry:logs:11, Balsa Wood
Forestry:logs:12, Willow Wood
Forestry:logs:13, Walnut Wood
Forestry:logs:14, Greenheart Wood
Forestry:logs:15, Cherry Wood
Forestry:logs:16, Mahoe Wood
Forestry:logs:17, Poplar Wood
Forestry:logs:18, Palm Wood
Forestry:logs:19, Papaya Wood
Forestry:logs:20, Pine Wood
Forestry:logs:21, Plum Wood
Forestry:logs:22, Maple Wood
Forestry:logs:23, Citrus Wood
Forestry:logs:24, Giant Sequoia Wood
Forestry:logs:25, Ipe Wood
Forestry:logs:26, Padauk Wood
Forestry:logs:27, Cocobolo Wood
Forestry:logs:28, Zebrawood Wood
Forestry:planks:0, Larch Wood Planks
Forestry:planks:1, Teak Wood Planks
Forestry:planks:2, Desert Acacia Wood Planks
Forestry:planks:3, Lime Wood Planks
Forestry:planks:4, Chestnut Wood Planks
Forestry:planks:5, Wenge Wood Planks
Forestry:planks:6, Baobab Wood Planks
Forestry:planks:7, Sequoia Wood Planks
Forestry:planks:8, Kapok Wood Planks
Forestry:planks:9, Ebony Wood Planks
Forestry:planks:10, Mahogany Wood Planks
Forestry:planks:11, Balsa Wood Planks
Forestry:planks:12, Willow Wood Planks
Forestry:planks:13, Walnut Wood Planks
Forestry:planks:14, Greenheart Wood Planks
Forestry:planks:15, Cherry Wood Planks
Forestry:planks:16, Mahoe Wood Planks
Forestry:planks:17, Poplar Wood Planks
Forestry:planks:18, Palm Wood Planks
Forestry:planks:19, Papaya Wood Planks
Forestry:planks:20, Pine Wood Planks
Forestry:planks:21, Plum Wood Planks
Forestry:planks:22, Maple Wood Planks
Forestry:planks:23, Citrus Wood Planks
Forestry:planks:24, Giant Sequoia Wood Planks
Forestry:planks:25, Ipe Wood Planks
Forestry:planks:26, Padauk Wood Planks
Forestry:planks:27, Cocobolo Wood Planks
Forestry:planks:28, Zebrawood Wood Planks
Forestry:slabs:0, Larch Wood Slab
Forestry:slabs:1, Teak Wood Slab
Forestry:slabs:2, Desert Acacia Wood Slab
Forestry:slabs:3, Lime Wood Slab
Forestry:slabs:4, Chestnut Wood Slab
Forestry:slabs:5, Wenge Wood Slab
Forestry:slabs:6, Baobab Wood Slab
Forestry:slabs:7, Sequoia Wood Slab
Forestry:slabs:8, Kapok Wood Slab
Forestry:slabs:9, Ebony Wood Slab
Forestry:slabs:10, Mahogany Wood Slab
Forestry:slabs:11, Balsa Wood Slab
Forestry:slabs:12, Willow Wood Slab
Forestry:slabs:13, Walnut Wood Slab
Forestry:slabs:14, Greenheart Wood Slab
Forestry:slabs:15, Cherry Wood Slab
Forestry:slabs:16, Mahoe Wood Slab
Forestry:slabs:17, Poplar Wood Slab
Forestry:slabs:18, Palm Wood Slab
Forestry:slabs:19, Papaya Wood Slab
Forestry:slabs:20, Pine Wood Slab
Forestry:slabs:21, Plum Wood Slab
Forestry:slabs:22, Maple Wood Slab
Forestry:slabs:23, Citrus Wood Slab
Forestry:slabs:24, Giant Sequoia Wood Slab
Forestry:slabs:25, Ipe Wood Slab
Forestry:slabs:26, Padauk Wood Slab
Forestry:slabs:27, Cocobolo Wood Slab
Forestry:slabs:28, Zebrawood Wood Slab
Forestry:fences:0, Larch Fence
Forestry:fences:1, Teak Fence
Forestry:fences:2, Desert Acacia Fence
Forestry:fences:3, Lime Fence
Forestry:fences:4, Chestnut Fence
Forestry:fences:5, Wenge Fence
Forestry:fences:6, Baobab Fence
Forestry:fences:7, Sequoia Fence
Forestry:fences:8, Kapok Fence
Forestry:fences:9, Ebony Fence
Forestry:fences:10, Mahogany Fence
Forestry:fences:11, Balsa Fence
Forestry:fences:12, Willow Fence
Forestry:fences:13, Walnut Fence
Forestry:fences:14, Greenheart Fence
Forestry:fences:15, Cherry Fence
Forestry:fences:16, Mahoe Fence
Forestry:fences:17, Poplar Fence
Forestry:fences:18, Palm Fence
Forestry:fences:19, Papaya Fence
Forestry:fences:20, Pine Fence
Forestry:fences:21, Plum Fence
Forestry:fences:22, Maple Fence
Forestry:fences:23, Citrus Fence
Forestry:fences:24, Giant Sequoia Fence
Forestry:fences:25, Ipe Fence
Forestry:fences:26, Padauk Fence
Forestry:fences:27, Cocobolo Fence
Forestry:fences:28, Zebrawood Fence
Forestry:stairs:0, Larch Stairs
Forestry:stairs:1, Teak Stairs
Forestry:stairs:2, Desert Acacia Stairs
Forestry:stairs:3, Lime Stairs
Forestry:stairs:4, Chestnut Stairs
Forestry:stairs:5, Wenge Stairs
Forestry:stairs:6, Baobab Stairs
Forestry:stairs:7, Sequoia Stairs
Forestry:stairs:8, Kapok Stairs
Forestry:stairs:9, Ebony Stairs
Forestry:stairs:10, Mahogany Stairs
Forestry:stairs:11, Balsa Stairs
Forestry:stairs:12, Willow Stairs
Forestry:stairs:13, Walnut Stairs
Forestry:stairs:14, Greenheart Stairs
Forestry:stairs:15, Cherry Stairs
Forestry:stairs:16, Mahoe Stairs
Forestry:stairs:17, Poplar Stairs
Forestry:stairs:18, Palm Stairs
Forestry:stairs:19, Papaya Stairs
Forestry:stairs:20, Pine Stairs
Forestry:stairs:21, Plum Stairs
Forestry:stairs:22, Maple Stairs
Forestry:stairs:23, Citrus Stairs
Forestry:stairs:24, Giant Sequoia Stairs
Forestry:stairs:25, Ipe Stairs
Forestry:stairs:26, Padauk Stairs
Forestry:stairs:27, Cocobolo Stairs
Forestry:stairs:28, Zebrawood Stairs
Forestry:logsFireproof:0, Larch Wood (Fireproof)
Forestry:logsFireproof:1, Teak Wood (Fireproof)
Forestry:logsFireproof:2, Desert Acacia Wood (Fireproof)
Forestry:logsFireproof:3, Lime Wood (Fireproof)
Forestry:logsFireproof:4, Chestnut Wood (Fireproof)
Forestry:logsFireproof:5, Wenge Wood (Fireproof)
Forestry:logsFireproof:6, Baobab Wood (Fireproof)
Forestry:logsFireproof:7, Sequoia Wood (Fireproof)
Forestry:logsFireproof:8, Kapok Wood (Fireproof)
Forestry:logsFireproof:9, Ebony Wood (Fireproof)
Forestry:logsFireproof:10, Mahogany Wood (Fireproof)
Forestry:logsFireproof:11, Balsa Wood (Fireproof)
Forestry:logsFireproof:12, Willow Wood (Fireproof)
Forestry:logsFireproof:13, Walnut Wood (Fireproof)
Forestry:logsFireproof:14, Greenheart Wood (Fireproof)
Forestry:logsFireproof:15, Cherry Wood (Fireproof)
Forestry:logsFireproof:16, Mahoe Wood (Fireproof)
Forestry:logsFireproof:17, Poplar Wood (Fireproof)
Forestry:logsFireproof:18, Palm Wood (Fireproof)
Forestry:logsFireproof:19, Papaya Wood (Fireproof)
Forestry:logsFireproof:20, Pine Wood (Fireproof)
Forestry:logsFireproof:21, Plum Wood (Fireproof)
Forestry:logsFireproof:22, Maple Wood (Fireproof)
Forestry:logsFireproof:23, Citrus Wood (Fireproof)
Forestry:logsFireproof:24, Giant Sequoia Wood (Fireproof)
Forestry:logsFireproof:25, Ipe Wood (Fireproof)
Forestry:logsFireproof:26, Padauk Wood (Fireproof)
Forestry:logsFireproof:27, Cocobolo Wood (Fireproof)
Forestry:logsFireproof:28, Zebrawood Wood (Fireproof)
Forestry:planksFireproof:0, Larch Wood Planks (Fireproof)
Forestry:planksFireproof:1, Teak Wood Planks (Fireproof)
Forestry:planksFireproof:2, Desert Acacia Wood Planks (Fireproof)
Forestry:planksFireproof:3, Lime Wood Planks (Fireproof)
Forestry:planksFireproof:4, Chestnut Wood Planks (Fireproof)
Forestry:planksFireproof:5, Wenge Wood Planks (Fireproof)
Forestry:planksFireproof:6, Baobab Wood Planks (Fireproof)
Forestry:planksFireproof:7, Sequoia Wood Planks (Fireproof)
Forestry:planksFireproof:8, Kapok Wood Planks (Fireproof)
Forestry:planksFireproof:9, Ebony Wood Planks (Fireproof)
Forestry:planksFireproof:10, Mahogany Wood Planks (Fireproof)
Forestry:planksFireproof:11, Balsa Wood Planks (Fireproof)
Forestry:planksFireproof:12, Willow Wood Planks (Fireproof)
Forestry:planksFireproof:13, Walnut Wood Planks (Fireproof)
Forestry:planksFireproof:14, Greenheart Wood Planks (Fireproof)
Forestry:planksFireproof:15, Cherry Wood Planks (Fireproof)
Forestry:planksFireproof:16, Mahoe Wood Planks (Fireproof)
Forestry:planksFireproof:17, Poplar Wood Planks (Fireproof)
Forestry:planksFireproof:18, Palm Wood Planks (Fireproof)
Forestry:planksFireproof:19, Papaya Wood Planks (Fireproof)
Forestry:planksFireproof:20, Pine Wood Planks (Fireproof)
Forestry:planksFireproof:21, Plum Wood Planks (Fireproof)
Forestry:planksFireproof:22, Maple Wood Planks (Fireproof)
Forestry:planksFireproof:23, Citrus Wood Planks (Fireproof)
Forestry:planksFireproof:24, Giant Sequoia Wood Planks (Fireproof)
Forestry:planksFireproof:25, Ipe Wood Planks (Fireproof)
Forestry:planksFireproof:26, Padauk Wood Planks (Fireproof)
Forestry:planksFireproof:27, Cocobolo Wood Planks (Fireproof)
Forestry:planksFireproof:28, Zebrawood Wood Planks (Fireproof)
Forestry:slabsFireproof:0, Larch Wood Slab (Fireproof)
Forestry:slabsFireproof:1, Teak Wood Slab (Fireproof)
Forestry:slabsFireproof:2, Desert Acacia Wood Slab (Fireproof)
Forestry:slabsFireproof:3, Lime Wood Slab (Fireproof)
Forestry:slabsFireproof:4, Chestnut Wood Slab (Fireproof)
Forestry:slabsFireproof:5, Wenge Wood Slab (Fireproof)
Forestry:slabsFireproof:6, Baobab Wood Slab (Fireproof)
Forestry:slabsFireproof:7, Sequoia Wood Slab (Fireproof)
Forestry:slabsFireproof:8, Kapok Wood Slab (Fireproof)
Forestry:slabsFireproof:9, Ebony Wood Slab (Fireproof)
Forestry:slabsFireproof:10, Mahogany Wood Slab (Fireproof)
Forestry:slabsFireproof:11, Balsa Wood Slab (Fireproof)
Forestry:slabsFireproof:12, Willow Wood Slab (Fireproof)
Forestry:slabsFireproof:13, Walnut Wood Slab (Fireproof)
Forestry:slabsFireproof:14, Greenheart Wood Slab (Fireproof)
Forestry:slabsFireproof:15, Cherry Wood Slab (Fireproof)
Forestry:slabsFireproof:16, Mahoe Wood Slab (Fireproof)
Forestry:slabsFireproof:17, Poplar Wood Slab (Fireproof)
Forestry:slabsFireproof:18, Palm Wood Slab (Fireproof)
Forestry:slabsFireproof:19, Papaya Wood Slab (Fireproof)
Forestry:slabsFireproof:20, Pine Wood Slab (Fireproof)
Forestry:slabsFireproof:21, Plum Wood Slab (Fireproof)
Forestry:slabsFireproof:22, Maple Wood Slab (Fireproof)
Forestry:slabsFireproof:23, Citrus Wood Slab (Fireproof)
Forestry:slabsFireproof:24, Giant Sequoia Wood Slab (Fireproof)
Forestry:slabsFireproof:25, Ipe Wood Slab (Fireproof)
Forestry:slabsFireproof:26, Padauk Wood Slab (Fireproof)
Forestry:slabsFireproof:27, Cocobolo Wood Slab (Fireproof)
Forestry:slabsFireproof:28, Zebrawood Wood Slab (Fireproof)
Forestry:fencesFireproof:0, Larch Fence (Fireproof)
Forestry:fencesFireproof:1, Teak Fence (Fireproof)
Forestry:fencesFireproof:2, Desert Acacia Fence (Fireproof)
Forestry:fencesFireproof:3, Lime Fence (Fireproof)
Forestry:fencesFireproof:4, Chestnut Fence (Fireproof)
Forestry:fencesFireproof:5, Wenge Fence (Fireproof)
Forestry:fencesFireproof:6, Baobab Fence (Fireproof)
Forestry:fencesFireproof:7, Sequoia Fence (Fireproof)
Forestry:fencesFireproof:8, Kapok Fence (Fireproof)
Forestry:fencesFireproof:9, Ebony Fence (Fireproof)
Forestry:fencesFireproof:10, Mahogany Fence (Fireproof)
Forestry:fencesFireproof:11, Balsa Fence (Fireproof)
Forestry:fencesFireproof:12, Willow Fence (Fireproof)
Forestry:fencesFireproof:13, Walnut Fence (Fireproof)
Forestry:fencesFireproof:14, Greenheart Fence (Fireproof)
Forestry:fencesFireproof:15, Cherry Fence (Fireproof)
Forestry:fencesFireproof:16, Mahoe Fence (Fireproof)
Forestry:fencesFireproof:17, Poplar Fence (Fireproof)
Forestry:fencesFireproof:18, Palm Fence (Fireproof)
Forestry:fencesFireproof:19, Papaya Fence (Fireproof)
Forestry:fencesFireproof:20, Pine Fence (Fireproof)
Forestry:fencesFireproof:21, Plum Fence (Fireproof)
Forestry:fencesFireproof:22, Maple Fence (Fireproof)
Forestry:fencesFireproof:23, Citrus Fence (Fireproof)
Forestry:fencesFireproof:24, Giant Sequoia Fence (Fireproof)
Forestry:fencesFireproof:25, Ipe Fence (Fireproof)
Forestry:fencesFireproof:26, Padauk Fence (Fireproof)
Forestry:fencesFireproof:27, Cocobolo Fence (Fireproof)
Forestry:fencesFireproof:28, Zebrawood Fence (Fireproof)
Forestry:stairsFireproof:0, Larch Stairs (Fireproof)
Forestry:stairsFireproof:1, Teak Stairs (Fireproof)
Forestry:stairsFireproof:2, Desert Acacia Stairs (Fireproof)
Forestry:stairsFireproof:3, Lime Stairs (Fireproof)
Forestry:stairsFireproof:4, Chestnut Stairs (Fireproof)
Forestry:stairsFireproof:5, Wenge Stairs (Fireproof)
Forestry:stairsFireproof:6, Baobab Stairs (Fireproof)
Forestry:stairsFireproof:7, Sequoia Stairs (Fireproof)
Forestry:stairsFireproof:8, Kapok Stairs (Fireproof)
Forestry:stairsFireproof:9, Ebony Stairs (Fireproof)
Forestry:stairsFireproof:10, Mahogany Stairs (Fireproof)
Forestry:stairsFireproof:11, Balsa Stairs (Fireproof)
Forestry:stairsFireproof:12, Willow Stairs (Fireproof)
Forestry:stairsFireproof:13, Walnut Stairs (Fireproof)
Forestry:stairsFireproof:14, Greenheart Stairs (Fireproof)
Forestry:stairsFireproof:15, Cherry Stairs (Fireproof)
Forestry:stairsFireproof:16, Mahoe Stairs (Fireproof)
Forestry:stairsFireproof:17, Poplar Stairs (Fireproof)
Forestry:stairsFireproof:18, Palm Stairs (Fireproof)
Forestry:stairsFireproof:19, Papaya Stairs (Fireproof)
Forestry:stairsFireproof:20, Pine Stairs (Fireproof)
Forestry:stairsFireproof:21, Plum Stairs (Fireproof)
Forestry:stairsFireproof:22, Maple Stairs (Fireproof)
Forestry:stairsFireproof:23, Citrus Stairs (Fireproof)
Forestry:stairsFireproof:24, Giant Sequoia Stairs (Fireproof)
Forestry:stairsFireproof:25, Ipe Stairs (Fireproof)
Forestry:stairsFireproof:26, Padauk Stairs (Fireproof)
Forestry:stairsFireproof:27, Cocobolo Stairs (Fireproof)
Forestry:stairsFireproof:28, Zebrawood Stairs (Fireproof)
Forestry:saplingGE:0, Sapling
Forestry:pods:0, Pod
Forestry:arboriculture:0, Arborist's Chest
Forestry:engine:0, Electrical Engine
Forestry:engine:1, Peat-fired Engine
Forestry:engine:2, Biogas Engine
Forestry:engine:3, Bio Generator
Forestry:engine:4, Clockwork Engine
Forestry:factory:0, Bottler
Forestry:factory:1, Carpenter
Forestry:factory:2, Centrifuge
Forestry:factory:3, Fermenter
Forestry:factory:4, Moistener
Forestry:factory:5, Squeezer
Forestry:factory:6, Still
Forestry:factory:7, Rainmaker
Forestry:factory2:0, Thermionic Fabricator
Forestry:factory2:1, Raintank
Forestry:factory2:2, Worktable
Forestry:mushroom:0, Mushroom
Forestry:mushroom:1, Mushroom
Forestry:ffarm:0, Farm Block
Forestry:ffarm:0, Farm Block
Forestry:ffarm:0, Farm Block
Forestry:ffarm:0, Farm Block
Forestry:ffarm:0, Farm Block
Forestry:ffarm:0, Farm Block
Forestry:ffarm:0, Farm Block
Forestry:ffarm:0, Farm Block
Forestry:ffarm:0, Farm Block
Forestry:ffarm:0, Farm Block
Forestry:ffarm:0, Farm Block
Forestry:ffarm:2, Farm Gearbox
Forestry:ffarm:2, Farm Gearbox
Forestry:ffarm:2, Farm Gearbox
Forestry:ffarm:2, Farm Gearbox
Forestry:ffarm:2, Farm Gearbox
Forestry:ffarm:2, Farm Gearbox
Forestry:ffarm:2, Farm Gearbox
Forestry:ffarm:2, Farm Gearbox
Forestry:ffarm:2, Farm Gearbox
Forestry:ffarm:2, Farm Gearbox
Forestry:ffarm:2, Farm Gearbox
Forestry:ffarm:3, Farm Hatch
Forestry:ffarm:3, Farm Hatch
Forestry:ffarm:3, Farm Hatch
Forestry:ffarm:3, Farm Hatch
Forestry:ffarm:3, Farm Hatch
Forestry:ffarm:3, Farm Hatch
Forestry:ffarm:3, Farm Hatch
Forestry:ffarm:3, Farm Hatch
Forestry:ffarm:3, Farm Hatch
Forestry:ffarm:3, Farm Hatch
Forestry:ffarm:3, Farm Hatch
Forestry:ffarm:4, Farm Valve
Forestry:ffarm:4, Farm Valve
Forestry:ffarm:4, Farm Valve
Forestry:ffarm:4, Farm Valve
Forestry:ffarm:4, Farm Valve
Forestry:ffarm:4, Farm Valve
Forestry:ffarm:4, Farm Valve
Forestry:ffarm:4, Farm Valve
Forestry:ffarm:4, Farm Valve
Forestry:ffarm:4, Farm Valve
Forestry:ffarm:4, Farm Valve
Forestry:ffarm:5, Farm Control
Forestry:ffarm:5, Farm Control
Forestry:ffarm:5, Farm Control
Forestry:ffarm:5, Farm Control
Forestry:ffarm:5, Farm Control
Forestry:ffarm:5, Farm Control
Forestry:ffarm:5, Farm Control
Forestry:ffarm:5, Farm Control
Forestry:ffarm:5, Farm Control
Forestry:ffarm:5, Farm Control
Forestry:ffarm:5, Farm Control
Forestry:lepidopterology:0, Lepidopterist's Chest
Forestry:mail:0, Mailbox
Forestry:mail:1, Trade Station
Forestry:mail:2, Stamp Collector
Calculator:reinforcedstoneBlock, Reinforced Stone
Calculator:ReinforcedStoneStairs, Reinforced Stone Stairs
Calculator:ReinforcedStoneFence, Reinforced Stone Fence
Calculator:reinforcedstoneBrick, Reinforced Stone Bricks
Calculator:ReinforcedStoneBrickStairs, Reinforced Stone Brick Stairs
Calculator:ReinforcedStoneBrickFence, Reinforced Stone Brick Fence
Calculator:reinforceddirtBlock, Reinforced Dirt
Calculator:ReinforcedDirtStairs, Reinforced Dirt Stairs
Calculator:ReinforcedDirtFence, Reinforced Dirt Fence
Calculator:reinforceddirtBrick, Reinforced Dirt Bricks
Calculator:ReinforcedDirtBrickStairs, Reinforced Dirt Brick Stairs
Calculator:ReinforcedDirtBrickFence, Reinforced Dirt Brick Fence
Calculator:stablestoneBlock:0, Stable Stone
Calculator:stablestoneBlock:1, Orange Stable Stone
Calculator:stablestoneBlock:2, Magenta Stable Stone
Calculator:stablestoneBlock:3, Light Blue Stable Stone
Calculator:stablestoneBlock:4, Yellow Stable Stone
Calculator:stablestoneBlock:5, Lime Stable Stone
Calculator:stablestoneBlock:6, Pink Stable Stone
Calculator:stablestoneBlock:7, Plain Stable Stone
Calculator:stablestoneBlock:8, Light Stable Stone
Calculator:stablestoneBlock:9, Cyan Stable Stone
Calculator:stablestoneBlock:10, Purple Stable Stone
Calculator:stablestoneBlock:11, Blue Stable Stone
Calculator:stablestoneBlock:12, Brown Stable Stone
Calculator:stablestoneBlock:13, Green Stable Stone
Calculator:stablestoneBlock:14, Red Stable Stone
Calculator:stablestoneBlock:15, Black Stable Stone
Calculator:stablestonerimmedBlock:0, Rimmed Stable Stone
Calculator:stablestonerimmedBlock:1, Orange Rimmed Stable Stone
Calculator:stablestonerimmedBlock:2, Magenta Rimmed Stable Stone
Calculator:stablestonerimmedBlock:3, Light Blue Rimmed Stable Stone
Calculator:stablestonerimmedBlock:4, Yellow Rimmed Stable Stone
Calculator:stablestonerimmedBlock:5, Lime Rimmed Stable Stone
Calculator:stablestonerimmedBlock:6, Pink Rimmed Stable Stone
Calculator:stablestonerimmedBlock:7, Plain Rimmed Stable Stone
Calculator:stablestonerimmedBlock:8, Light Rimmed Stable Stone
Calculator:stablestonerimmedBlock:9, Cyan Rimmed Stable Stone
Calculator:stablestonerimmedBlock:10, Purple Rimmed Stable Stone
Calculator:stablestonerimmedBlock:11, Blue Rimmed Stable Stone
Calculator:stablestonerimmedBlock:12, Brown Rimmed Stable Stone
Calculator:stablestonerimmedBlock:13, Green Rimmed Stable Stone
Calculator:stablestonerimmedBlock:14, Red Rimmed Stable Stone
Calculator:stablestonerimmedBlock:15, Black Rimmed Stable Stone
Calculator:stablestonerimmedblackBlock:0, Rimmed Black Stable Stone
Calculator:stablestonerimmedblackBlock:1, Orange Rimmed Black Stable Stone
Calculator:stablestonerimmedblackBlock:2, Magenta Rimmed Black Stable Stone
Calculator:stablestonerimmedblackBlock:3, Light Blue Rimmed Black Stable Stone
Calculator:stablestonerimmedblackBlock:4, Yellow Rimmed Black  Stable Stone
Calculator:stablestonerimmedblackBlock:5, Lime Rimmed Black Stable Stone
Calculator:stablestonerimmedblackBlock:6, Pink Rimmed Black Stable Stone
Calculator:stablestonerimmedblackBlock:7, Plain Rimmed Black Stable Stone
Calculator:stablestonerimmedblackBlock:8, Light Rimmed Black Stable Stone
Calculator:stablestonerimmedblackBlock:9, Cyan Rimmed Black Stable Stone
Calculator:stablestonerimmedblackBlock:10, Purple Rimmed Black Stable Stone
Calculator:stablestonerimmedblackBlock:11, Blue Rimmed Black Stable Stone
Calculator:stablestonerimmedblackBlock:12, Brown Rimmed Black Stable Stone
Calculator:stablestonerimmedblackBlock:13, Green Rimmed Black Stable Stone
Calculator:stablestonerimmedblackBlock:14, Red Rimmed Black Stable Stone
Calculator:stablestonerimmedblackBlock:15, Black Rimmed Black Stable Stone
Calculator:StableGlass, Stable Glass
Calculator:ClearStableGlass, Clear Stable Glass
Calculator:FlawlessGlass, Flawless Glass
Calculator:purifiedobsidianBlock, Purified Obsidian
Calculator:PCubeIdle, Power Cube
Calculator:AdvancedPCubeIdle, Advanced Power Cube
Calculator:atomiccalculatorBlock, Atomic Calculator
Calculator:dynamiccalculatorBlock, Dynamic Calculator
Calculator:ReinforcedFurnace, Reinforced Furnace
Calculator:StoneSeperatorIdle, Stone Separator
Calculator:AlgorithmSeperatorIdle, Algorithm Separator
Calculator:HungerProcessor, Hunger Processor
Calculator:HealthProcessor, Health Processor
Calculator:DockingStation, Docking Station
Calculator:AtomicMultiplier, Atomic Multiplier
Calculator:ExtractionChamber, Extraction Chamber
Calculator:RestorationChamber, Restoration Chamber
Calculator:ReassemblyChamber, Reassembly Chamber
Calculator:PrecisionChamber, Precision Chamber
Calculator:ProcessingChamber, Processing Chamber
Calculator:AnalysingChamber, Analysing Chamber
Calculator:StorageChamber, Storage Chamber
Calculator:ResearchChamber, Research Chamber
Calculator:BasicGreenhouse, Basic Greenhouse
Calculator:AdvancedGreenhouse, Advanced Greenhouse
Calculator:FlawlessGreenhouse, Flawless Greenhouse
Calculator:CO2Generator, Carbon Dioxide Generator
Calculator:FluxPlug, Flux Plug
Calculator:FluxPoint, Flux Point
Calculator:FluxController, Flux Controller
Calculator:CalculatorTeleporter, Teleporter
Calculator:CalculatorLocator, Calculator Locator
Calculator:CalculatorPlug, Calculator Plug
Calculator:ConductorMast, Conductor Mast
Calculator:ConductorMastBlock, Conductor Mast
Calculator:WeatherStation, Weather Station
Calculator:WeatherStationBlock, Weather Station
Calculator:Transmitter, Transmitter
Calculator:TransmitterBlock, Transmitter
Calculator:starchextractor, Starch Extractor
Calculator:redstoneextractor, Redstone Extractor
Calculator:glowstoneextractor, Glowstone Extractor
Calculator:CrankedGenerator, Hand Cranked Generator
Calculator:Crank, Crank Handle
Calculator:MagneticFlux, Magnetic Flux
Calculator:WeatherController, Weather Controller
Calculator:RainSensor, Rain Sensor
Calculator:StoneAssimilator, Stone Assimilator
Calculator:AlgorithmAssimilator, Algorithm Assimilator
Calculator:LanternOn, Gas Lantern
Calculator:LanternBasic, Lantern
Calculator:LanternOff, Gas Lantern
Calculator:Scarecrow, Scarecrow
Calculator:ScarecrowBlock, Scarecrow
Calculator:AmethystLog, Amethyst Wood
Calculator:AmethystPlanks, Amethyst Planks
Calculator:AmethystStairs, Amethyst Stairs
Calculator:AmethystFence, Amethyst Fence
Calculator:AmethystLeaf, Amethyst Leaves
Calculator:AmethystSapling, Amethyst Sapling
Calculator:TanzaniteLog, Tanzanite Wood
Calculator:TanzanitePlanks, Tanzanite Planks
Calculator:TanzaniteStairs, Tanzanite Stairs
Calculator:TanzaniteFence, Tanzanite Fence
Calculator:TanzaniteLeaf, Tanzanite Leaves
Calculator:TanzaniteSapling, Tanzanite Sapling
Calculator:PearLog, Pear Wood
Calculator:PearPlanks, Pear Planks
Calculator:PearStairs, Pear Stairs
Calculator:PearFence, Pear Fence
Calculator:PearLeaf, Pear Leaves
Calculator:PearSapling, Pear Sapling
Calculator:DiamondLog, Diamond Wood
Calculator:DiamondPlanks, Diamond Planks
Calculator:DiamondStairs, Diamond Stairs
Calculator:DiamondFence, Diamond Fence
Calculator:DiamondLeaf, Diamond Leaves
Calculator:DiamondSapling, Diamond Sapling
Calculator:AmethystBlock, Amethyst Block
Calculator:TanzaniteBlock, Tanzanite Block
Calculator:EnrichedBlock, Enriched Gold Block
Calculator:ReinforcedBlock, Reinforced Iron Block
Calculator:WeakenedBlock, Weakened Diamond Block
Calculator:FlawlessBlock, Flawless Diamond Block
Calculator:FlawlessFireBlock, Fire Diamond Block
Calculator:ElectricBlock, Electric Diamond Block
Calculator:EndBlock, End Diamond Block
Calculator:calculatorScreen, tile.calculatorScreen.name
Calculator:BroccoliPlant, Broccoli Plant
Calculator:PrunaePlant, Prunae Plant
Calculator:FiddledewPlant, Fiddledew Plant
CarpentersBlocks:blockCarpentersBlock, Carpenter's Block
CarpentersBlocks:blockCarpentersBarrier, Carpenter's Barrier
CarpentersBlocks:blockCarpentersBed, Carpenter's Bed
CarpentersBlocks:blockCarpentersButton, Carpenter's Button
CarpentersBlocks:blockCarpentersCollapsibleBlock, Carpenter's Collapsible Block
CarpentersBlocks:blockCarpentersDaylightSensor, Carpenter's Daylight Sensor
CarpentersBlocks:blockCarpentersDoor, Carpenter's Door
CarpentersBlocks:blockCarpentersFlowerPot, Carpenter's Flower Pot
CarpentersBlocks:blockCarpentersGarageDoor, Carpenter's Garage Door
CarpentersBlocks:blockCarpentersGate, Carpenter's Gate
CarpentersBlocks:blockCarpentersHatch, Carpenter's Hatch
CarpentersBlocks:blockCarpentersLadder, Carpenter's Ladder
CarpentersBlocks:blockCarpentersLever, Carpenter's Lever
CarpentersBlocks:blockCarpentersPressurePlate, Carpenter's Pressure Plate
CarpentersBlocks:blockCarpentersSafe, Carpenter's Safe
CarpentersBlocks:blockCarpentersSlope:0, Carpenter's Wedge Slope
CarpentersBlocks:blockCarpentersSlope:1, Carpenter's Oblique Interior Slope
CarpentersBlocks:blockCarpentersSlope:2, Carpenter's Oblique Exterior Slope
CarpentersBlocks:blockCarpentersSlope:3, Carpenter's Prism Slope
CarpentersBlocks:blockCarpentersSlope:4, Carpenter's Prism Wedge Slope
CarpentersBlocks:blockCarpentersStairs, Carpenter's Stairs
CarpentersBlocks:blockCarpentersTorch, Carpenter's Torch
chancecubes:Chance_Cube, Chance Cube
chancecubes:Chance_Icosahedron, Chance Icosahedron
chancecubes:Giant_Chance_Cube, Giant Chance Cube
chancecubes:Compact_Giant_Chance_Cube, Compact Giant Chance Cube
chancecubes:Cube_Dispenser, Chance Cube Dispenser
compacter:Compacter, Compacter
compacter:Cobbler, Creative Cobble Generator
DraconicEvolution:xRayBlock, Distortion Flame
DraconicEvolution:weatherController, Weather Controller
DraconicEvolution:sunDial, Sun Dial
DraconicEvolution:draconiumOre, Draconium Ore
DraconicEvolution:grinder, Mob Grinder
DraconicEvolution:potentiometer, Potentiometer
DraconicEvolution:rainSensor, Rain Sensor
DraconicEvolution:particleGenerator, Particle Generator
DraconicEvolution:playerDetector, Player Detector
DraconicEvolution:playerDetectorAdvanced, Advanced Player Detector
DraconicEvolution:energyInfuser, Energy Infuser
DraconicEvolution:customSpawner, Stabilized Mob Spawner
DraconicEvolution:generator, Generator
DraconicEvolution:energyStorageCore, Energy Core
DraconicEvolution:draconium:0, Draconium Block
DraconicEvolution:draconium:1, Resurrection Stone
DraconicEvolution:draconium:2, Charged Draconium Block
DraconicEvolution:invisibleMultiblock, Energy Core
DraconicEvolution:energyPylon, Energy Pylon
DraconicEvolution:placedItem, tile.draconicevolution:placedItem.name
DraconicEvolution:safetyFlame, tile.draconicevolution:safetyFlame.name
DraconicEvolution:cKeyStone:0, Creative Key Stone
DraconicEvolution:cKeyStone:1, Creative Key Stone
DraconicEvolution:cKeyStone:2, Creative Key Stone
DraconicEvolution:cKeyStone:3, Creative Key Stone
DraconicEvolution:dissEnchanter, Disenchanter
DraconicEvolution:teleporterStand, Dislocator Pedestal
DraconicEvolution:draconiumChest, Draconic Chest
DraconicEvolution:draconicBlock, Awakened Draconium Block
DraconicEvolution:energyCrystal:0, Energy Relay
DraconicEvolution:energyCrystal:1, Advanced Energy Relay
DraconicEvolution:energyCrystal:2, Energy Transceiver
DraconicEvolution:energyCrystal:3, Advanced Energy Transceiver
DraconicEvolution:energyCrystal:4, Wireless Energy Transceiver
DraconicEvolution:energyCrystal:5, Advanced Wireless Transceiver
DraconicEvolution:infusedObsidian, Draconium Infused Obsidian
DraconicEvolution:dislocatorReceptacle, Dislocator Receptacle
DraconicEvolution:portal, Portal
DraconicEvolution:reactorCore, Draconic Reactor Core
DraconicEvolution:flowGate:0, Flux Gate
DraconicEvolution:flowGate:6, Fluid Gate
DraconicEvolution:reactorStabilizer, Reactor Stabilizer
DraconicEvolution:reactorEnergyInjector, Reactor Energy Injector
DraconicEvolution:chaosCrystal, Chaos Crystal
DraconicEvolution:upgradeModifier, Upgrade Modifier
DraconicEvolution:longRangeDislocator:1, Admin Dislocator
DraconicEvolution:chaosShardAtmos, tile.draconicevolution:chaosShardAtmos.name
EMT:PortableNode, Portable Node
EMT:ShieldBlock, Shield Block
EMT:EMTSolars:0, Compressed Solar Panel
EMT:EMTSolars:1, Double Compressed Solar Panel
EMT:EMTSolars:2, Triple Compressed Solar Panel
EMT:EMTSolars:3, Water Infused Compressed Solar Panel
EMT:EMTSolars:4, Water Infused Double Compressed Solar Panel
EMT:EMTSolars:5, Water Infused Triple Compressed Solar Panel
EMT:EMTSolars:6, Entropy Infused Compressed Solar Panel
EMT:EMTSolars:7, Entropy Double Infused Compressed Solar Panel
EMT:EMTSolars:8, Entropy Triple Infused Compressed Solar Panel
EMT:EMTSolars:9, Order Infused Compressed Solar Panel
EMT:EMTSolars:10, Order Infused Double Compressed Solar Panel
EMT:EMTSolars:11, Order Infused Triple Compressed Solar Panel
EMT:EMTSolars:12, Fire Infused Compressed Solar Panel
EMT:EMTSolars:13, Fire Infused Double Compressed Solar Panel
EMT:EMTSolars:14, Fire Infused Triple Compressed Solar Panel
EMT:EMTSolars:15, Air Infused Compressed Solar Panel
EMT:EMTSolars2:0, Air Infused Double Compressed Solar Panel
EMT:EMTSolars2:1, Air Infused Triple Compressed Solar Panel
EMT:EMTSolars2:2, Earth Infused Compressed Solar Panel
EMT:EMTSolars2:3, Earth Infused Double Compressed Solar Panel
EMT:EMTSolars2:4, Earth Infused Triple Compressed Solar Panel
EMT:EMTMachines:0, Industrial Wand Charging Station
EMT:EMTMachines:1, Ethereal Processor
EMT:EssentiaGenerators:0, Potentia Generator
EMT:EssentiaGenerators:1, Ignis Generator
EMT:EssentiaGenerators:2, Auram Generator
EMT:EssentiaGenerators:3, Arbor Generator
EMT:EssentiaGenerators:4, Aer Generator
EMT:electricCloud, Electric Cloud
eplus:tile.advancedEnchantmentTable, Advanced Enchantment Table
EnderZoo:blockConfusingCharge, Confusing Charge
EnderZoo:blockEnderCharge, Ender Charge
EnderZoo:blockConcussionCharge, Concussion Charge
ewysworkshop:WorkshopTable, Workshop Table
extracells:certustank, extracells.block.certustank.name
extracells:walrus, Walrus
extracells:fluidcrafter, ME Fluid Assembler
extracells:ecbaseblock:0, ME Fluid Interface
extracells:ecbaseblock:1, ME Fluid Auto Filler
extracells:hardmedrive, Blast resistant ME Drive [WIP]
extracells:vibrantchamberfluid, Fluid Vibration Chamber
ProjectE:interdiction_torch, Interdiction Torch
ProjectE:condenser_mk2, Energy Condenser MK2
ProjectE:rm_furnace_lit, Red Matter Furnace
ProjectE:dm_furnace_lit, Dark Matter Furnace
ProjectE:dm_pedestal, Dark Matter Pedestal
ProjectE:nova_catalyst, Nova Catalyst
ProjectE:nova_cataclysm, Nova Cataclysm
ProjectE:alchemical_chest, Alchemical Chest
ProjectE:transmutation_table, Transmutation Table
ProjectE:condenser_mk1, Energy Condenser
ProjectE:rm_furnace, Red Matter Furnace
ProjectE:dm_furnace, Dark Matter Furnace
ProjectE:matter_block:0, Dark Matter Block
ProjectE:matter_block:1, Red Matter Block
ProjectE:fuel_block:0, Alchemical Coal Block
ProjectE:fuel_block:1, Mobius Fuel Block
ProjectE:fuel_block:2, Aeternalis Fuel Block
ProjectE:collector_mk1, Energy Collector MK1
ProjectE:collector_mk2, Energy Collector MK2
ProjectE:collector_mk3, Energy Collector MK3
ProjectE:relay_mk1, Anti-Matter Relay MK1
ProjectE:relay_mk2, Anti-Matter Relay MK2
ProjectE:relay_mk3, Anti-Matter Relay MK3
extrae:collector_mk4, Energy Collector MK4
extrae:collector_mk5, Energy Collector MK5
extrae:collector_mk6, Energy Collector MK6
extrae:relay_mk4, Anti-Matter Relay MK4
extrae:relay_mk5, Anti-Matter Relay MK5
extrae:relay_mk6, Anti-Matter Relay MK6
extrae:emcengine, EMC Engine
extrae:rfcollector, RF Collector
ExtraUtilities:chestMini, Mini-Chest
ExtraUtilities:chestFull, Slightly Larger Chest
ExtraUtilities:enderCollector, Ender Collector
ExtraUtilities:endConstructor:0, QED (Quasar Entanglement Device)
ExtraUtilities:endConstructor:2, Ender-Flux Crystal
ExtraUtilities:endMarker, Ender-Marker
ExtraUtilities:curtains, Blackout Curtains
ExtraUtilities:angelBlock, Angel Block
ExtraUtilities:budoff:0, Block Update Detector
ExtraUtilities:budoff:3, Block Update Detector (Advanced)
ExtraUtilities:chandelier, Chandelier
ExtraUtilities:decorativeBlock1:0, Edged Stone Bricks
ExtraUtilities:decorativeBlock1:1, Ender-infused Obsidian
ExtraUtilities:decorativeBlock1:2, Burnt Quartz
ExtraUtilities:decorativeBlock1:3, Frosted Stone
ExtraUtilities:decorativeBlock1:4, Border Stone
ExtraUtilities:decorativeBlock1:5, Unstable Ingot Block
ExtraUtilities:decorativeBlock1:6, Gravel Bricks
ExtraUtilities:decorativeBlock1:7, Border Stone (Alternate)
ExtraUtilities:decorativeBlock1:8, Magical Wood
ExtraUtilities:decorativeBlock1:9, Sandy Glass
ExtraUtilities:decorativeBlock1:10, Gravel Road
ExtraUtilities:decorativeBlock1:11, Ender Core
ExtraUtilities:decorativeBlock1:12, Diamond-Etched Computational Matrix
ExtraUtilities:decorativeBlock1:13, Ender-Sand Alloy
ExtraUtilities:decorativeBlock1:14, Carved 'Eminence' Stone
ExtraUtilities:decorativeBlock2:0, Thickened Glass
ExtraUtilities:decorativeBlock2:1, Edged Glass
ExtraUtilities:decorativeBlock2:2, Glass Bricks
ExtraUtilities:decorativeBlock2:3, Carved Glass
ExtraUtilities:decorativeBlock2:4, Golden Edged Glass
ExtraUtilities:decorativeBlock2:5, Obsidian Glass
ExtraUtilities:decorativeBlock2:6, Swirling Glass
ExtraUtilities:decorativeBlock2:7, Glowstone Glass
ExtraUtilities:decorativeBlock2:8, Heart Glass
ExtraUtilities:decorativeBlock2:9, Square Glass
ExtraUtilities:decorativeBlock2:10, Dark Glass
ExtraUtilities:decorativeBlock2:11, Reinforced Dark Glass
ExtraUtilities:pureLove, tile.extrautils:pureLove.name
ExtraUtilities:block_bedrockium, Block of Bedrockium
ExtraUtilities:datablock, tile.extrautils:datablock.name
ExtraUtilities:colorStoneBrick:0, Colored Stone Bricks (White Frequency)
ExtraUtilities:colorStoneBrick:1, Colored Stone Bricks (Orange Frequency)
ExtraUtilities:colorStoneBrick:2, Colored Stone Bricks (Magenta Frequency)
ExtraUtilities:colorStoneBrick:3, Colored Stone Bricks (Light Blue Frequency)
ExtraUtilities:colorStoneBrick:4, Colored Stone Bricks (Yellow Frequency)
ExtraUtilities:colorStoneBrick:5, Colored Stone Bricks (Lime Frequency)
ExtraUtilities:colorStoneBrick:6, Colored Stone Bricks (Pink Frequency)
ExtraUtilities:colorStoneBrick:7, Colored Stone Bricks (Gray Frequency)
ExtraUtilities:colorStoneBrick:8, Colored Stone Bricks (Light Gray Frequency)
ExtraUtilities:colorStoneBrick:9, Colored Stone Bricks (Cyan Frequency)
ExtraUtilities:colorStoneBrick:10, Colored Stone Bricks (Purple Frequency)
ExtraUtilities:colorStoneBrick:11, Colored Stone Bricks (Blue Frequency)
ExtraUtilities:colorStoneBrick:12, Colored Stone Bricks (Brown Frequency)
ExtraUtilities:colorStoneBrick:13, Colored Stone Bricks (Green Frequency)
ExtraUtilities:colorStoneBrick:14, Colored Stone Bricks (Red Frequency)
ExtraUtilities:colorStoneBrick:15, Colored Stone Bricks (Black Frequency)
ExtraUtilities:colorWoodPlanks:0, Colored Oak Wood Planks (White Frequency)
ExtraUtilities:colorWoodPlanks:1, Colored Oak Wood Planks (Orange Frequency)
ExtraUtilities:colorWoodPlanks:2, Colored Oak Wood Planks (Magenta Frequency)
ExtraUtilities:colorWoodPlanks:3, Colored Oak Wood Planks (Light Blue Frequency)
ExtraUtilities:colorWoodPlanks:4, Colored Oak Wood Planks (Yellow Frequency)
ExtraUtilities:colorWoodPlanks:5, Colored Oak Wood Planks (Lime Frequency)
ExtraUtilities:colorWoodPlanks:6, Colored Oak Wood Planks (Pink Frequency)
ExtraUtilities:colorWoodPlanks:7, Colored Oak Wood Planks (Gray Frequency)
ExtraUtilities:colorWoodPlanks:8, Colored Oak Wood Planks (Light Gray Frequency)
ExtraUtilities:colorWoodPlanks:9, Colored Oak Wood Planks (Cyan Frequency)
ExtraUtilities:colorWoodPlanks:10, Colored Oak Wood Planks (Purple Frequency)
ExtraUtilities:colorWoodPlanks:11, Colored Oak Wood Planks (Blue Frequency)
ExtraUtilities:colorWoodPlanks:12, Colored Oak Wood Planks (Brown Frequency)
ExtraUtilities:colorWoodPlanks:13, Colored Oak Wood Planks (Green Frequency)
ExtraUtilities:colorWoodPlanks:14, Colored Oak Wood Planks (Red Frequency)
ExtraUtilities:colorWoodPlanks:15, Colored Oak Wood Planks (Black Frequency)
ExtraUtilities:color_lightgem:0, Colored Glowstone (White Frequency)
ExtraUtilities:color_lightgem:1, Colored Glowstone (Orange Frequency)
ExtraUtilities:color_lightgem:2, Colored Glowstone (Magenta Frequency)
ExtraUtilities:color_lightgem:3, Colored Glowstone (Light Blue Frequency)
ExtraUtilities:color_lightgem:4, Colored Glowstone (Yellow Frequency)
ExtraUtilities:color_lightgem:5, Colored Glowstone (Lime Frequency)
ExtraUtilities:color_lightgem:6, Colored Glowstone (Pink Frequency)
ExtraUtilities:color_lightgem:7, Colored Glowstone (Gray Frequency)
ExtraUtilities:color_lightgem:8, Colored Glowstone (Light Gray Frequency)
ExtraUtilities:color_lightgem:9, Colored Glowstone (Cyan Frequency)
ExtraUtilities:color_lightgem:10, Colored Glowstone (Purple Frequency)
ExtraUtilities:color_lightgem:11, Colored Glowstone (Blue Frequency)
ExtraUtilities:color_lightgem:12, Colored Glowstone (Brown Frequency)
ExtraUtilities:color_lightgem:13, Colored Glowstone (Green Frequency)
ExtraUtilities:color_lightgem:14, Colored Glowstone (Red Frequency)
ExtraUtilities:color_lightgem:15, Colored Glowstone (Black Frequency)
ExtraUtilities:color_stone:0, Colored Stone (White Frequency)
ExtraUtilities:color_stone:1, Colored Stone (Orange Frequency)
ExtraUtilities:color_stone:2, Colored Stone (Magenta Frequency)
ExtraUtilities:color_stone:3, Colored Stone (Light Blue Frequency)
ExtraUtilities:color_stone:4, Colored Stone (Yellow Frequency)
ExtraUtilities:color_stone:5, Colored Stone (Lime Frequency)
ExtraUtilities:color_stone:6, Colored Stone (Pink Frequency)
ExtraUtilities:color_stone:7, Colored Stone (Gray Frequency)
ExtraUtilities:color_stone:8, Colored Stone (Light Gray Frequency)
ExtraUtilities:color_stone:9, Colored Stone (Cyan Frequency)
ExtraUtilities:color_stone:10, Colored Stone (Purple Frequency)
ExtraUtilities:color_stone:11, Colored Stone (Blue Frequency)
ExtraUtilities:color_stone:12, Colored Stone (Brown Frequency)
ExtraUtilities:color_stone:13, Colored Stone (Green Frequency)
ExtraUtilities:color_stone:14, Colored Stone (Red Frequency)
ExtraUtilities:color_stone:15, Colored Stone (Black Frequency)
ExtraUtilities:color_quartzBlock:0, Colored Block of Quartz (White Frequency)
ExtraUtilities:color_quartzBlock:1, Colored Block of Quartz (Orange Frequency)
ExtraUtilities:color_quartzBlock:2, Colored Block of Quartz (Magenta Frequency)
ExtraUtilities:color_quartzBlock:3, Colored Block of Quartz (Light Blue Frequency)
ExtraUtilities:color_quartzBlock:4, Colored Block of Quartz (Yellow Frequency)
ExtraUtilities:color_quartzBlock:5, Colored Block of Quartz (Lime Frequency)
ExtraUtilities:color_quartzBlock:6, Colored Block of Quartz (Pink Frequency)
ExtraUtilities:color_quartzBlock:7, Colored Block of Quartz (Gray Frequency)
ExtraUtilities:color_quartzBlock:8, Colored Block of Quartz (Light Gray Frequency)
ExtraUtilities:color_quartzBlock:9, Colored Block of Quartz (Cyan Frequency)
ExtraUtilities:color_quartzBlock:10, Colored Block of Quartz (Purple Frequency)
ExtraUtilities:color_quartzBlock:11, Colored Block of Quartz (Blue Frequency)
ExtraUtilities:color_quartzBlock:12, Colored Block of Quartz (Brown Frequency)
ExtraUtilities:color_quartzBlock:13, Colored Block of Quartz (Green Frequency)
ExtraUtilities:color_quartzBlock:14, Colored Block of Quartz (Red Frequency)
ExtraUtilities:color_quartzBlock:15, Colored Block of Quartz (Black Frequency)
ExtraUtilities:color_hellsand:0, Colored Soul Sand (White Frequency)
ExtraUtilities:color_hellsand:1, Colored Soul Sand (Orange Frequency)
ExtraUtilities:color_hellsand:2, Colored Soul Sand (Magenta Frequency)
ExtraUtilities:color_hellsand:3, Colored Soul Sand (Light Blue Frequency)
ExtraUtilities:color_hellsand:4, Colored Soul Sand (Yellow Frequency)
ExtraUtilities:color_hellsand:5, Colored Soul Sand (Lime Frequency)
ExtraUtilities:color_hellsand:6, Colored Soul Sand (Pink Frequency)
ExtraUtilities:color_hellsand:7, Colored Soul Sand (Gray Frequency)
ExtraUtilities:color_hellsand:8, Colored Soul Sand (Light Gray Frequency)
ExtraUtilities:color_hellsand:9, Colored Soul Sand (Cyan Frequency)
ExtraUtilities:color_hellsand:10, Colored Soul Sand (Purple Frequency)
ExtraUtilities:color_hellsand:11, Colored Soul Sand (Blue Frequency)
ExtraUtilities:color_hellsand:12, Colored Soul Sand (Brown Frequency)
ExtraUtilities:color_hellsand:13, Colored Soul Sand (Green Frequency)
ExtraUtilities:color_hellsand:14, Colored Soul Sand (Red Frequency)
ExtraUtilities:color_hellsand:15, Colored Soul Sand (Black Frequency)
ExtraUtilities:color_redstoneLight:0, Colored Redstone Lamp (White Frequency)
ExtraUtilities:color_redstoneLight:1, Colored Redstone Lamp (Orange Frequency)
ExtraUtilities:color_redstoneLight:2, Colored Redstone Lamp (Magenta Frequency)
ExtraUtilities:color_redstoneLight:3, Colored Redstone Lamp (Light Blue Frequency)
ExtraUtilities:color_redstoneLight:4, Colored Redstone Lamp (Yellow Frequency)
ExtraUtilities:color_redstoneLight:5, Colored Redstone Lamp (Lime Frequency)
ExtraUtilities:color_redstoneLight:6, Colored Redstone Lamp (Pink Frequency)
ExtraUtilities:color_redstoneLight:7, Colored Redstone Lamp (Gray Frequency)
ExtraUtilities:color_redstoneLight:8, Colored Redstone Lamp (Light Gray Frequency)
ExtraUtilities:color_redstoneLight:9, Colored Redstone Lamp (Cyan Frequency)
ExtraUtilities:color_redstoneLight:10, Colored Redstone Lamp (Purple Frequency)
ExtraUtilities:color_redstoneLight:11, Colored Redstone Lamp (Blue Frequency)
ExtraUtilities:color_redstoneLight:12, Colored Redstone Lamp (Brown Frequency)
ExtraUtilities:color_redstoneLight:13, Colored Redstone Lamp (Green Frequency)
ExtraUtilities:color_redstoneLight:14, Colored Redstone Lamp (Red Frequency)
ExtraUtilities:color_redstoneLight:15, Colored Redstone Lamp (Black Frequency)
ExtraUtilities:color_brick:0, Colored Bricks (White Frequency)
ExtraUtilities:color_brick:1, Colored Bricks (Orange Frequency)
ExtraUtilities:color_brick:2, Colored Bricks (Magenta Frequency)
ExtraUtilities:color_brick:3, Colored Bricks (Light Blue Frequency)
ExtraUtilities:color_brick:4, Colored Bricks (Yellow Frequency)
ExtraUtilities:color_brick:5, Colored Bricks (Lime Frequency)
ExtraUtilities:color_brick:6, Colored Bricks (Pink Frequency)
ExtraUtilities:color_brick:7, Colored Bricks (Gray Frequency)
ExtraUtilities:color_brick:8, Colored Bricks (Light Gray Frequency)
ExtraUtilities:color_brick:9, Colored Bricks (Cyan Frequency)
ExtraUtilities:color_brick:10, Colored Bricks (Purple Frequency)
ExtraUtilities:color_brick:11, Colored Bricks (Blue Frequency)
ExtraUtilities:color_brick:12, Colored Bricks (Brown Frequency)
ExtraUtilities:color_brick:13, Colored Bricks (Green Frequency)
ExtraUtilities:color_brick:14, Colored Bricks (Red Frequency)
ExtraUtilities:color_brick:15, Colored Bricks (Black Frequency)
ExtraUtilities:color_stonebrick:0, Colored Cobblestone (White Frequency)
ExtraUtilities:color_stonebrick:1, Colored Cobblestone (Orange Frequency)
ExtraUtilities:color_stonebrick:2, Colored Cobblestone (Magenta Frequency)
ExtraUtilities:color_stonebrick:3, Colored Cobblestone (Light Blue Frequency)
ExtraUtilities:color_stonebrick:4, Colored Cobblestone (Yellow Frequency)
ExtraUtilities:color_stonebrick:5, Colored Cobblestone (Lime Frequency)
ExtraUtilities:color_stonebrick:6, Colored Cobblestone (Pink Frequency)
ExtraUtilities:color_stonebrick:7, Colored Cobblestone (Gray Frequency)
ExtraUtilities:color_stonebrick:8, Colored Cobblestone (Light Gray Frequency)
ExtraUtilities:color_stonebrick:9, Colored Cobblestone (Cyan Frequency)
ExtraUtilities:color_stonebrick:10, Colored Cobblestone (Purple Frequency)
ExtraUtilities:color_stonebrick:11, Colored Cobblestone (Blue Frequency)
ExtraUtilities:color_stonebrick:12, Colored Cobblestone (Brown Frequency)
ExtraUtilities:color_stonebrick:13, Colored Cobblestone (Green Frequency)
ExtraUtilities:color_stonebrick:14, Colored Cobblestone (Red Frequency)
ExtraUtilities:color_stonebrick:15, Colored Cobblestone (Black Frequency)
ExtraUtilities:color_blockLapis:0, Colored Lapis Lazuli Block (White Frequency)
ExtraUtilities:color_blockLapis:1, Colored Lapis Lazuli Block (Orange Frequency)
ExtraUtilities:color_blockLapis:2, Colored Lapis Lazuli Block (Magenta Frequency)
ExtraUtilities:color_blockLapis:3, Colored Lapis Lazuli Block (Light Blue Frequency)
ExtraUtilities:color_blockLapis:4, Colored Lapis Lazuli Block (Yellow Frequency)
ExtraUtilities:color_blockLapis:5, Colored Lapis Lazuli Block (Lime Frequency)
ExtraUtilities:color_blockLapis:6, Colored Lapis Lazuli Block (Pink Frequency)
ExtraUtilities:color_blockLapis:7, Colored Lapis Lazuli Block (Gray Frequency)
ExtraUtilities:color_blockLapis:8, Colored Lapis Lazuli Block (Light Gray Frequency)
ExtraUtilities:color_blockLapis:9, Colored Lapis Lazuli Block (Cyan Frequency)
ExtraUtilities:color_blockLapis:10, Colored Lapis Lazuli Block (Purple Frequency)
ExtraUtilities:color_blockLapis:11, Colored Lapis Lazuli Block (Blue Frequency)
ExtraUtilities:color_blockLapis:12, Colored Lapis Lazuli Block (Brown Frequency)
ExtraUtilities:color_blockLapis:13, Colored Lapis Lazuli Block (Green Frequency)
ExtraUtilities:color_blockLapis:14, Colored Lapis Lazuli Block (Red Frequency)
ExtraUtilities:color_blockLapis:15, Colored Lapis Lazuli Block (Black Frequency)
ExtraUtilities:color_obsidian:0, Colored Obsidian (White Frequency)
ExtraUtilities:color_obsidian:1, Colored Obsidian (Orange Frequency)
ExtraUtilities:color_obsidian:2, Colored Obsidian (Magenta Frequency)
ExtraUtilities:color_obsidian:3, Colored Obsidian (Light Blue Frequency)
ExtraUtilities:color_obsidian:4, Colored Obsidian (Yellow Frequency)
ExtraUtilities:color_obsidian:5, Colored Obsidian (Lime Frequency)
ExtraUtilities:color_obsidian:6, Colored Obsidian (Pink Frequency)
ExtraUtilities:color_obsidian:7, Colored Obsidian (Gray Frequency)
ExtraUtilities:color_obsidian:8, Colored Obsidian (Light Gray Frequency)
ExtraUtilities:color_obsidian:9, Colored Obsidian (Cyan Frequency)
ExtraUtilities:color_obsidian:10, Colored Obsidian (Purple Frequency)
ExtraUtilities:color_obsidian:11, Colored Obsidian (Blue Frequency)
ExtraUtilities:color_obsidian:12, Colored Obsidian (Brown Frequency)
ExtraUtilities:color_obsidian:13, Colored Obsidian (Green Frequency)
ExtraUtilities:color_obsidian:14, Colored Obsidian (Red Frequency)
ExtraUtilities:color_obsidian:15, Colored Obsidian (Black Frequency)
ExtraUtilities:color_blockRedstone:0, Colored Block of Redstone (White Frequency)
ExtraUtilities:color_blockRedstone:1, Colored Block of Redstone (Orange Frequency)
ExtraUtilities:color_blockRedstone:2, Colored Block of Redstone (Magenta Frequency)
ExtraUtilities:color_blockRedstone:3, Colored Block of Redstone (Light Blue Frequency)
ExtraUtilities:color_blockRedstone:4, Colored Block of Redstone (Yellow Frequency)
ExtraUtilities:color_blockRedstone:5, Colored Block of Redstone (Lime Frequency)
ExtraUtilities:color_blockRedstone:6, Colored Block of Redstone (Pink Frequency)
ExtraUtilities:color_blockRedstone:7, Colored Block of Redstone (Gray Frequency)
ExtraUtilities:color_blockRedstone:8, Colored Block of Redstone (Light Gray Frequency)
ExtraUtilities:color_blockRedstone:9, Colored Block of Redstone (Cyan Frequency)
ExtraUtilities:color_blockRedstone:10, Colored Block of Redstone (Purple Frequency)
ExtraUtilities:color_blockRedstone:11, Colored Block of Redstone (Blue Frequency)
ExtraUtilities:color_blockRedstone:12, Colored Block of Redstone (Brown Frequency)
ExtraUtilities:color_blockRedstone:13, Colored Block of Redstone (Green Frequency)
ExtraUtilities:color_blockRedstone:14, Colored Block of Redstone (Red Frequency)
ExtraUtilities:color_blockRedstone:15, Colored Block of Redstone (Black Frequency)
ExtraUtilities:color_blockCoal:0, Colored Block of Coal (White Frequency)
ExtraUtilities:color_blockCoal:1, Colored Block of Coal (Orange Frequency)
ExtraUtilities:color_blockCoal:2, Colored Block of Coal (Magenta Frequency)
ExtraUtilities:color_blockCoal:3, Colored Block of Coal (Light Blue Frequency)
ExtraUtilities:color_blockCoal:4, Colored Block of Coal (Yellow Frequency)
ExtraUtilities:color_blockCoal:5, Colored Block of Coal (Lime Frequency)
ExtraUtilities:color_blockCoal:6, Colored Block of Coal (Pink Frequency)
ExtraUtilities:color_blockCoal:7, Colored Block of Coal (Gray Frequency)
ExtraUtilities:color_blockCoal:8, Colored Block of Coal (Light Gray Frequency)
ExtraUtilities:color_blockCoal:9, Colored Block of Coal (Cyan Frequency)
ExtraUtilities:color_blockCoal:10, Colored Block of Coal (Purple Frequency)
ExtraUtilities:color_blockCoal:11, Colored Block of Coal (Blue Frequency)
ExtraUtilities:color_blockCoal:12, Colored Block of Coal (Brown Frequency)
ExtraUtilities:color_blockCoal:13, Colored Block of Coal (Green Frequency)
ExtraUtilities:color_blockCoal:14, Colored Block of Coal (Red Frequency)
ExtraUtilities:color_blockCoal:15, Colored Block of Coal (Black Frequency)
ExtraUtilities:cobblestone_compressed:0, Compressed Cobblestone
ExtraUtilities:cobblestone_compressed:1, Double Compressed Cobblestone
ExtraUtilities:cobblestone_compressed:2, Triple Compressed Cobblestone
ExtraUtilities:cobblestone_compressed:3, Quadruple Compressed Cobblestone
ExtraUtilities:cobblestone_compressed:4, Quintuple Compressed Cobblestone
ExtraUtilities:cobblestone_compressed:5, Sextuple Compressed Cobblestone
ExtraUtilities:cobblestone_compressed:6, Septuple Compressed Cobblestone
ExtraUtilities:cobblestone_compressed:7, Octuple Compressed Cobblestone
ExtraUtilities:cobblestone_compressed:8, Compressed Dirt
ExtraUtilities:cobblestone_compressed:9, Double Compressed Dirt
ExtraUtilities:cobblestone_compressed:10, Triple Compressed Dirt
ExtraUtilities:cobblestone_compressed:11, Quadruple Compressed Dirt
ExtraUtilities:cobblestone_compressed:12, Compressed Gravel
ExtraUtilities:cobblestone_compressed:13, Double Compressed Gravel
ExtraUtilities:cobblestone_compressed:14, Compressed Sand
ExtraUtilities:cobblestone_compressed:15, Double Compressed Sand
ExtraUtilities:conveyor, Conveyor Belt
ExtraUtilities:filing:0, Filing Cabinet
ExtraUtilities:filing:1, Filing Cabinet (Advanced)
ExtraUtilities:greenscreen:0, Lapis Caelestis Albus (White)
ExtraUtilities:greenscreen:1, Lapis Caelestis Aurantiacus (Orange)
ExtraUtilities:greenscreen:2, Lapis Caelestis Purpura Amethystinus (Magenta)
ExtraUtilities:greenscreen:3, Lapis Caelestis Caesicius (Light Blue)
ExtraUtilities:greenscreen:4, Lapis Caelestis Flavus (Yellow)
ExtraUtilities:greenscreen:5, Lapis Caelestis Viridis (Green)
ExtraUtilities:greenscreen:6, Lapis Caelestis Roseus (Pink)
ExtraUtilities:greenscreen:7, Lapis Caelestis Cinereus (Gray)
ExtraUtilities:greenscreen:8, Lapis Caelestis Lux Cinereus (Light Gray)
ExtraUtilities:greenscreen:9, Lapis Caelestis Callainus (Cyan)
ExtraUtilities:greenscreen:10, Lapis Caelestis Purpura (Purple)
ExtraUtilities:greenscreen:11, Lapis Caelestis Caeruleus (Blue)
ExtraUtilities:greenscreen:12, Lapis Caelestis Fuscus (Brown)
ExtraUtilities:greenscreen:13, Lapis Caelestis Paphiae Myrti (Dark Green)
ExtraUtilities:greenscreen:14, Lapis Caelestis Rufus (Red)
ExtraUtilities:greenscreen:15, Lapis Caelestis Nox (Black)
ExtraUtilities:peaceful_table_top, Peaceful Table
ExtraUtilities:trading_post, Trading Post
ExtraUtilities:sound_muffler:0, Sound Muffler
ExtraUtilities:sound_muffler:1, Rain Muffler
ExtraUtilities:extractor_base:0, Transfer Node (Items)
ExtraUtilities:extractor_base:6, Transfer Node (Liquids)
ExtraUtilities:extractor_base:12, Transfer Node (Energy)
ExtraUtilities:extractor_base:13, Transfer Node (Hyper Energy)
ExtraUtilities:extractor_base_remote:0, Retrieval Node (Items)
ExtraUtilities:extractor_base_remote:6, Retrieval Node (Liquids)
ExtraUtilities:pipes:0, Transfer Pipe
ExtraUtilities:pipes:8, Sorting Pipe
ExtraUtilities:pipes:9, Filter Pipe
ExtraUtilities:pipes:10, Rationing Pipe
ExtraUtilities:pipes:11, Energy Pipe
ExtraUtilities:pipes:12, Crossover Pipe
ExtraUtilities:pipes:13, Mod Sorting Pipe
ExtraUtilities:pipes:14, Energy Extraction Pipe
ExtraUtilities:pipes.1:0, Hyper-Rationing Pipe
ExtraUtilities:cursedearthside:0, Cursed Earth
ExtraUtilities:trashcan:0, Trash Can
ExtraUtilities:trashcan:1, Trash Can (Fluids)
ExtraUtilities:trashcan:2, Trash Can (Energy)
ExtraUtilities:spike_base, Iron Spike
ExtraUtilities:spike_base_diamond, Diamond Spike
ExtraUtilities:spike_base_gold, Golden Spike
ExtraUtilities:spike_base_wood, Wooden Spike
ExtraUtilities:enderThermicPump, Ender-Thermic Pump
ExtraUtilities:enderQuarry, Ender Quarry
ExtraUtilities:enderQuarryUpgrade:0, Ender Quarry Upgrade Base
ExtraUtilities:enderQuarryUpgrade:1, Ender Quarry World Hole Upgrade
ExtraUtilities:enderQuarryUpgrade:2, Ender Quarry Silk Touch Upgrade
ExtraUtilities:enderQuarryUpgrade:3, Ender Quarry Fortune I Upgrade
ExtraUtilities:enderQuarryUpgrade:4, Ender Quarry Fortune II Upgrade
ExtraUtilities:enderQuarryUpgrade:5, Ender Quarry Fortune III Upgrade
ExtraUtilities:enderQuarryUpgrade:6, Ender Quarry Speed I Upgrade
ExtraUtilities:enderQuarryUpgrade:7, Ender Quarry Speed II Upgrade
ExtraUtilities:enderQuarryUpgrade:8, Ender Quarry Speed III Upgrade
ExtraUtilities:enderQuarryUpgrade:9, Ender Quarry Pump Upgrade
ExtraUtilities:plant/ender_lilly, Ender-Lily Seeds
ExtraUtilities:timer, Redstone Clock
ExtraUtilities:magnumTorch:0, Magnum Torch
ExtraUtilities:drum:0, Drum
ExtraUtilities:drum:1, Bedrockium Drum
ExtraUtilities:generator:0, Survivalist Generator
ExtraUtilities:generator:1, Furnace Generator
ExtraUtilities:generator:2, Lava Generator
ExtraUtilities:generator:3, Ender Generator
ExtraUtilities:generator:4, Heated Redstone Generator
ExtraUtilities:generator:5, Culinary Generator
ExtraUtilities:generator:6, Potions Generator
ExtraUtilities:generator:7, Solar Generator
ExtraUtilities:generator:8, TNT Generator
ExtraUtilities:generator:9, Pink Generator
ExtraUtilities:generator:10, High-temperature Furnace Generator
ExtraUtilities:generator:11, Nether Star Generator
ExtraUtilities:generator.8:0, Survivalist Generator
ExtraUtilities:generator.8:1, Furnace Generator
ExtraUtilities:generator.8:2, Lava Generator
ExtraUtilities:generator.8:3, Ender Generator
ExtraUtilities:generator.8:4, Heated Redstone Generator
ExtraUtilities:generator.8:5, Culinary Generator
ExtraUtilities:generator.8:6, Potions Generator
ExtraUtilities:generator.8:7, Solar Generator
ExtraUtilities:generator.8:8, TNT Generator
ExtraUtilities:generator.8:9, Pink Generator
ExtraUtilities:generator.8:10, High-temperature Furnace Generator
ExtraUtilities:generator.8:11, Nether Star Generator
ExtraUtilities:generator.64:0, Survivalist Generator
ExtraUtilities:generator.64:1, Furnace Generator
ExtraUtilities:generator.64:2, Lava Generator
ExtraUtilities:generator.64:3, Ender Generator
ExtraUtilities:generator.64:4, Heated Redstone Generator
ExtraUtilities:generator.64:5, Culinary Generator
ExtraUtilities:generator.64:6, Potions Generator
ExtraUtilities:generator.64:7, Solar Generator
ExtraUtilities:generator.64:8, TNT Generator
ExtraUtilities:generator.64:9, Pink Generator
ExtraUtilities:generator.64:10, High-temperature Furnace Generator
ExtraUtilities:generator.64:11, Nether Star Generator
ExtraUtilities:dark_portal:0, Portal to The Deep Dark
ExtraUtilities:dark_portal:2, Portal to The Last Millenium
ExtraUtilities:etherealglass:0, Ethereal Glass
ExtraUtilities:etherealglass:1, Ineffable Glass
ExtraUtilities:etherealglass:2, Dark Ethereal Glass
ExtraUtilities:etherealglass:3, Ethereal Glass (Inverted)
ExtraUtilities:etherealglass:4, Ineffable Glass (Inverted)
ExtraUtilities:etherealglass:5, Dark Ethereal Glass (Inverted)
harvestcraft:cuttingboard, Cutting Board
harvestcraft:pot, Pot
harvestcraft:beehive, Beehive
harvestcraft:apiary, Apiary
harvestcraft:presser, Presser
harvestcraft:sink, tile.sink.name
harvestcraft:salt, Salt Ore
harvestcraft:spamcompressedsaltBlockalt, Compressed Salt Block
harvestcraft:market, Market
harvestcraft:oven, Oven
harvestcraft:ovenon, tile.ovenon.name
harvestcraft:churn, Churn
harvestcraft:churnon, tile.churnon.name
harvestcraft:quern, Quern
harvestcraft:quernon, tile.quernon.name
harvestcraft:fishtrap, Fish Trap
harvestcraft:animaltrap, Animal Trap
harvestcraft:berrygarden, Berry Garden
harvestcraft:desertgarden, Desert Garden
harvestcraft:grassgarden, Grass Garden
harvestcraft:gourdgarden, Gourd Garden
harvestcraft:groundgarden, Ground Garden
harvestcraft:herbgarden, Herb Garden
harvestcraft:leafygarden, Leafy Garden
harvestcraft:mushroomgarden, Mushroom Garden
harvestcraft:stalkgarden, Stalk Garden
harvestcraft:textilegarden, Textile Garden
harvestcraft:tropicalgarden, Tropical Garden
harvestcraft:watergarden, Water Garden
harvestcraft:pamApple, Apple
harvestcraft:pamappleSapling, Apple Sapling
harvestcraft:pamAlmond, Almond
harvestcraft:pamalmondSapling, Almond Sapling
harvestcraft:pamApricot, Apricot
harvestcraft:pamapricotSapling, Apricot Sapling
harvestcraft:pamAvocado, Avocado
harvestcraft:pamavocadoSapling, Avocado Sapling
harvestcraft:pamBanana, Banana
harvestcraft:pambananaSapling, Banana Sapling
harvestcraft:pamCashew, Cashew
harvestcraft:pamcashewSapling, Cashew Sapling
harvestcraft:pamCherry, Cherry
harvestcraft:pamcherrySapling, Cherry Sapling
harvestcraft:pamChestnut, Chestnut
harvestcraft:pamchestnutSapling, Chestnut Sapling
harvestcraft:pamCinnamon, Cinnamon Wood
harvestcraft:pamcinnamonSapling, Cinnamon Sapling
harvestcraft:pamCoconut, Coconut
harvestcraft:pamcoconutSapling, Coconut Sapling
harvestcraft:pamDate, Date
harvestcraft:pamdateSapling, Date Sapling
harvestcraft:pamDragonfruit, Dragonfruit
harvestcraft:pamdragonfruitSapling, Dragonfruit Sapling
harvestcraft:pamDurian, Durian
harvestcraft:pamdurianSapling, Durian Sapling
harvestcraft:pamFig, Fig
harvestcraft:pamfigSapling, Fig Sapling
harvestcraft:pamGrapefruit, Grapefruit
harvestcraft:pamgrapefruitSapling, Grapefruit Sapling
harvestcraft:pamLemon, Lemon
harvestcraft:pamlemonSapling, Lemon Sapling
harvestcraft:pamLime, Lime
harvestcraft:pamlimeSapling, Lime Sapling
harvestcraft:pamMaple, Maple Wood
harvestcraft:pammapleSapling, Maple Sapling
harvestcraft:pamMango, Mango
harvestcraft:pammangoSapling, Mango Sapling
harvestcraft:pamNutmeg, Nutmeg
harvestcraft:pamnutmegSapling, Nutmeg Sapling
harvestcraft:pamOlive, Olive
harvestcraft:pamoliveSapling, Olive Sapling
harvestcraft:pamOrange, Orange
harvestcraft:pamorangeSapling, Orange Sapling
harvestcraft:pamPapaya, Papaya
harvestcraft:pampapayaSapling, Papaya Sapling
harvestcraft:pamPaperbark, Paperbark Wood
harvestcraft:pampaperbarkSapling, Paperbark Sapling
harvestcraft:pamPeach, Peach
harvestcraft:pampeachSapling, Peach Sapling
harvestcraft:pamPear, Pear
harvestcraft:pampearSapling, Pear Sapling
harvestcraft:pamPecan, Pecan
harvestcraft:pampecanSapling, Pecan Sapling
harvestcraft:pamPeppercorn, Peppercorn
harvestcraft:pampeppercornSapling, Peppercorn Sapling
harvestcraft:pamPersimmon, Persimmon
harvestcraft:pampersimmonSapling, Persimmon Sapling
harvestcraft:pamPistachio, Pistachio
harvestcraft:pampistachioSapling, Pistachio Sapling
harvestcraft:pamPlum, Plum
harvestcraft:pamplumSapling, Plum Sapling
harvestcraft:pamPomegranate, Pomegranate
harvestcraft:pampomegranateSapling, Pomegranate Sapling
harvestcraft:pamStarfruit, Starfruit
harvestcraft:pamstarfruitSapling, Starfruit Sapling
harvestcraft:pamVanillabean, Vanilla Bean
harvestcraft:pamvanillabeanSapling, Vanilla Sapling
harvestcraft:pamWalnut, Walnut
harvestcraft:pamwalnutSapling, Walnut Sapling
harvestcraft:pamGooseberry, Goosberry
harvestcraft:pamgooseberrySapling, Gooseberry Sapling
harvestcraft:pamblackberryCrop, Blackberry Crop
harvestcraft:pamblueberryCrop, Blueberry Crop
harvestcraft:pamcandleberryCrop, Candleberry Crop
harvestcraft:pamraspberryCrop, Raspberry Crop
harvestcraft:pamstrawberryCrop, Strawberry Crop
harvestcraft:pamcactusfruitCrop, Cactus Fruit Crop
harvestcraft:pamasparagusCrop, Asparagus Crop
harvestcraft:pambarleyCrop, Barley Crop
harvestcraft:pamoatsCrop, Oats Crop
harvestcraft:pamryeCrop, Rye Crop
harvestcraft:pamcornCrop, Corn Crop
harvestcraft:pambambooshootCrop, Bamboo Crop
harvestcraft:pamcantaloupeCrop, Cantaloupe Crop
harvestcraft:pamcucumberCrop, Cucumber Crop
harvestcraft:pamwintersquashCrop, Winter Squash Crop
harvestcraft:pamzucchiniCrop, Zucchini Crop
harvestcraft:pambeetCrop, Beet Crop
harvestcraft:pamonionCrop, Onion Crop
harvestcraft:pamparsnipCrop, Parsnip Crop
harvestcraft:pampeanutCrop, Peanut Crop
harvestcraft:pamradishCrop, Radish Crop
harvestcraft:pamrutabagaCrop, Rutabaga Crop
harvestcraft:pamsweetpotatoCrop, Sweet Potato Crop
harvestcraft:pamturnipCrop, Turnip Crop
harvestcraft:pamrhubarbCrop, Rhubarb Crop
harvestcraft:pamceleryCrop, Celery Crop
harvestcraft:pamgarlicCrop, Garlic Crop
harvestcraft:pamgingerCrop, Ginger Crop
harvestcraft:pamspiceleafCrop, Spice Leaf Crop
harvestcraft:pamtealeafCrop, Tea Leaf Crop
harvestcraft:pamcoffeebeanCrop, Coffee Bean Crop
harvestcraft:pammustardseedsCrop, Mustard Seeds Crop
harvestcraft:pambroccoliCrop, Broccoli Crop
harvestcraft:pamcauliflowerCrop, Cauliflower Crop
harvestcraft:pamleekCrop, Leek Crop
harvestcraft:pamlettuceCrop, Lettuce Crop
harvestcraft:pamscallionCrop, Scallion Crop
harvestcraft:pamartichokeCrop, Artichoke Crop
harvestcraft:pambrusselsproutCrop, Brussel Sprout Crop
harvestcraft:pamcabbageCrop, Cabbage Crop
harvestcraft:pamspinachCrop, Spinach Crop
harvestcraft:pamwhitemushroomCrop, White Mushroom Crop
harvestcraft:pambeanCrop, Bean Crop
harvestcraft:pamsoybeanCrop, Soybean Crop
harvestcraft:pambellpepperCrop, Bell Pepper Crop
harvestcraft:pamchilipepperCrop, Chili Pepper Crop
harvestcraft:pameggplantCrop, Eggplant Crop
harvestcraft:pamokraCrop, Okra Crop
harvestcraft:pampeasCrop, Peas Crop
harvestcraft:pamtomatoCrop, Tomato Crop
harvestcraft:pamcottonCrop, Cotton Crop
harvestcraft:pampineappleCrop, Pineapple Crop
harvestcraft:pamgrapeCrop, Grape Crop
harvestcraft:pamkiwiCrop, Kiwi Crop
harvestcraft:pamcranberryCrop, Cranberry Crop
harvestcraft:pamriceCrop, Rice Crop
harvestcraft:pamseaweedCrop, Seaweed Crop
harvestcraft:pamcurryleafCrop, Curry Leaf Crop
harvestcraft:pamsesameseedsCrop, Sesame Seeds Crop
harvestcraft:pamwaterchestnutCrop, Water Chestnut Crop
harvestcraft:pamcandleDeco1, White Candle
harvestcraft:pamcandleDeco2, Orange Candle
harvestcraft:pamcandleDeco3, Magenta Candle
harvestcraft:pamcandleDeco4, Light Blue Candle
harvestcraft:pamcandleDeco5, Yellow Candle
harvestcraft:pamcandleDeco6, Lime Candle
harvestcraft:pamcandleDeco7, Pink Candle
harvestcraft:pamcandleDeco8, Dark Grey Candle
harvestcraft:pamcandleDeco9, Light Grey Candle
harvestcraft:pamcandleDeco10, Cyan Candle
harvestcraft:pamcandleDeco11, Purple Candle
harvestcraft:pamcandleDeco12, Blue Candle
harvestcraft:pamcandleDeco13, Brown Candle
harvestcraft:pamcandleDeco14, Green Candle
harvestcraft:pamcandleDeco15, Red Candle
harvestcraft:pamcandleDeco16, Black Candle
harvestcraft:pamcarrotCake, Carrot Cake
harvestcraft:pamcheeseCake, Cheese Cake
harvestcraft:pamcherrycheeseCake, Cherry Cheese Cake
harvestcraft:pampineappleupsidedownCake, Pineapple Upside Down Cake
harvestcraft:pamchocolatesprinkleCake, Chocolate Sprinkles Cake
harvestcraft:pamredvelvetCake, Red Velvet Cake
harvestcraft:pamlamingtonCake, Lamington
harvestcraft:pampavlovaCake, Pavlova
harvestcraft:pamholidayCake, Holiday Cake
harvestcraft:pampumpkincheeseCake, Pumpkin Cheese Cake
progressiveautomation:Miner, Wooden Miner
progressiveautomation:MinerStone, Stone Miner
progressiveautomation:MinerIron, Iron Miner
progressiveautomation:MinerDiamond, Diamond Miner
progressiveautomation:Chopper, Wooden Chopper
progressiveautomation:ChopperStone, Stone Chopper
progressiveautomation:ChopperIron, Iron Chopper
progressiveautomation:ChopperDiamond, Diamond Chopper
progressiveautomation:Planter, Wooden Planter
progressiveautomation:PlanterStone, Stone Planter
progressiveautomation:PlanterIron, Iron Planter
progressiveautomation:PlanterDiamond, Diamond Planter
progressiveautomation:Generator, Wooden Generator
progressiveautomation:GeneratorStone, Stone Generator
progressiveautomation:GeneratorIron, Iron Generator
progressiveautomation:GeneratorDiamond, Diamond Generator
progressiveautomation:Crafter, Wooden Crafter
progressiveautomation:CrafterStone, Stone Crafter
progressiveautomation:CrafterIron, Iron Crafter
progressiveautomation:CrafterDiamond, Diamond Crafter
progressiveautomation:Farmer, Wooden Animal Farmer
progressiveautomation:FarmerStone, Stone Animal Farmer
progressiveautomation:FarmerIron, Iron Animal Farmer
progressiveautomation:FarmerDiamond, Diamond Animal Farmer
progressiveautomation:Killer, Wooden Killer
progressiveautomation:KillerStone, Stone Killer
progressiveautomation:KillerIron, Iron Killer
progressiveautomation:KillerDiamond, Diamond Killer
ImmersiveEngineering:ore:0, Copper Ore
ImmersiveEngineering:ore:1, Bauxite Ore
ImmersiveEngineering:ore:2, Lead Ore
ImmersiveEngineering:ore:3, Silver Ore
ImmersiveEngineering:ore:4, Nickel Ore
ImmersiveEngineering:storage:0, Block of Copper
ImmersiveEngineering:storage:1, Block of Aluminium
ImmersiveEngineering:storage:2, Block of Lead
ImmersiveEngineering:storage:3, Block of Silver
ImmersiveEngineering:storage:4, Block of Nickel
ImmersiveEngineering:storage:5, Block of Constantan
ImmersiveEngineering:storage:6, Block of Electrum
ImmersiveEngineering:storage:7, Block of Steel
ImmersiveEngineering:storage:8, Copper Wire Coil
ImmersiveEngineering:storage:9, Electrum Wire Coil
ImmersiveEngineering:storage:10, High-Voltage Wire Coil
ImmersiveEngineering:storageSlab:0, Copper Slab
ImmersiveEngineering:storageSlab:1, Aluminium Slab
ImmersiveEngineering:storageSlab:2, Lead Slab
ImmersiveEngineering:storageSlab:3, Silver Slab
ImmersiveEngineering:storageSlab:4, Nickel Slab
ImmersiveEngineering:storageSlab:5, Constantan Slab
ImmersiveEngineering:storageSlab:6, Electrum Slab
ImmersiveEngineering:storageSlab:7, Steel Slab
ImmersiveEngineering:stoneSlab:0, Hempcrete Slab
ImmersiveEngineering:stoneSlab:1, Concrete Slab
ImmersiveEngineering:stoneSlab:2, Concrete Tile Slab
ImmersiveEngineering:metalDevice:0, LV Wire Connector
ImmersiveEngineering:metalDevice:1, LV Capacitor
ImmersiveEngineering:metalDevice:1, LV Capacitor
ImmersiveEngineering:metalDevice:2, MV Wire Connector
ImmersiveEngineering:metalDevice:3, MV Capacitor
ImmersiveEngineering:metalDevice:3, MV Capacitor
ImmersiveEngineering:metalDevice:4, Transformer
ImmersiveEngineering:metalDevice:5, HV Wire Relay
ImmersiveEngineering:metalDevice:6, HV Wire Connector
ImmersiveEngineering:metalDevice:7, HV Capacitor
ImmersiveEngineering:metalDevice:7, HV Capacitor
ImmersiveEngineering:metalDevice:8, HV Transformer
ImmersiveEngineering:metalDevice:9, Kinetic Dynamo
ImmersiveEngineering:metalDevice:10, Thermoelectric Generator
ImmersiveEngineering:metalDevice:11, Conveyor Belt
ImmersiveEngineering:metalDevice:12, External Heater
ImmersiveEngineering:metalDevice:13, Item Router
ImmersiveEngineering:metalDevice:14, Core Sample Drill
ImmersiveEngineering:metalDevice:15, Dropping Conveyor Belt
ImmersiveEngineering:metalDevice2:0, Breaker Switch
ImmersiveEngineering:metalDevice2:2, Current Transformer
ImmersiveEngineering:metalDevice2:3, Powered Lantern
ImmersiveEngineering:metalDevice2:4, Floodlight
ImmersiveEngineering:metalDevice2:5, Fluid Pipe
ImmersiveEngineering:metalDevice2:6, Fluid Pump
ImmersiveEngineering:metalDevice2:7, Metal Barrel
ImmersiveEngineering:metalDevice2:8, Creative Capacitor
ImmersiveEngineering:metalDevice2:9, Redstone Breaker
ImmersiveEngineering:metalDevice2:10, Charging Station
ImmersiveEngineering:metalDevice2:11, Blast Furnace Preheater
ImmersiveEngineering:metalDecoration:0, Steel Fence
ImmersiveEngineering:metalDecoration:1, Steel Scaffolding
ImmersiveEngineering:metalDecoration:2, Lantern
ImmersiveEngineering:metalDecoration:3, Structural Arm
ImmersiveEngineering:metalDecoration:4, Radiator Block
ImmersiveEngineering:metalDecoration:5, Heavy Engineering Block
ImmersiveEngineering:metalDecoration:6, Generator Block
ImmersiveEngineering:metalDecoration:7, Light Engineering Block
ImmersiveEngineering:metalDecoration:8, Structural Cable Connector
ImmersiveEngineering:metalDecoration:9, Steel Wall Mount
ImmersiveEngineering:metalDecoration:10, Sheet Metal Block
ImmersiveEngineering:metalDecoration:11, Steel Scaffolding
ImmersiveEngineering:metalDecoration:12, Aluminium Fence
ImmersiveEngineering:metalDecoration:13, Aluminium Scaffolding
ImmersiveEngineering:metalDecoration:14, Aluminium Scaffolding
ImmersiveEngineering:metalDecoration:15, Aluminium Structural Arm
ImmersiveEngineering:metalDecoration2:0, Aluminium Sheet Metal Block
ImmersiveEngineering:metalDecoration2:1, Lead Sheet Metal Block
ImmersiveEngineering:metalDecoration2:2, Steel Sheet Metal Block
ImmersiveEngineering:metalMultiblock:0, Lightning Rod Base
ImmersiveEngineering:metalMultiblock:2, Industrial Squeezer
ImmersiveEngineering:metalMultiblock:3, Fermenter
ImmersiveEngineering:woodenDevice:0, Wooden Post
ImmersiveEngineering:woodenDevice:1, Water Wheel
ImmersiveEngineering:woodenDevice:2, Windmill
ImmersiveEngineering:woodenDevice:3, Improved Windmill
ImmersiveEngineering:woodenDevice:4, Wooden Storage Crate
ImmersiveEngineering:woodenDevice:5, Engineer's Workbench
ImmersiveEngineering:woodenDevice:6, Wooden Barrel
minecraft:record_13, Music Disc
minecraft:record_cat, Music Disc
minecraft:record_blocks, Music Disc
minecraft:record_chirp, Music Disc
minecraft:record_far, Music Disc
minecraft:record_mall, Music Disc
minecraft:record_mellohi, Music Disc
minecraft:record_stal, Music Disc
minecraft:record_strad, Music Disc
minecraft:record_ward, Music Disc
minecraft:record_11, Music Disc
minecraft:record_wait, Music Disc
ImmersiveEngineering:woodenDecoration:1, Treated Wood Fence
ImmersiveEngineering:woodenDecoration:2, Treated Wood Slab
ImmersiveEngineering:woodenDecoration:4, Treated Wood Doubleslab
ImmersiveEngineering:woodenDecoration:5, Treated Wood Scaffolding
ImmersiveEngineering:woodenDecoration:6, Wooden Wall Mount
ImmersiveEngineering:treatedWood:0, Treated Wood Planks
ImmersiveEngineering:treatedWood:1, Treated Wood Planks
ImmersiveEngineering:treatedWood:2, Treated Wood Planks
ImmersiveEngineering:woodenStairs, Treated Wood Stairs
ImmersiveEngineering:woodenStairs1, Treated Wood Stairs
ImmersiveEngineering:woodenStairs2, Treated Wood Stairs
ImmersiveEngineering:stoneDevice:4, Insulating Glass
ImmersiveEngineering:stoneDecoration:0, Hempcrete
ImmersiveEngineering:stoneDecoration:1, Coke Brick
ImmersiveEngineering:stoneDecoration:2, Blast Brick
ImmersiveEngineering:stoneDecoration:3, Block of Coal Coke
ImmersiveEngineering:stoneDecoration:4, Concrete
ImmersiveEngineering:stoneDecoration:5, Concrete Tile
ImmersiveEngineering:stoneDecoration:6, Reinforced Blast Brick
ImmersiveEngineering:concreteStairs, Concrete Stairs
ImmersiveEngineering:concreteTileStairs, Concrete Tile Stairs
ImmersiveEngineering:hemp, Industrial Hemp
ImmersiveEngineering:fakeLight, tile.ImmersiveEngineering.fakeLight.name
ImmersiveEngineering:clothDevice, tile.ImmersiveEngineering.clothDevice.name
TConstruct:liquid.slime, Liquified Slime
TConstruct:MeatBlock, Hambone
TConstruct:WoolSlab1:0, Light Gray Wool Slab
TConstruct:WoolSlab1:1, Cyan Wool Slab
TConstruct:WoolSlab1:2, Purple Wool Slab
TConstruct:WoolSlab1:3, Blue Wool Slab
TConstruct:WoolSlab1:4, Brown Wool Slab
TConstruct:WoolSlab1:5, Green Wool Slab
TConstruct:WoolSlab1:6, Red Wool Slab
TConstruct:WoolSlab1:7, Black Wool Slab
TConstruct:WoolSlab2:0, Gray Wool Slab
TConstruct:WoolSlab2:1, Gray Wool Slab
TConstruct:WoolSlab2:2, Gray Wool Slab
TConstruct:WoolSlab2:3, Gray Wool Slab
TConstruct:WoolSlab2:4, Gray Wool Slab
TConstruct:WoolSlab2:5, Gray Wool Slab
TConstruct:WoolSlab2:6, Gray Wool Slab
TConstruct:WoolSlab2:7, Gray Wool Slab
TConstruct:trap.punji, Punji Stick
TConstruct:trap.barricade.oak, Oak Barricade
TConstruct:trap.barricade.spruce, Spruce Barricade
TConstruct:trap.barricade.birch, Birch Barricade
TConstruct:trap.barricade.jungle, Jungle Barricade
TConstruct:explosive.slime:0, SDX
TConstruct:explosive.slime:2, SDX
TConstruct:slime.gel:0, Congealed Blue Slime
TConstruct:slime.gel:1, Congealed Green Slime
TConstruct:slime.gel:2, Congealed Purple Slime
TConstruct:slime.grass:0, Slimy Grass
TConstruct:slime.grass.tall:0, Slimy Grass
TConstruct:slime.leaves:0, Slimy Leaves
TConstruct:slime.sapling:0, Slimy Sapling
TConstruct:slime.channel, Slime Channel
TConstruct:blood.channel, Blood Channel
TConstruct:slime.pad, Bounce Pad
TConstruct:decoration.stonetorch, Torch
TConstruct:decoration.stoneladder, Ladder
TConstruct:decoration.multibrick:0, Obsidian Brick
TConstruct:decoration.multibrick:1, Sandstone Brick
TConstruct:decoration.multibrick:2, Netherrack Brick
TConstruct:decoration.multibrick:3, Polished Stone Brick
TConstruct:decoration.multibrick:4, Iron Brick
TConstruct:decoration.multibrick:5, Gold Brick
TConstruct:decoration.multibrick:6, Lapis Brick
TConstruct:decoration.multibrick:7, Diamond Brick
TConstruct:decoration.multibrick:8, Redstone Brick
TConstruct:decoration.multibrick:9, Bone Brick
TConstruct:decoration.multibrick:10, Slime Brick
TConstruct:decoration.multibrick:11, Slime Brick
TConstruct:decoration.multibrick:12, Endstone Brick
TConstruct:decoration.multibrick:13, Obsidian Brick
TConstruct:decoration.multibrickfancy:0, Fancy Obsidian Brick
TConstruct:decoration.multibrickfancy:1, Fancy Sandstone Brick
TConstruct:decoration.multibrickfancy:2, Fancy Netherrack Brick
TConstruct:decoration.multibrickfancy:3, Fancy Polished Stone Brick
TConstruct:decoration.multibrickfancy:4, Fancy Iron Brick
TConstruct:decoration.multibrickfancy:5, Fancy Gold Brick
TConstruct:decoration.multibrickfancy:6, Fancy Lapis Brick
TConstruct:decoration.multibrickfancy:7, Fancy Diamond Brick
TConstruct:decoration.multibrickfancy:8, Fancy Redstone Brick
TConstruct:decoration.multibrickfancy:9, Fancy Bone Brick
TConstruct:decoration.multibrickfancy:10, Fancy Slime Brick
TConstruct:decoration.multibrickfancy:11, Fancy Slime Brick
TConstruct:decoration.multibrickfancy:12, Fancy Endstone Brick
TConstruct:decoration.multibrickfancy:13, Fancy Obsidian Brick
TConstruct:decoration.multibrickfancy:14, Fancy Stone Brick
TConstruct:decoration.multibrickfancy:15, Stone Road
TConstruct:decoration.multibrickmetal:0, Alumite Brick
TConstruct:decoration.multibrickmetal:1, Ardite Brick
TConstruct:decoration.multibrickmetal:2, Cobalt Brick
TConstruct:decoration.multibrickmetal:3, Manyullyn Brick
TConstruct:decoration.multibrickmetal:4, Fancy Alumite Brick
TConstruct:decoration.multibrickmetal:5, Fancy Ardite Brick
TConstruct:decoration.multibrickmetal:6, Fancy Cobalt Brick
TConstruct:decoration.multibrickmetal:7, Fancy Manyullyn Brick
TConstruct:ore.berries.one:8, Iron Oreberry Bush
TConstruct:ore.berries.one:9, Gold Oreberry Bush
TConstruct:ore.berries.one:10, Copper Oreberry Bush
TConstruct:ore.berries.one:11, Tin Oreberry Bush
TConstruct:ore.berries.two:8, Aluminum Oreberry Bush
TConstruct:ore.berries.two:9, Essence Berry Bush
TConstruct:SearedBrick:1, Cobalt Ore
TConstruct:SearedBrick:2, Ardite Ore
TConstruct:SearedBrick:3, Copper Ore
TConstruct:SearedBrick:4, Tin Ore
TConstruct:SearedBrick:5, Aluminum Ore
TConstruct:GravelOre:0, Iron Gravel Ore
TConstruct:GravelOre:1, Gold Gravel Ore
TConstruct:GravelOre:2, Copper Gravel Ore
TConstruct:GravelOre:3, Tin Gravel Ore
TConstruct:GravelOre:4, Aluminum Gravel Ore
TConstruct:GravelOre:5, Cobalt Gravel Ore
TConstruct:rail.wood, Wooden Rail
TConstruct:MetalBlock:0, Block of Cobalt
TConstruct:MetalBlock:1, Block of Ardite
TConstruct:MetalBlock:2, Block of Manyullyn
TConstruct:MetalBlock:3, Block of Copper
TConstruct:MetalBlock:4, Block of Bronze
TConstruct:MetalBlock:5, Block of Tin
TConstruct:MetalBlock:6, Block of Aluminum
TConstruct:MetalBlock:7, Block of Aluminum Brass
TConstruct:MetalBlock:8, Block of Alumite
TConstruct:MetalBlock:9, Block of Steel
TConstruct:MetalBlock:10, Block of Solid Ender
TConstruct:ToolStationBlock:0, Tool Station
TConstruct:ToolStationBlock:1, Part Builder
TConstruct:ToolStationBlock:2, Part Builder
TConstruct:ToolStationBlock:3, Part Builder
TConstruct:ToolStationBlock:4, Part Builder
TConstruct:ToolStationBlock:5, Pattern Chest
TConstruct:ToolStationBlock:10, Stencil Table
TConstruct:ToolStationBlock:11, Stencil Table
TConstruct:ToolStationBlock:12, Stencil Table
TConstruct:ToolStationBlock:13, Stencil Table
TConstruct:ToolForgeBlock:0, Tool Forge
TConstruct:ToolForgeBlock:1, Tool Forge
TConstruct:ToolForgeBlock:2, Tool Forge
TConstruct:ToolForgeBlock:3, Tool Forge
TConstruct:ToolForgeBlock:4, Tool Forge
TConstruct:ToolForgeBlock:5, Tool Forge
TConstruct:ToolForgeBlock:6, Tool Forge
TConstruct:ToolForgeBlock:7, Tool Forge
TConstruct:ToolForgeBlock:8, Tool Forge
TConstruct:ToolForgeBlock:9, Tool Forge
TConstruct:ToolForgeBlock:10, Tool Forge
TConstruct:ToolForgeBlock:11, Tool Forge
TConstruct:ToolForgeBlock:12, Tool Forge
TConstruct:ToolForgeBlock:13, Tool Forge
TConstruct:CraftingStation, Crafting Station
TConstruct:CraftingSlab:0, Crafting Station
TConstruct:CraftingSlab:1, Tool Station
TConstruct:CraftingSlab:2, Part Builder
TConstruct:CraftingSlab:3, Stencil Table
TConstruct:CraftingSlab:4, Pattern Chest
TConstruct:CraftingSlab:5, Tool Forge
TConstruct:FurnaceSlab, Slab Furnace
TConstruct:HeldItemBlock, Frying Pan
TConstruct:BattleSignBlock, tile.Battlesign.name
TConstruct:CraftedSoil:0, Slimy Mud
TConstruct:CraftedSoil:1, Grout
TConstruct:CraftedSoil:2, Slimy Mud
TConstruct:CraftedSoil:3, Graveyard Soil
TConstruct:CraftedSoil:4, Consecrated Soil
TConstruct:CraftedSoil:5, Blue Slimedirt
TConstruct:CraftedSoil:6, Slime Soil
TConstruct:fluid.molten.iron, Molten Iron
TConstruct:fluid.molten.gold, Molten Gold
TConstruct:fluid.molten.copper, Molten Copper
TConstruct:fluid.molten.tin, Liquid Tin
TConstruct:fluid.molten.aluminum, Molten Aluminum
TConstruct:fluid.molten.cobalt, Molten Cobalt
TConstruct:fluid.molten.ardite, Molten Ardite
TConstruct:fluid.molten.bronze, Molten Bronze
TConstruct:fluid.molten.alubrass, Molten Aluminum Brass
TConstruct:fluid.molten.manyullyn, Molten Manyullyn
TConstruct:fluid.molten.alumite, Molten Alumite
TConstruct:fluid.molten.obsidian, Molten Obsidian
TConstruct:fluid.molten.steel, Molten Steel
TConstruct:fluid.molten.glass, Molten Glass
TConstruct:molten.stone, Seared Stone
TConstruct:molten.emerald, Liquified Emerald
TConstruct:fluid.molten.nickel, Molten Nickel
TConstruct:fluid.molten.lead, Molten Lead
TConstruct:fluid.molten.silver, Molten Silver
TConstruct:fluid.molten.shiny, Molten Shiny
TConstruct:fluid.molten.invar, Molten Invar
TConstruct:fluid.molten.electrum, Molten Electrum
TConstruct:fluid.ender, Liquified Ender
TConstruct:fluid.molten.lumium, Molten Lumium
TConstruct:fluid.molten.signalum, Molten Signalum
TConstruct:fluid.molten.mithril, Molten Mana Infused Metal
TConstruct:fluid.molten.enderium, Molten Enderium
TConstruct:liquid.blood, Blood
TConstruct:liquid.glue, Glue
TConstruct:fluid.molten.pigiron, Molten Pig Iron
TConstruct:SearedSlab:0, Seared Brick Slab
TConstruct:SearedSlab:1, Seared Stone Slab
TConstruct:SearedSlab:2, Seared Cobblestone Slab
TConstruct:SearedSlab:3, Seared Paver Slab
TConstruct:SearedSlab:4, Seared Road Slab
TConstruct:SearedSlab:5, Fancy Seared Slab
TConstruct:SearedSlab:6, Chiseled Seared Slab
TConstruct:SearedSlab:7, Chiseled Seared Slab
TConstruct:SpeedSlab:0, Rough Brownstone Slab
TConstruct:SpeedSlab:1, Brownstone Road Slab
TConstruct:SpeedSlab:2, Brownstone Slab
TConstruct:SpeedSlab:3, Brownstone Brick Slab
TConstruct:SpeedSlab:4, Brownstone Road Slab
TConstruct:SpeedSlab:5, Fancy Brownstone Slab
TConstruct:SpeedSlab:6, Chiseled Brownstone Slab
TConstruct:GlueBlock, Glue Block
TConstruct:Smeltery:0, Smeltery Controller
TConstruct:Smeltery:1, Smeltery Drain
TConstruct:Smeltery:2, Seared Bricks
TConstruct:Smeltery:4, Seared Stone
TConstruct:Smeltery:5, Seared Cobblestone
TConstruct:Smeltery:6, Seared Paver
TConstruct:Smeltery:7, Cracked Seared Bricks
TConstruct:Smeltery:8, Seared Road
TConstruct:Smeltery:9, Fancy Seared Bricks
TConstruct:Smeltery:10, Chiseled Seared Bricks
TConstruct:Smeltery:11, Chiseled Seared Bricks
TConstruct:SmelteryNether:0, Smeltery Controller
TConstruct:SmelteryNether:1, Smeltery Drain
TConstruct:SmelteryNether:2, Seared Bricks
TConstruct:SmelteryNether:4, Seared Stone
TConstruct:SmelteryNether:5, Seared Cobblestone
TConstruct:SmelteryNether:6, Seared Paver
TConstruct:SmelteryNether:7, Cracked Seared Bricks
TConstruct:SmelteryNether:8, Seared Road
TConstruct:SmelteryNether:9, Fancy Seared Bricks
TConstruct:SmelteryNether:10, Chiseled Seared Bricks
TConstruct:SmelteryNether:11, Chiseled Seared Bricks
TConstruct:LavaTank:0, Seared Tank
TConstruct:LavaTank:1, Seared Glass
TConstruct:LavaTank:2, Seared Window
TConstruct:LavaTankNether:0, Seared Tank
TConstruct:LavaTankNether:1, Seared Glass
TConstruct:LavaTankNether:2, Seared Window
TConstruct:SearedBlock:0, Casting Table
TConstruct:SearedBlock:1, Seared Faucet
TConstruct:SearedBlock:2, Casting Basin
TConstruct:SearedBlockNether:0, Casting Table
TConstruct:SearedBlockNether:1, Seared Faucet
TConstruct:SearedBlockNether:2, Casting Basin
TConstruct:CastingChannel:0, Casting Channel
TConstruct:SpeedBlock:0, Rough Brownstone
TConstruct:SpeedBlock:1, Brownstone Road
TConstruct:SpeedBlock:2, Brownstone
TConstruct:SpeedBlock:3, Brownstone Brick
TConstruct:SpeedBlock:4, Brownstone Road
TConstruct:SpeedBlock:5, Fancy Brownstone
TConstruct:SpeedBlock:6, Chiseled Brownstone
TConstruct:GlassBlock:0, Clear Glass
TConstruct:GlassPane:0, Clear Glass Pane
TConstruct:GlassBlock.StainedClear:0, White Stained Glass
TConstruct:GlassBlock.StainedClear:1, Orange Stained Glass
TConstruct:GlassBlock.StainedClear:2, Magenta Stained Glass
TConstruct:GlassBlock.StainedClear:3, Light Blue Stained Glass
TConstruct:GlassBlock.StainedClear:4, Yellow Stained Glass
TConstruct:GlassBlock.StainedClear:5, Lime Stained Glass
TConstruct:GlassBlock.StainedClear:6, Pink Stained Glass
TConstruct:GlassBlock.StainedClear:7, Gray Stained Glass
TConstruct:GlassBlock.StainedClear:8, Light Gray Stained Glass
TConstruct:GlassBlock.StainedClear:9, Cyan Stained Glass
TConstruct:GlassBlock.StainedClear:10, Purple Stained Glass
TConstruct:GlassBlock.StainedClear:11, Blue Stained Glass
TConstruct:GlassBlock.StainedClear:12, Brown Stained Glass
TConstruct:GlassBlock.StainedClear:13, Green Stained Glass
TConstruct:GlassBlock.StainedClear:14, Red Stained Glass
TConstruct:GlassBlock.StainedClear:15, Black Stained Glass
TConstruct:GlassPaneClearStained:0, White Stained Pane
TConstruct:GlassPaneClearStained:1, Orange Stained Pane
TConstruct:GlassPaneClearStained:2, Magenta Stained Pane
TConstruct:GlassPaneClearStained:3, Light Blue Stained Pane
TConstruct:GlassPaneClearStained:4, Yellow Stained Pane
TConstruct:GlassPaneClearStained:5, Lime Stained Pane
TConstruct:GlassPaneClearStained:6, Pink Stained Pane
TConstruct:GlassPaneClearStained:7, Gray Stained Pane
TConstruct:GlassPaneClearStained:8, Light Gray Stained Pane
TConstruct:GlassPaneClearStained:9, Cyan Stained Pane
TConstruct:GlassPaneClearStained:10, Purple Stained Pane
TConstruct:GlassPaneClearStained:11, Blue Stained Pane
TConstruct:GlassPaneClearStained:12, Brown Stained Pane
TConstruct:GlassPaneClearStained:13, Green Stained Pane
TConstruct:GlassPaneClearStained:14, Red Stained Pane
TConstruct:GlassPaneClearStained:15, Black Stained Pane
TConstruct:Redstone.Landmine:0, Landmine
TConstruct:Redstone.Landmine:1, Landmine
TConstruct:Redstone.Landmine:2, Landmine
TConstruct:Redstone.Landmine:3, Landmine
TConstruct:Armor.DryingRack, Drying Rack
ExtraTiC:moltenRefinedGlowstone, Molten Refined Glowstone
ExtraTiC:moltenOsmium, Molten Osmium
ExtraTiC:moltenPokefennium, Molten Pokefennium
ExtraTiC:moltenFairy, Molten Fairy
ExtraTiC:moltenRedAurum, Molten RedAurum
ExtraTiC:moltenDarkSteel, Molten Dark Steel
ExtraTiC:moltenZinc, Molten Zinc
ExtraTiC:moltenBrass, Molten Brass
ExtraTiC:moltenAdamantine., Molten Adamantine
ExtraTiC:moltenConductiveIron, Molten Conductive Iron
ExtraTiC:moltenElectricalSteel, Molten Electrical Steel
ExtraTiC:moltenEnergeticAlloy, Molten Energetic Alloy
ExtraTiC:moltenPhasedGold, Molten Phased Gold
ExtraTiC:moltenPhasedIron, Molten Phased Iron
ExtraTiC:moltenRedstoneAlloy, Molten Redstone Alloy
ExtraTiC:liquidSilicon, Liquid Silicon
ExtraTiC:moltenSoularium, Molten Soularium
ExtraTiC:moltenManasteel, Molten Manasteel
ExtraTiC:moltenTerrasteel, Molten Terrasteel
ExtraTiC:moltenElementium, Molten Elementium
ExtraTiC:moltenVoidmetal, Molten Voidmetal
ExtraTiC:moltenblutonium, Molten Blutonium
ExtraTiC:moltenLudicrite, Molten Ludicrite
ExtraTiC:moltenBedrockium, Molten Bedrockium
ExtraTiC:moltenWitheriron, Molten Wither Iron
ExtraTiC:moltenConstantan, Molten Constantan
ExtraTiC:blockFunStuff:0, Fairy Block
ExtraTiC:blockFunStuff:1, Pokefennium Block
ExtraTiC:blockFunStuff:2, RedAurum Block
ganysend:enderFlower, Ender Flower
ganysend:endstoneBrick, End Stone Brick
ganysend:enderpearlBlock:0, Ender Pearl Block
ganysend:enderpearlBlock:1, Ender Pearl Brick
ganysend:endstoneStairs, End Stone Stairs
ganysend:enderpearlBrickStairs, Ender Pearl Brick Stairs
ganysend:enderToggler, Ender Toggler
ganysend:enderTogglerAir, tile.ganysend.enderTogglerAir.name
ganysend:blockShifter, Block Shifter
ganysend:rawEndium, Raw Endium
ganysend:endiumBlock, Block of Endium
ganysend:emulator, Emulator
ganysend:basicFilteringHopper, Basic Filtering Hopper
ganysend:exclusiveFilteringHopper, Exclusive Filtering Hopper
ganysend:speedyBasicFilteringHopper, Speedy Basic Filtering Hopper
ganysend:speedyExclusiveFilteringHopper, Speedy Exclusive Filtering Hopper
ganysend:speedyHopper, Speedy Hopper
ganysend:advancedFilteringHopper, Advanced Filtering Hopper
ganysend:advancedExclusiveFilteringHopper, Advanced Exclusive Filtering Hopper
ganysend:timeManipulator, Time Manipulator
ganysend:entityShifter, Entity Shifter
ganysend:inventoryBinder, Inventory Binder
ganysend:infiniteWaterSource, Infinite Water Source
ganysend:endWalls:0, End Stone Brick Wall
ganysend:endWalls:1, Ender Pearl Brick Wall
ganysend:voidCrate, Void Crate
ganysend:enderFurnace, Ender Furnace
ganysend:creativeSpeedyHopper, Creative Speedy Hopper
ganysend:creativeInfiniteFluidSource, Creative Infinite Fluid Source
ganysend:anchoredEnderChest, Anchored Ender Chest
ganysnether:tilledNetherrack, Tilled Netherrack
ganysnether:quarzBerryBush, Quarz-Berry Bush
ganysnether:spectreWheat, Spectre Wheat
ganysnether:glowingReed, Glowing Reed
ganysnether:soulGlass:0, Soul Glass
ganysnether:soulGlass:1, Soul Glass Brick
ganysnether:soulChest, Soul Chest
ganysnether:volcanicFurnace, Volcanic Furnace
ganysnether:denseLavaCell, Dense Lava Cell
ganysnether:glowBox:0, Black Glow Box
ganysnether:glowBox:1, Red Glow Box
ganysnether:glowBox:2, Green Glow Box
ganysnether:glowBox:3, Brown Glow Box
ganysnether:glowBox:4, Blue Glow Box
ganysnether:glowBox:5, Purple Glow Box
ganysnether:glowBox:6, Cyan Glow Box
ganysnether:glowBox:7, Light Gray Glow Box
ganysnether:glowBox:8, Gray Glow Box
ganysnether:glowBox:9, Pink Glow Box
ganysnether:glowBox:10, Lime Glow Box
ganysnether:glowBox:11, Yellow Glow Box
ganysnether:glowBox:12, Light Blue Glow Box
ganysnether:glowBox:13, Magenta Glow Box
ganysnether:glowBox:14, Orange Glow Box
ganysnether:glowBox:15, White Glow Box
ganysnether:colouredQuartzBlock:0, Black Quartz Block
ganysnether:colouredQuartzBlock:1, Red Quartz Block
ganysnether:colouredQuartzBlock:2, Green Quartz Block
ganysnether:colouredQuartzBlock:3, Brown Quartz Block
ganysnether:colouredQuartzBlock:4, Blue Quartz Block
ganysnether:colouredQuartzBlock:5, Purple Quartz Block
ganysnether:colouredQuartzBlock:6, Cyan Quartz Block
ganysnether:colouredQuartzBlock:7, Light Gray Quartz Block
ganysnether:colouredQuartzBlock:8, Gray Quartz Block
ganysnether:colouredQuartzBlock:9, Pink Quartz Block
ganysnether:colouredQuartzBlock:10, Lime Quartz Block
ganysnether:colouredQuartzBlock:11, Yellow Quartz Block
ganysnether:colouredQuartzBlock:12, Light Blue Quartz Block
ganysnether:colouredQuartzBlock:13, Magenta Quartz Block
ganysnether:colouredQuartzBlock:14, Orange Quartz Block
ganysnether:colouredQuartzBlock:15, White Quartz Block
ganysnether:colouredChiselledQuartzBlock:0, Black Chiselled Quartz Block
ganysnether:colouredChiselledQuartzBlock:1, Red Chiselled Quartz Block
ganysnether:colouredChiselledQuartzBlock:2, Green Chiselled Quartz Block
ganysnether:colouredChiselledQuartzBlock:3, Brown Chiselled Quartz Block
ganysnether:colouredChiselledQuartzBlock:4, Blue Chiselled Quartz Block
ganysnether:colouredChiselledQuartzBlock:5, Purple Chiselled Quartz Block
ganysnether:colouredChiselledQuartzBlock:6, Cyan Chiselled Quartz Block
ganysnether:colouredChiselledQuartzBlock:7, Light Gray Chiselled Quartz Block
ganysnether:colouredChiselledQuartzBlock:8, Gray Chiselled Quartz Block
ganysnether:colouredChiselledQuartzBlock:9, Pink Chiselled Quartz Block
ganysnether:colouredChiselledQuartzBlock:10, Lime Chiselled Quartz Block
ganysnether:colouredChiselledQuartzBlock:11, Yellow Chiselled Quartz Block
ganysnether:colouredChiselledQuartzBlock:12, Light Blue Chiselled Quartz Block
ganysnether:colouredChiselledQuartzBlock:13, Magenta Chiselled Quartz Block
ganysnether:colouredChiselledQuartzBlock:14, Orange Chiselled Quartz Block
ganysnether:colouredChiselledQuartzBlock:15, White Chiselled Quartz Block
ganysnether:blackQuartzStairs, Black Quartz Stairs
ganysnether:redQuartzStairs, Red Quartz Stairs
ganysnether:greenQuartzStairs, Green Quartz Stairs
ganysnether:brownQuartzStairs, Brown Quartz Stairs
ganysnether:blueQuartzStairs, Blue Quartz Stairs
ganysnether:purpleQuartzStairs, Purple Quartz Stairs
ganysnether:cyanQuartzStairs, Cyan Quartz Stairs
ganysnether:lightGreyQuartzStairs, Light Gray Quartz Stairs
ganysnether:greyQuartzStairs, Gray Quartz Stairs
ganysnether:pinkQuartzStairs, Pink Quartz Stairs
ganysnether:limeQuartzStairs, Lime Quartz Stairs
ganysnether:yellowQuartzStairs, Yellow Quartz Stairs
ganysnether:lightBlueQuartzStairs, Light Blue Quartz Stairs
ganysnether:magentaQuartzStairs, Magenta Quartz Stairs
ganysnether:orangeQuartzStairs, Orange Quartz Stairs
ganysnether:whiteQuartzStairs, White Quartz Stairs
ganysnether:soulGlassStairs, Soul Glass Brick Stairs
ganysnether:colouredQuartzPillar0:0, Black Pillar Quartz Block
ganysnether:colouredQuartzPillar0:1, Red Pillar Quartz Block
ganysnether:colouredQuartzPillar0:2, Green Pillar Quartz Block
ganysnether:colouredQuartzPillar0:3, Brown Pillar Quartz Block
ganysnether:colouredQuartzPillar1:0, Blue Pillar Quartz Block
ganysnether:colouredQuartzPillar1:1, Purple Pillar Quartz Block
ganysnether:colouredQuartzPillar1:2, Cyan Pillar Quartz Block
ganysnether:colouredQuartzPillar1:3, Light Gray Pillar Quartz Block
ganysnether:colouredQuartzPillar2:0, Gray Pillar Quartz Block
ganysnether:colouredQuartzPillar2:1, Pink Pillar Quartz Block
ganysnether:colouredQuartzPillar2:2, Lime Pillar Quartz Block
ganysnether:colouredQuartzPillar2:3, Yellow Pillar Quartz Block
ganysnether:colouredQuartzPillar3:0, Light Blue Pillar Quartz Block
ganysnether:colouredQuartzPillar3:1, Magenta Pillar Quartz Block
ganysnether:colouredQuartzPillar3:2, Orange Pillar Quartz Block
ganysnether:colouredQuartzPillar3:3, White Pillar Quartz Block
ganysnether:reproducer, Reproducer
ganysnether:undertaker, Undertaker
ganysnether:witherShrub, Wither Shrub
ganysnether:magmaticCentrifuge, Magmatic Centrifuge
ganysnether:weepingPod, Weeping Pod
ganysnether:soulTNT, Soul TNT
ganysnether:blazingCactoid, Blazing Cactoid
ganysnether:hellBush, Hell Bush
ganysnether:thermalSmelter, Thermal Smelter
ganysnether:horseArmourStand, Horse Armour Stand
ganysnether:extendedSpawner, Extended Spawner
ganysnether:focusedLavaCell, Focused Lava Cell
ganysnether:soulGlassPane0, Soul Glass Pane
ganysnether:soulGlassPane1, Soul Glass Brick Pane
ganysnether:blazeBlock, Blaze Block
gendustry:fluid.Mutagen, Mutagen
gendustry:fluid.LiquidDNA, Liquid DNA
gendustry:fluid.Protein, Protein
gendustry:MutagenProducer, Mutagen Producer
gendustry:Mutatron, Mutatron
gendustry:IndustrialApiary, Industrial Apiary
gendustry:Imprinter, Genetic Imprinter
gendustry:Sampler, Genetic Sampler
gendustry:MutatronAdv, Advanced Mutatron
gendustry:Liquifier, Protein Liquifier
gendustry:Extractor, DNA Extractor
gendustry:Transposer, Genetic Transposer
gendustry:Replicator, Genetic Replicator
GraviSuite:BlockRelocatorPortal, Unnamed Block, report to mod author.
HopperDuctMod:hopperDuct, Hopper Duct
HopperDuctMod:gratedHopper, Grated Hopper
HardcoreQuesting:item_barrel, Quest Delivery System
HardcoreQuesting:quest_tracker, Quest Tracking System
HardcoreQuesting:quest_portal, tile.hqm:quest_portal.name
immersiveintegration:extendablePost, Extendable Wooden Post
immersiveintegration:steelTrapdoor, Steel Trapdoor
immersiveintegration:steelDecoration:0, Coke Oven Wall
immersiveintegration:steelDecoration:1, Heated Coke Oven Wall
immersiveintegration:steelDecoration:2, Coke Oven Port
immersiveintegration:extendedPost, Wooden Post Extension
immersiveintegration:industrialCokeOven, Industrial Coke Oven
immersiveintegration:itemRobin, Item Robin
immersiveintegration:inductionCharger:0, LV Induction Charger
immersiveintegration:inductionCharger:1, MV Induction Charger
immersiveintegration:inductionCharger:2, HV Induction Charger
immersiveintegration:redstoneWireConnector, Redstone Wire Connector
immersiveintegration:meWireConnector, ME Wire Connector
immersiveintegration:meDenseWireConnector, ME Dense Wire Connector
immersiveintegration:meTransformer, ME Transformer
immersiveintegration:meDenseTransformer, ME Dense Transformer
immersiveintegration:aeDecoration:0, Fluix Wire Coil
immersiveintegration:aeDecoration:1, Dense Wire Coil
IronChest:BlockIronChest:0, Iron Chest
IronChest:BlockIronChest:1, Gold Chest
IronChest:BlockIronChest:2, Diamond Chest
IronChest:BlockIronChest:3, Copper Chest
IronChest:BlockIronChest:4, Silver Chest
IronChest:BlockIronChest:5, Crystal Chest
IronChest:BlockIronChest:6, Obsidian Chest
IronChest:BlockIronChest:7, DirtChest 9000!
JABBA:barrel, Better Barrel
LogisticsPipes:logisticsSolidBlock:0, Soldering Station
LogisticsPipes:logisticsSolidBlock:1, Logistics Power Junction
LogisticsPipes:logisticsSolidBlock:2, Logistics Security Station
LogisticsPipes:logisticsSolidBlock:3, Logistics Crafting Table
LogisticsPipes:logisticsSolidBlock:4, Logistics Fuzzy Crafting Table
LogisticsPipes:logisticsSolidBlock:5, Logistics Statistics Table
LogisticsPipes:logisticsSolidBlock:11, Logistics RF Power Provider
LogisticsPipes:logisticsSolidBlock:12, Logistics EU Power Provider
LogisticsPipes:logisticsPipeBlock, LogisticsPipes Pipe Block.name
lootbags:loot_recycler, Loot Recycler
Magneticraft:tile.limestoneSlab:0, Limestone Slab
Magneticraft:tile.limestoneSlabFull:0, Limestone Slab
Magneticraft:tile.burnt_limestoneSlab:0, Burnt Limestone Slab
Magneticraft:tile.burnt_limestoneSlabFull:0, Burnt Limestone Slab
Magneticraft:tile.brick_limestoneSlab:0, Limestone Brick Slab
Magneticraft:tile.brick_limestoneSlabFull:0, Limestone Brick Slab
Magneticraft:tile.roofTileSlab:0, Clay Roof Tile Slab
Magneticraft:tile.roofTileSlabFull:0, Clay Roof Tile Slab
Magneticraft:tile.tile_limestoneSlab:0, Limestone Tile Slab
Magneticraft:tile.tile_limestoneSlabFull:0, Limestone Tile Slab
Magneticraft:tile.burnt_brick_limestoneSlab:0, Burnt Limestone Brick Slab
Magneticraft:tile.burnt_brick_limestoneSlabFull:0, Burnt Limestone Brick Slab
Magneticraft:tile.cobble_limestoneSlab:0, Limestone Cobble Slab
Magneticraft:tile.cobble_limestoneSlabFull:0, Limestone Cobble Slab
Magneticraft:tile.burnt_cobble_limestoneSlab:0, Burnt Limestone Cobble Slab
Magneticraft:tile.burnt_cobble_limestoneSlabFull:0, Burnt Limestone Cobble Slab
Magneticraft:pumpjack_1, Pumpjack
Magneticraft:ShelvingUnit, Shelving Unit
Magneticraft:oil_source, Oil Source
Magneticraft:oil_source_drained, Drained Oil Source
Magneticraft:copper_ore, Copper Ore
Magneticraft:salt_ore, Salt Ore
Magneticraft:sulfur_ore, Sulfur Ore
Magneticraft:thorium_ore, Thorium Ore
Magneticraft:tungsten_ore, Tungsten Ore
Magneticraft:uranium_ore, Uranium Ore
Magneticraft:limestone, Limestone
Magneticraft:tile.limestoneStairs, Limestone Stairs
Magneticraft:burnt_limestone, Burnt Limestone
Magneticraft:tile.burnt_limestoneStairs, Burnt Limestone Stairs
Magneticraft:brick_limestone, Limestone Bricks
Magneticraft:tile.brick_limestoneStairs, Limestone Brick Stairs
Magneticraft:roofTile, Clay Roof Tiles
Magneticraft:tile.roofTileStairs, Clay Roof Tile Stairs
Magneticraft:tile_limestone, Limestone Tiles
Magneticraft:tile.tile_limestoneStairs, Limestone Tile Stairs
Magneticraft:burnt_brick_limestone, Burnt Limestone Bricks
Magneticraft:tile.burnt_brick_limestoneStairs, Burnt Limestone Brick Stairs
Magneticraft:cobble_limestone, Limestone Cobble
Magneticraft:tile.cobble_limestoneStairs, Limestone Cobble Stairs
Magneticraft:burnt_cobble_limestone, Burnt Limestone Cobble
Magneticraft:tile.burnt_cobble_limestoneStairs, Burnt Limestone Cobble Stairs
Magneticraft:block_copper, Copper Block
Magneticraft:block_tungsten, Tungsten Block
Magneticraft:block_carbide, Carbide Block
Magneticraft:block_brass, Brass Block
Magneticraft:block_zinc, Zinc Block
Magneticraft:solarpanel, Solar Panel
Magneticraft:electricfurnace, Electric Furnace
Magneticraft:battery, Battery
Magneticraft:transformer_lm, Low/Medium Voltage Transformer
Magneticraft:transformer_mh, Medium/High Voltage Transformer
Magneticraft:firebox, Firebox
Magneticraft:boiler, Boiler
Magneticraft:cooler, Cooler
Magneticraft:heat_resistance, Heat Resistance
Magneticraft:fluid_hopper, Fluid Hopper
Magneticraft:basic_generator, Basic Generator
Magneticraft:steam_engine, Steam Engine
Magneticraft:crusher_control, Crusher Control
Magneticraft:chasis, Multiblock Chassis
Magneticraft:multi_io, Multiblock I/O
Magneticraft:conveyor_low, Conveyor Belt
Magneticraft:mirror, Mirror
Magneticraft:block_breaker, Block Breaker
Magneticraft:windturbine, Wind Turbine
Magneticraft:geothermal_pump, Geothermal Pump
Magneticraft:permanent_magnet, Permanent Magnet
Magneticraft:concreted_pipe, Concrete
Magneticraft:thermopile, Thermopile
Magneticraft:MB_EnergyIO, Multiblock Energy I/O (Low Voltage)
Magneticraft:inserter, Inserter
Magneticraft:machine_housing, Machine Housing
Magneticraft:grinder_control, Grinder Control
Magneticraft:miner, Miner
Magneticraft:teslacoil, Tesla Coil
Magneticraft:airlock, Airlock
Magneticraft:biomassburner, Biomass Burner
Magneticraft:stirling_generator, Stirling Generator Control
Magneticraft:InfiniteWater, Infinite Water
Magneticraft:refinery_control, Refinery Control
Magneticraft:refinery_gap, Multiblock Component
Magneticraft:refinery_tank, Refinery Tank
Magneticraft:mg_tank, Fluid Tank
Magneticraft:heater, Heater
Magneticraft:tile.air_bubble, Air Bubble
Magneticraft:solar_tower_core, Solar Tower Core
Magneticraft:polimerizer_control, Polymerizer Control
Magneticraft:MB_Energy_medium, Multiblock Energy I/O (Medium Voltage)
Magneticraft:turbine_control, Turbine Control
Magneticraft:combustion_engine, Combustion Engine
Magneticraft:heat_sink, Heat Sink
Magneticraft:brickFurnace, Brick Furnace
Magneticraft:crafter, Crafter
Magneticraft:multi_heat, Multiblock Heat I/O
Magneticraft:distillery_control, Oil Distillery Control
Magneticraft:ElectricPoleTier1, Electrical Wooden Pole
Magneticraft:mb_kinetic, Multiblock Kinetic I/O
Magneticraft:infinite_steam, Creative Infinite Steam
Magneticraft:void_inventory, Void Inventory
Magneticraft:electric_switch, Electric Switch
Magneticraft:diode, Diode
Magneticraft:resistance, Resistance
Magneticraft:rf_alternator, RF Alternator
Magneticraft:kinetic_generator, Kinetic Generator
Magneticraft:rc_alternator, RailCraft Charge Alternator
Magneticraft:eu_alternator, EU Alternator
Magneticraft:ElectricPoleCableConnection, Electrical Pole With Transformer
Magneticraft:infinite_energy, Creative Infinite Energy
Magneticraft:sifter_control, Sifter Control
Magneticraft:mb_controls, Multiblock Controls
Magneticraft:block_salt, Salt Block
Magneticraft:block_sulfur, Sulfur Block
Magneticraft:zinc_ore, Zinc Ore
Magneticraft:crushing_table, Crushing Table
Magneticraft:tar, Tar
Magneticraft:blocksteam, Steam
Magneticraft:blockoil, Crude Oil
Magneticraft:blockheavyoil, Heavy Oil
Magneticraft:blocklightoil, Light Oil
Magneticraft:blocknaturalgas, Natural Gas
Magneticraft:blockhotcrude, Hot Crude
Mekanism:BasicBlock:0, Osmium Block
Mekanism:BasicBlock:1, Bronze Block
Mekanism:BasicBlock:2, Refined Obsidian
Mekanism:BasicBlock:3, Charcoal Block
Mekanism:BasicBlock:4, Refined Glowstone
Mekanism:BasicBlock:5, Steel Block
Mekanism:BasicBlock:6, Basic Bin
Mekanism:BasicBlock:6, Advanced Bin
Mekanism:BasicBlock:6, Elite Bin
Mekanism:BasicBlock:6, Ultimate Bin
Mekanism:BasicBlock:7, Teleporter Frame
Mekanism:BasicBlock:8, Steel Casing
Mekanism:BasicBlock:9, Dynamic Tank
Mekanism:BasicBlock:10, Structural Glass
Mekanism:BasicBlock:11, Dynamic Valve
Mekanism:BasicBlock:12, Copper Block
Mekanism:BasicBlock:13, Tin Block
Mekanism:BasicBlock:14, Thermal Evaporation Controller
Mekanism:BasicBlock:15, Thermal Evaporation Valve
Mekanism:BasicBlock2:0, Thermal Evaporation Block
Mekanism:BasicBlock2:1, Induction Casing
Mekanism:BasicBlock2:2, Induction Port
Mekanism:BasicBlock2:3, Basic Induction Cell
Mekanism:BasicBlock2:3, Advanced Induction Cell
Mekanism:BasicBlock2:3, Elite Induction Cell
Mekanism:BasicBlock2:3, Ultimate Induction Cell
Mekanism:BasicBlock2:4, Basic Induction Provider
Mekanism:BasicBlock2:4, Advanced Induction Provider
Mekanism:BasicBlock2:4, Elite Induction Provider
Mekanism:BasicBlock2:4, Ultimate Induction Provider
Mekanism:BasicBlock2:5, Superheating Element
Mekanism:BasicBlock2:6, Pressure Disperser
Mekanism:BasicBlock2:7, Boiler Casing
Mekanism:BasicBlock2:8, Boiler Valve
Mekanism:BasicBlock2:9, Security Desk
Mekanism:OreBlock:0, Osmium Ore
Mekanism:OreBlock:1, Copper Ore
Mekanism:OreBlock:2, Tin Ore
Mekanism:EnergyCube, tile.EnergyCube.name
Mekanism:ObsidianTNT, Obsidian TNT
Mekanism:BoundingBlock, Bounding Block
Mekanism:GasTank:0, Basic Gas Tank
Mekanism:GasTank:0, Advanced Gas Tank
Mekanism:GasTank:0, Elite Gas Tank
Mekanism:GasTank:0, Ultimate Gas Tank
Mekanism:CardboardBox, Cardboard Box
Mekanism:PlasticBlock:0, §8Black Plastic Block
Mekanism:PlasticBlock:1, §cRed Plastic Block
Mekanism:PlasticBlock:2, §2Green Plastic Block
Mekanism:PlasticBlock:3, §6Brown Plastic Block
Mekanism:PlasticBlock:4, §1Blue Plastic Block
Mekanism:PlasticBlock:5, §5Purple Plastic Block
Mekanism:PlasticBlock:6, §3Cyan Plastic Block
Mekanism:PlasticBlock:7, §7Light Grey Plastic Block
Mekanism:PlasticBlock:8, §8Grey Plastic Block
Mekanism:PlasticBlock:9, §dPink Plastic Block
Mekanism:PlasticBlock:10, §aLime Plastic Block
Mekanism:PlasticBlock:11, §eYellow Plastic Block
Mekanism:PlasticBlock:12, §9Light Blue Plastic Block
Mekanism:PlasticBlock:13, §dMagenta Plastic Block
Mekanism:PlasticBlock:14, §6Orange Plastic Block
Mekanism:PlasticBlock:15, §fWhite Plastic Block
Mekanism:SlickPlasticBlock:0, §8Black Slick Plastic Block
Mekanism:SlickPlasticBlock:1, §cRed Slick Plastic Block
Mekanism:SlickPlasticBlock:2, §2Green Slick Plastic Block
Mekanism:SlickPlasticBlock:3, §6Brown Slick Plastic Block
Mekanism:SlickPlasticBlock:4, §1Blue Slick Plastic Block
Mekanism:SlickPlasticBlock:5, §5Purple Slick Plastic Block
Mekanism:SlickPlasticBlock:6, §3Cyan Slick Plastic Block
Mekanism:SlickPlasticBlock:7, §7Light Grey Slick Plastic Block
Mekanism:SlickPlasticBlock:8, §8Grey Slick Plastic Block
Mekanism:SlickPlasticBlock:9, §dPink Slick Plastic Block
Mekanism:SlickPlasticBlock:10, §aLime Slick Plastic Block
Mekanism:SlickPlasticBlock:11, §eYellow Slick Plastic Block
Mekanism:SlickPlasticBlock:12, §9Light Blue Slick Plastic Block
Mekanism:SlickPlasticBlock:13, §dMagenta Slick Plastic Block
Mekanism:SlickPlasticBlock:14, §6Orange Slick Plastic Block
Mekanism:SlickPlasticBlock:15, §fWhite Slick Plastic Block
Mekanism:GlowPlasticBlock:0, §8Black Plastic Glow Block
Mekanism:GlowPlasticBlock:1, §cRed Plastic Glow Block
Mekanism:GlowPlasticBlock:2, §2Green Plastic Glow Block
Mekanism:GlowPlasticBlock:3, §6Brown Plastic Glow Block
Mekanism:GlowPlasticBlock:4, §1Blue Plastic Glow Block
Mekanism:GlowPlasticBlock:5, §5Purple Plastic Glow Block
Mekanism:GlowPlasticBlock:6, §3Cyan Plastic Glow Block
Mekanism:GlowPlasticBlock:7, §7Light Grey Plastic Glow Block
Mekanism:GlowPlasticBlock:8, §8Grey Plastic Glow Block
Mekanism:GlowPlasticBlock:9, §dPink Plastic Glow Block
Mekanism:GlowPlasticBlock:10, §aLime Plastic Glow Block
Mekanism:GlowPlasticBlock:11, §eYellow Plastic Glow Block
Mekanism:GlowPlasticBlock:12, §9Light Blue Plastic Glow Block
Mekanism:GlowPlasticBlock:13, §dMagenta Plastic Glow Block
Mekanism:GlowPlasticBlock:14, §6Orange Plastic Glow Block
Mekanism:GlowPlasticBlock:15, §fWhite Plastic Glow Block
Mekanism:ReinforcedPlasticBlock:0, §8Black Reinforced Plastic Block
Mekanism:ReinforcedPlasticBlock:1, §cRed Reinforced Plastic Block
Mekanism:ReinforcedPlasticBlock:2, §2Green Reinforced Plastic Block
Mekanism:ReinforcedPlasticBlock:3, §6Brown Reinforced Plastic Block
Mekanism:ReinforcedPlasticBlock:4, §1Blue Reinforced Plastic Block
Mekanism:ReinforcedPlasticBlock:5, §5Purple Reinforced Plastic Block
Mekanism:ReinforcedPlasticBlock:6, §3Cyan Reinforced Plastic Block
Mekanism:ReinforcedPlasticBlock:7, §7Light Grey Reinforced Plastic Block
Mekanism:ReinforcedPlasticBlock:8, §8Grey Reinforced Plastic Block
Mekanism:ReinforcedPlasticBlock:9, §dPink Reinforced Plastic Block
Mekanism:ReinforcedPlasticBlock:10, §aLime Reinforced Plastic Block
Mekanism:ReinforcedPlasticBlock:11, §eYellow Reinforced Plastic Block
Mekanism:ReinforcedPlasticBlock:12, §9Light Blue Reinforced Plastic Block
Mekanism:ReinforcedPlasticBlock:13, §dMagenta Reinforced Plastic Block
Mekanism:ReinforcedPlasticBlock:14, §6Orange Reinforced Plastic Block
Mekanism:ReinforcedPlasticBlock:15, §fWhite Reinforced Plastic Block
Mekanism:RoadPlasticBlock:0, §8Black Plastic Road
Mekanism:RoadPlasticBlock:1, §cRed Plastic Road
Mekanism:RoadPlasticBlock:2, §2Green Plastic Road
Mekanism:RoadPlasticBlock:3, §6Brown Plastic Road
Mekanism:RoadPlasticBlock:4, §1Blue Plastic Road
Mekanism:RoadPlasticBlock:5, §5Purple Plastic Road
Mekanism:RoadPlasticBlock:6, §3Cyan Plastic Road
Mekanism:RoadPlasticBlock:7, §7Light Grey Plastic Road
Mekanism:RoadPlasticBlock:8, §8Grey Plastic Road
Mekanism:RoadPlasticBlock:9, §dPink Plastic Road
Mekanism:RoadPlasticBlock:10, §aLime Plastic Road
Mekanism:RoadPlasticBlock:11, §eYellow Plastic Road
Mekanism:RoadPlasticBlock:12, §9Light Blue Plastic Road
Mekanism:RoadPlasticBlock:13, §dMagenta Plastic Road
Mekanism:RoadPlasticBlock:14, §6Orange Plastic Road
Mekanism:RoadPlasticBlock:15, §fWhite Plastic Road
Mekanism:PlasticFence:0, §8Black Plastic Barrier
Mekanism:PlasticFence:1, §cRed Plastic Barrier
Mekanism:PlasticFence:2, §2Green Plastic Barrier
Mekanism:PlasticFence:3, §6Brown Plastic Barrier
Mekanism:PlasticFence:4, §1Blue Plastic Barrier
Mekanism:PlasticFence:5, §5Purple Plastic Barrier
Mekanism:PlasticFence:6, §3Cyan Plastic Barrier
Mekanism:PlasticFence:7, §7Light Grey Plastic Barrier
Mekanism:PlasticFence:8, §8Grey Plastic Barrier
Mekanism:PlasticFence:9, §dPink Plastic Barrier
Mekanism:PlasticFence:10, §aLime Plastic Barrier
Mekanism:PlasticFence:11, §eYellow Plastic Barrier
Mekanism:PlasticFence:12, §9Light Blue Plastic Barrier
Mekanism:PlasticFence:13, §dMagenta Plastic Barrier
Mekanism:PlasticFence:14, §6Orange Plastic Barrier
Mekanism:PlasticFence:15, §fWhite Plastic Barrier
Mekanism:SaltBlock, Salt Block
MekanismGenerators:Generator:0, Heat Generator
MekanismGenerators:Generator:1, Solar Generator
MekanismGenerators:Generator:3, Gas-Burning Generator
MekanismGenerators:Generator:4, Bio-Generator
MekanismGenerators:Generator:5, Advanced Solar Generator
MekanismGenerators:Generator:6, Wind Generator
MekanismGenerators:Generator:7, Turbine Rotor
MekanismGenerators:Generator:8, Rotational Complex
MekanismGenerators:Generator:9, Electromagnetic Coil
MekanismGenerators:Generator:10, Turbine Casing
MekanismGenerators:Generator:11, Turbine Valve
MekanismGenerators:Generator:12, Turbine Vent
MekanismGenerators:Generator:13, Saturating Condenser
MekanismGenerators:Reactor:0, Reactor Controller
MekanismGenerators:Reactor:1, Reactor Frame
MekanismGenerators:Reactor:3, Reactor Port
MekanismGenerators:Reactor:4, Reactor Logic Adapter
MekanismGenerators:ReactorGlass:0, Reactor Glass
MekanismGenerators:ReactorGlass:1, Laser Focus Matrix
Mystcraft:BlockInkMixer, Ink Mixer
Mystcraft:BlockBookBinder, Book Binder
Mystcraft:BlockBookReceptacle, Book Receptacle
Mystcraft:BlockBookstand, Bookstand
Mystcraft:BlockLectern, Lectern
Mystcraft:BlockDecay:0, Black Decay
Mystcraft:BlockLinkModifier, Link Modifier
Mystcraft:BlockCrystal, Crystal
Mystcraft:LinkPortal, Link Portal
Mystcraft:WritingDesk, Writing Desk
Mystcraft:BlockStarFissure, Star Fissure
Mystcraft:BlockFluidMyst, tile.myst.fluid.name
NetherOres:tile.netherores.ore.0:0, Nether Coal Ore
NetherOres:tile.netherores.ore.0:1, Nether Diamond Ore
NetherOres:tile.netherores.ore.0:2, Nether Gold Ore
NetherOres:tile.netherores.ore.0:3, Nether Iron Ore
NetherOres:tile.netherores.ore.0:4, Nether Lapis Ore
NetherOres:tile.netherores.ore.0:5, Nether Redstone Ore
NetherOres:tile.netherores.ore.0:6, Nether Copper Ore
NetherOres:tile.netherores.ore.0:7, Nether Tin Ore
NetherOres:tile.netherores.ore.0:8, Nether Emerald Ore
NetherOres:tile.netherores.ore.0:9, Nether Silver Ore
NetherOres:tile.netherores.ore.0:10, Nether Lead Ore
NetherOres:tile.netherores.ore.0:11, Nether Uranium Ore
NetherOres:tile.netherores.ore.0:12, Nether Nikolite Ore
NetherOres:tile.netherores.ore.0:13, Nether Ruby Ore
NetherOres:tile.netherores.ore.0:14, Nether Peridot Ore
NetherOres:tile.netherores.ore.0:15, Nether Sapphire Ore
NetherOres:tile.netherores.ore.1:0, Nether Platinum Ore
NetherOres:tile.netherores.ore.1:1, Nether Ferrous Ore
NetherOres:tile.netherores.ore.1:2, Nether Pig Iron Ore
NetherOres:tile.netherores.ore.1:3, Nether Iridium Ore
NetherOres:tile.netherores.ore.1:4, Nether Osmium Ore
NetherOres:tile.netherores.ore.1:5, Nether Sulfur Ore
NetherOres:tile.netherores.ore.1:6, Nether Titanium Ore
NetherOres:tile.netherores.ore.1:7, Nether Mithril Ore
NetherOres:tile.netherores.ore.1:8, Nether Adamantium Ore
NetherOres:tile.netherores.ore.1:9, Nether Rutile Ore
NetherOres:tile.netherores.ore.1:10, Nether Tungsten Ore
NetherOres:tile.netherores.ore.1:11, Nether Amber Ore
NetherOres:tile.netherores.ore.1:12, Nether Tennantite Ore
NetherOres:tile.netherores.ore.1:13, Nether Salt Ore
NetherOres:tile.netherores.ore.1:14, Nether Saltpeter Ore
NetherOres:tile.netherores.ore.1:15, Nether Magnesium Ore
NetherOres:netherOresBlockHellfish, tile.netherores.hellfish.name
ObsidiPlates:ObsidianPressurePlate:0, tile.pressurePlate.OBSIDIAN.name
ObsidiPlates:ObsidianPressurePlate:8, tile.pressurePlate.OBSIDIAN.hidden.name
ObsidiPlates:ObsidianPressurePlate:2, tile.pressurePlate.OBSIDIAN.silent.name
ObsidiPlates:ObsidianPressurePlate:10, tile.pressurePlate.OBSIDIAN.both.name
ObsidiPlates:ObsidianPressurePlate:4, tile.pressurePlate.MOSSY.name
ObsidiPlates:ObsidianPressurePlate:12, tile.pressurePlate.MOSSY.hidden.name
ObsidiPlates:ObsidianPressurePlate:6, tile.pressurePlate.MOSSY.silent.name
ObsidiPlates:ObsidianPressurePlate:14, tile.pressurePlate.MOSSY.both.name
OpenBlocks:ladder, Jaded Ladder
OpenBlocks:guide, Building Guide
OpenBlocks:builder_guide, Enhanced Building Guide
OpenBlocks:elevator:0, Elevator
OpenBlocks:elevator:1, Elevator
OpenBlocks:elevator:2, Elevator
OpenBlocks:elevator:3, Elevator
OpenBlocks:elevator:4, Elevator
OpenBlocks:elevator:5, Elevator
OpenBlocks:elevator:6, Elevator
OpenBlocks:elevator:7, Elevator
OpenBlocks:elevator:8, Elevator
OpenBlocks:elevator:9, Elevator
OpenBlocks:elevator:10, Elevator
OpenBlocks:elevator:11, Elevator
OpenBlocks:elevator:12, Elevator
OpenBlocks:elevator:13, Elevator
OpenBlocks:elevator:14, Elevator
OpenBlocks:elevator:15, Elevator
OpenBlocks:elevator_rotating:0, Rotating Elevator
OpenBlocks:elevator_rotating:1, Rotating Elevator
OpenBlocks:elevator_rotating:2, Rotating Elevator
OpenBlocks:elevator_rotating:3, Rotating Elevator
OpenBlocks:elevator_rotating:4, Rotating Elevator
OpenBlocks:elevator_rotating:5, Rotating Elevator
OpenBlocks:elevator_rotating:6, Rotating Elevator
OpenBlocks:elevator_rotating:7, Rotating Elevator
OpenBlocks:elevator_rotating:8, Rotating Elevator
OpenBlocks:elevator_rotating:9, Rotating Elevator
OpenBlocks:elevator_rotating:10, Rotating Elevator
OpenBlocks:elevator_rotating:11, Rotating Elevator
OpenBlocks:elevator_rotating:12, Rotating Elevator
OpenBlocks:elevator_rotating:13, Rotating Elevator
OpenBlocks:elevator_rotating:14, Rotating Elevator
OpenBlocks:elevator_rotating:15, Rotating Elevator
OpenBlocks:heal, Healer
OpenBlocks:target, Target
OpenBlocks:grave, Grave
OpenBlocks:flag, Flag
OpenBlocks:tank, Tank
OpenBlocks:trophy, Trophy
OpenBlocks:beartrap, Bear Trap
OpenBlocks:sprinkler, Sprinkler
OpenBlocks:cannon, Item Cannon
OpenBlocks:vacuumhopper, Vacuum Hopper
OpenBlocks:sponge, Sponge
OpenBlocks:bigbutton, Big Button
OpenBlocks:imaginary:0, Magic Pencil
OpenBlocks:imaginary:1, Magic Crayon
OpenBlocks:imaginary:1, Magic Crayon
OpenBlocks:imaginary:1, Magic Crayon
OpenBlocks:imaginary:1, Magic Crayon
OpenBlocks:imaginary:1, Magic Crayon
OpenBlocks:imaginary:1, Magic Crayon
OpenBlocks:imaginary:1, Magic Crayon
OpenBlocks:imaginary:1, Magic Crayon
OpenBlocks:imaginary:1, Magic Crayon
OpenBlocks:imaginary:1, Magic Crayon
OpenBlocks:imaginary:1, Magic Crayon
OpenBlocks:imaginary:1, Magic Crayon
OpenBlocks:imaginary:1, Magic Crayon
OpenBlocks:imaginary:1, Magic Crayon
OpenBlocks:imaginary:1, Magic Crayon
OpenBlocks:imaginary:1, Magic Crayon
OpenBlocks:fan, Fan
OpenBlocks:xpbottler, XP Bottler
OpenBlocks:village_highlighter, Village Highlighter
OpenBlocks:path, Path
OpenBlocks:autoanvil, Auto Anvil
OpenBlocks:autoenchantmenttable, Auto Enchantment Table
OpenBlocks:xpdrain, XP Drain
OpenBlocks:blockbreaker, Block Breaker
OpenBlocks:blockPlacer, Block Placer
OpenBlocks:itemDropper, Item Dropper
OpenBlocks:ropeladder, Rope Ladder
OpenBlocks:donationStation, Donation Station
OpenBlocks:paintmixer, Paint Mixer
OpenBlocks:canvas, Canvas
OpenBlocks:paintcan, Paint Can
OpenBlocks:canvasglass, Glass Canvas
OpenBlocks:projector, Height Map Projector
OpenBlocks:drawingtable, Drawing Table
OpenBlocks:sky:0, Sky Block
OpenBlocks:sky:1, Sky Block
OpenBlocks:xpshower, XP Shower
OpenBlocks:goldenegg, Golden Egg
OpenBlocks:scaffolding, Scaffolding
fodc:oreConvTable, Ore Conversion Table
fodc:oreAutoconverter, Automatic Ore Converter
pandorasbox:pandorasBox, Pandora's Box
peaether:coinMillBlock, Alchemical Coin Mill
PracticalLogistics:Hammer, Forging Hammer
PracticalLogistics:Hammer_Air, Forging Hammer
PracticalLogistics:SapphireOre, Sapphire Ore
PracticalLogistics:DisplayScreen, tile.DisplayScreen.name
PracticalLogistics:DataCable, Data Cable
PracticalLogistics:MultiCable, Channelled Cable
PracticalLogistics:Node, Node
PracticalLogistics:EntityNode, Entity Node
PracticalLogistics:InfoReader, Info Reader
PracticalLogistics:InventoryReader, Inventory Reader
PracticalLogistics:FluidReader, Fluid Reader
PracticalLogistics:EnergyReader, Energy Reader
PracticalLogistics:DataReceiver, Data Receiver
PracticalLogistics:DataEmitter, Data Emitter
PracticalLogistics:RedstoneSignaller_ON, Redstone Signaller
PracticalLogistics:RedstoneSignaller_OFF, Redstone Signaller
PracticalLogistics:Clock, Clock
PracticalLogistics:DataModifier, Data Modifier
PracticalLogistics:InfoCreator, Info Creator
PracticalLogistics:ChannelSelector, Channel Selector
PracticalLogistics:TransceiverArray, Transceiver Array
PracticalLogistics:HolographicDisplay, Holographic Display
PracticalLogistics:LargeDisplayScreen, Large Display Screen
PracticalLogistics:ItemRouter, Item Router
RandomThings:playerinterface, Player Interface
RandomThings:creativePlayerInterface, Creative Player Interface
RandomThings:fluidDisplay, Fluid Display
RandomThings:advancedFluidDisplay, Advanced Fluid Display
RandomThings:fertilizedDirt, Fertilized Dirt
RandomThings:fertilizedDirt_tilled, Fertilized Dirt
RandomThings:itemCollector, Item Collector
RandomThings:advancedItemCollector, Advanced Item Collector
RandomThings:onlineDetector, Online Detector
RandomThings:moonSensor, Moon Phase Sensor
RandomThings:bloodMoonSensor, Bloodmoon Sensor
RandomThings:notificationInterface, Notification Interface
RandomThings:lapisLamp, Lapis Lamp
RandomThings:wirelessLever, Wireless Lever
RandomThings:dyeingMachine, Dyeing Machine
RandomThings:spectreGlass, Spectre Glass
RandomThings:energyDistributor, Energy Distributor
RandomThings:enderEnergyDistributor, Ender Energy Distributor
RandomThings:spectreBlock:0, Black Spectre Block
RandomThings:spectreBlock:1, Red Spectre Block
RandomThings:spectreBlock:2, Green Spectre Block
RandomThings:spectreBlock:3, Brown Spectre Block
RandomThings:spectreBlock:4, Blue Spectre Block
RandomThings:spectreBlock:5, Purple Spectre Block
RandomThings:spectreBlock:6, Cyan Spectre Block
RandomThings:spectreBlock:7, Light Gray Spectre Block
RandomThings:spectreBlock:8, Gray Spectre Block
RandomThings:spectreBlock:9, Pink Spectre Block
RandomThings:spectreBlock:10, Lime Spectre Block
RandomThings:spectreBlock:11, Yellow Spectre Block
RandomThings:spectreBlock:12, Light Blue Spectre Block
RandomThings:spectreBlock:13, Magenta Spectre Block
RandomThings:spectreBlock:14, Orange Spectre Block
RandomThings:spectreBlock:15, White Spectre Block
RandomThings:imbuingStation, Imbuing Station
RedstoneArsenal:Storage:0, Fluxed Electrum Block
RedstoneArsenal:Storage:1, Flux Crystal Block
RArm:BlockIngotStorage:0, Block of Gelid Enderium
RArm:BlockIngotStorage:1, Gelid Gem Block
RArm:BlockRandomThings:0, Lapis Quisque
RArm:BlockInvisible.Redstone, tile.RArm.invisible.name
RArm:BlockInvisible.Light, tile.RArm.invisible.name
xreliquary:altar_idle, Altar of Light
xreliquary:altar, Altar of Light
xreliquary:apothecary_cauldron, Apothecary Cauldron
xreliquary:apothecary_mortar, Apothecary Mortar
xreliquary:lilypad, Lilypad of Fertility
xreliquary:interdiction_torch, {{!colors.yellow}}Interdiction Torch
xreliquary:wraith_node, Wraith Node
rftools:machineFrame, Machine Frame
rftools:machineBase, Machine Base
rftools:rfMonitorBlock, RF Monitor
rftools:liquidMonitorBlock, Liquid Monitor
rftools:crafterBlock1, Crafter Tier 1
rftools:crafterBlock2, Crafter Tier 2
rftools:crafterBlock3, Crafter Tier 3
rftools:relayBlock, Power Relay
rftools:itemFilterBlock, Item Filter
rftools:dimletFilterBlock, Dimlet Filter
rftools:storageScannerBlock, Storage Scanner
rftools:machineInfuserBlock, Machine Infuser
rftools:environmentalControllerBlock, Environmental Controller
rftools:spawnerBlock, Spawner
rftools:matterBeamerBlock, Matter Beamer
rftools:volcanicCoreBlock, Volcanic Core
rftools:volcanicBlock, Volcanic Block
rftools:screenBlock, Screen
rftools:screenHitBlock, Screen
rftools:screenControllerBlock, Screen Controller
rftools:dimletResearcherBlock, Dimlet Researcher
rftools:dimletScramblerBlock, Dimlet Scrambler
rftools:dimensionEnscriberBlock, Dimension Enscriber
rftools:dimensionBuilderBlock, Dimension Builder
rftools:creativeDimensionBuilderBlock, Creative Dimension Builder
rftools:dimensionEditorBlock, Dimension Editor
rftools:dimensionMonitorBlock, Dimension Monitor
rftools:dimensionalShardBlock, Dimensional Shard Ore
rftools:dimensionalBlankBlock, Dimensional Blank Block
rftools:dimensionalBlock, Dimensional Block
rftools:dimensionalSmallBlocks, Dimensional Small Blocks
rftools:dimensionalCrossBlock, Dimensional Cross Block
rftools:dimensionalCross2Block, Dimensional Cross 2 Block
rftools:dimensionalPattern1Block, Dimensional Pattern 1 Block
rftools:dimensionalPattern2Block, Dimensional Pattern 2 Block
rftools:activityProbeBlock, Activity Probe
rftools:energyExtractorBlock, Energy Extractor
rftools:matterTransmitterBlock, Matter Transmitter
rftools:matterReceiverBlock, Matter Receiver
rftools:dialingDeviceBlock, Dialing Device
rftools:simpleDialerBlock, Simple Dialer
rftools:destinationAnalyzerBlock, Destination Analyzer
rftools:matterBoosterBlock, Matter Booster
rftools:endergenicBlock, Endergenic Generator
rftools:pearlInjectorBlock, Pearl Injector
rftools:enderMonitorBlock, Ender Monitor
rftools:sequencerBlock, Sequencer
rftools:timerBlock, Timer
rftools:counterBlock, Counter
rftools:redstoneTransmitterBlock, Redstone Transmitter
rftools:redstoneReceiverBlock, Redstone Receiver
rftools:shieldBlock, Shield Projector Tier 1
rftools:shieldBlock2, Shield Projector Tier 2
rftools:shieldBlock3, Shield Projector Tier 3
rftools:shieldBlock4, Shield Projector Tier 4
rftools:invisibleShieldBlock, Invisible Shield Block
rftools:noTickInvisibleShieldBlock, Invisible Shield Block
rftools:solidShieldBlock, Solid Shield Block
rftools:noTickolidShieldBlock, Solid Shield Block
rftools:shieldTemplateBlock:0, Shield Template
rftools:shieldTemplateBlock:1, Shield Template
rftools:shieldTemplateBlock:2, Shield Template
rftools:shieldTemplateBlock:3, Shield Template
rftools:dimletWorkbenchBlock, Dimlet Workbench
rftools:biomeAbsorberBlock, Biome Absorber
rftools:materialAbsorberBlock, Material Absorber
rftools:liquidAbsorberBlock, Liquid Absorber
rftools:timeAbsorberBlock, Time Absorber
rftools:proxyBlock, Proxy Block
rftools:spaceChamberBlock, Space Chamber Corner Block
rftools:spaceChamberControllerBlock, Space Chamber Controller Block
rftools:spaceProjectorBlock, Space Projector Block (WIP)
rftools:builderBlock, Builder Block
rftools:supportBlock, Support Block
rftools:blockProtectorBlock, Block Protector
rftools:modularStorageBlock, Modular Storage
rftools:remoteStorageBlock, Remote Storage
rftools:securityManagerBlock, Security Manager
runicdungeons:tile.runicBrick:0, Dungeon Bricks (Unbreakable)
runicdungeons:tile.runicBrick:1, Mossy Dungeon Bricks (Unbreakable)
runicdungeons:tile.runicBrick:2, Cracked Dungeon Bricks (Unbreakable)
runicdungeons:tile.runicBrick:3, Runic Dungeon Bricks (Unbreakable)
runicdungeons:tile.runicBrick:4, Mossy Runic Dungeon Bricks (Unbreakable)
runicdungeons:tile.runicBrick:5, Cracked Runic Dungeon Bricks (Unbreakable)
runicdungeons:tile.demonicBrick:0, Demonic Bricks (Unbreakable)
runicdungeons:tile.demonicBrick:1, Runic Demonic Bricks (Unbreakable)
runicdungeons:tile.survivalRunicBrick:0, Dungeon Bricks
runicdungeons:tile.survivalRunicBrick:1, Mossy Dungeon Bricks
runicdungeons:tile.survivalRunicBrick:2, Cracked Dungeon Bricks
runicdungeons:tile.survivalRunicBrick:3, Runic Dungeon Bricks
runicdungeons:tile.survivalRunicBrick:4, Mossy Runic Dungeon Bricks
runicdungeons:tile.survivalRunicBrick:5, Cracked Runic Dungeon Bricks
runicdungeons:tile.survivalDemonicBrick:0, Demonic Bricks
runicdungeons:tile.survivalDemonicBrick:1, Runic Demonic Bricks
runicdungeons:tile.obsidianRunicBrick:0, Dungeon Bricks (Obsidian Infused)
runicdungeons:tile.obsidianRunicBrick:1, Mossy Dungeon Bricks (Obsidian Infused)
runicdungeons:tile.obsidianRunicBrick:2, Cracked Dungeon Bricks (Obsidian Infused)
runicdungeons:tile.obsidianRunicBrick:3, Runic Dungeon Bricks (Obsidian Infused)
runicdungeons:tile.obsidianRunicBrick:4, Mossy Runic Dungeon Bricks (Obsidian Infused)
runicdungeons:tile.obsidianRunicBrick:5, Cracked Runic Dungeon Bricks (Obsidian Infused)
runicdungeons:tile.witherRunicBrick:0, Dungeon Bricks (WitherBoss-Proof)
runicdungeons:tile.witherRunicBrick:1, Mossy Dungeon Bricks (WitherBoss-Proof)
runicdungeons:tile.witherRunicBrick:2, Cracked Dungeon Bricks (WitherBoss-Proof)
runicdungeons:tile.witherRunicBrick:3, Runic Dungeon Bricks (WitherBoss-Proof)
runicdungeons:tile.witherRunicBrick:4, Mossy Runic Dungeon Bricks (WitherBoss-Proof)
runicdungeons:tile.witherRunicBrick:5, Cracked Runic Dungeon Bricks (WitherBoss-Proof)
runicdungeons:tile.runicLamp, Runic Lamp (Unbreakable)
runicdungeons:tile.runicPillar, Runic Pillar (Unbreakable)
runicdungeons:tile.survivalRunicLamp, Runic Lamp
runicdungeons:tile.survivalRunicPillar, Runic Pillar
runicdungeons:tile.runicGlass, Runic Glass
runicdungeons:tile.runicObsidianGlass, Runic Glass (Obsidian Infused)
runicdungeons:tile.runicKeyhole, Dungeon Keyhole
runicdungeons:tile.runeSpawner, Guardian Spawner
runicdungeons:tile.runicCircle, Mysterious Runes
runicdungeons:tile.runicCircleSmall, Mysterious Runes
runicdungeons:tile.runicCircleLarge, Mysterious Runes
runicdungeons:tile.runicPortal, Runic Dungeons Portal
runicdungeons:tile.spikeTrap, Dungeon Bricks (Unbreakable)
runicdungeons:tile.witherRunicGlass, Runic Glass (WitherBoss-Proof)
runicdungeons:tile.chaoticSand, Chaotic Sands
runicdungeons:tile.compressedObsidian, Compressed Obsidian
runicdungeons:tile.ancientBookshelf, Ancient Bookshelf
runicdungeons:tile.rottingSlab, Rotting Slab
runicdungeons:tile.rottingLadder, Rotting Ladder
runicdungeons:tile.runicSteelBlock, Runic Steel Block
runicdungeons:tile.corridorKeyhole, Dungeon Keyhole
SaltMod:saltOre, Salt Ore
SaltMod:saltLake, Salt Lake Bottom
SaltMod:saltBlock:0, Block Of Salt
SaltMod:saltBlock:1, Chiseled Salt Block
SaltMod:saltBlock:2, Pillar Salt Block
SaltMod:saltBlock:5, Salt Brick
SaltMod:saltBlock:6, Cracked Salt Block
SaltMod:saltBlock:7, Cracked Salt Brick
SaltMod:saltBlock:8, Chiseled Salt Brick
SaltMod:saltBlock:9, Salt Chapiter
SaltMod:saltBrickStair, Salt Brick Stairs
SaltMod:saltSlab:0, Salt Slab
SaltMod:saltSlab:1, Salt Brick Slab
SaltMod:saltSlab:2, Short Pillar Salt Block
SaltMod:saltLamp, Salt Lamp
SaltMod:saltDirt:1, Salt Lake Bottom
SaltMod:saltDirt:0, Saline Soil
SaltMod:saltDirtLite, Slightly Saline Soil
SaltMod:saltGrass, Overgrown Slightly Saline Soil
SaltMod:grassTop, tile.grassTop.name
SaltMod:mudBlock, Mineral Mud Block
SaltMod:extractor, Evaporator
SaltMod:extractorLit, Evaporator
SaltMod:extractorSteam, Evaporator
SaltMod:saltCrystal, Salt Crystals
SaltMod:saltWort, Saltwort
snad:tile.snad, Snad
SolarFlux:solar1, Solar panel I
SolarFlux:solar2, Solar panel II
SolarFlux:solar3, Solar panel III
SolarFlux:solar4, Solar panel IV
SolarFlux:solar5, Solar panel V
SolarFlux:solar6, Solar panel VI
supersolarpanel:SingularSolarPanel, Singular Solar Panel
supersolarpanel:SpectralSolarPanel, Spectral Solar Panel
supersolarpanel:AdminSolarPanel, Light-Absorbing Solar Panel
supersolarpanel:PhotonicSolarPanel, Photonic Solar Panel
StevesFactoryManager:BlockMachineManagerName, Machine Inventory Manager
StevesFactoryManager:BlockCableName, Inventory Cable
StevesFactoryManager:BlockCableRelayName:0, Inventory Relay
StevesFactoryManager:BlockCableRelayName:8, Advanced Inventory Relay
StevesFactoryManager:BlockCableOutputName, Redstone Emitter
StevesFactoryManager:BlockCableInputName, Redstone Receiver
StevesFactoryManager:BlockCableCreativeName, Creative Supplier
StevesFactoryManager:BlockCableIntakeName:0, Item Valve
StevesFactoryManager:BlockCableIntakeName:8, Rapid Item Valve
StevesFactoryManager:BlockCableBUDName, Block Detector
StevesFactoryManager:BlockCableBreakerName, Block Gate
StevesFactoryManager:BlockCableClusterName:0, Cable Cluster
StevesFactoryManager:BlockCableClusterName:8, Advanced Cable Cluster
StevesFactoryManager:BlockCableCamouflageName:0, Cable Camouflage
StevesFactoryManager:BlockCableCamouflageName:1, Double Sided Cable Camouflage
StevesFactoryManager:BlockCableCamouflageName:2, Transforming Cable Camouflage
StevesFactoryManager:BlockCableSignName, Sign Updater
StevesAddons:cable_rf, RF Node
StevesAddons:cable_ae, Energistics Connector
StevesCarts:BlockCargoManager, Cargo Manager
StevesCarts:BlockJunction, Junction Rail
StevesCarts:BlockAdvDetector, Advanced Detector Rail
StevesCarts:BlockCartAssembler, Cart Assembler
StevesCarts:BlockActivator, Module Toggler
StevesCarts:BlockDistributor, External Distributor
StevesCarts:BlockDetector:0, Detector Manager
StevesCarts:BlockDetector:1, Detector Unit
StevesCarts:BlockDetector:2, Detector Station
StevesCarts:BlockDetector:3, Detector Junction
StevesCarts:BlockDetector:4, Detector Redstone Unit
StevesCarts:upgrade:0, Upgrade: Batteries
StevesCarts:upgrade:1, Upgrade: Power Crystal
StevesCarts:upgrade:2, Upgrade: Module knowledge
StevesCarts:upgrade:3, Upgrade: Industrial espionage
StevesCarts:upgrade:4, Upgrade: Experienced assembler
StevesCarts:upgrade:5, Upgrade: New Era
StevesCarts:upgrade:6, Upgrade: CO2 friendly
StevesCarts:upgrade:7, Upgrade: Generic engine
StevesCarts:upgrade:8, Upgrade: Module input
StevesCarts:upgrade:9, Upgrade: Production line
StevesCarts:upgrade:10, Upgrade: Cart Deployer
StevesCarts:upgrade:11, Upgrade: Cart Modifier
StevesCarts:upgrade:12, Upgrade: Cart Crane
StevesCarts:upgrade:13, Upgrade: Redstone Control
StevesCarts:upgrade:14, Upgrade: Creative Mode
StevesCarts:upgrade:15, Upgrade: Quick Demolisher
StevesCarts:upgrade:16, Upgrade: Entropy
StevesCarts:upgrade:17, Upgrade: Manager Bridge
StevesCarts:upgrade:18, Upgrade: Thermal Engine
StevesCarts:upgrade:19, Upgrade: Solar Panel
StevesCarts:BlockLiquidManager, Liquid Manager
StevesCarts:BlockMetalStorage:0, Reinforced Metal Block
StevesCarts:BlockMetalStorage:1, Galgadorian Block
StevesCarts:BlockMetalStorage:2, Enhanced Galgadorian Block
StorageDrawers:fullDrawers1:0, Oak Drawer
StorageDrawers:fullDrawers1:1, Spruce Drawer
StorageDrawers:fullDrawers1:2, Birch Drawer
StorageDrawers:fullDrawers1:3, Jungle Drawer
StorageDrawers:fullDrawers1:4, Acacia Drawer
StorageDrawers:fullDrawers1:5, Dark Oak Drawer
StorageDrawers:fullDrawers2:0, Oak Drawers 1x2
StorageDrawers:fullDrawers2:1, Spruce Drawers 1x2
StorageDrawers:fullDrawers2:2, Birch Drawers 1x2
StorageDrawers:fullDrawers2:3, Jungle Drawers 1x2
StorageDrawers:fullDrawers2:4, Acacia Drawers 1x2
StorageDrawers:fullDrawers2:5, Dark Oak Drawers 1x2
StorageDrawers:fullDrawers4:0, Oak Drawers 2x2
StorageDrawers:fullDrawers4:1, Spruce Drawers 2x2
StorageDrawers:fullDrawers4:2, Birch Drawers 2x2
StorageDrawers:fullDrawers4:3, Jungle Drawers 2x2
StorageDrawers:fullDrawers4:4, Acacia Drawers 2x2
StorageDrawers:fullDrawers4:5, Dark Oak Drawers 2x2
StorageDrawers:halfDrawers2:0, Compact Oak Drawers 1x2
StorageDrawers:halfDrawers2:1, Compact Spruce Drawers 1x2
StorageDrawers:halfDrawers2:2, Compact Birch Drawers 1x2
StorageDrawers:halfDrawers2:3, Compact Jungle Drawers 1x2
StorageDrawers:halfDrawers2:4, Compact Acacia Drawers 1x2
StorageDrawers:halfDrawers2:5, Compact Dark Oak Drawers 1x2
StorageDrawers:halfDrawers4:0, Compact Oak Drawers 2x2
StorageDrawers:halfDrawers4:1, Compact Spruce Drawers 2x2
StorageDrawers:halfDrawers4:2, Compact Birch Drawers 2x2
StorageDrawers:halfDrawers4:3, Compact Jungle Drawers 2x2
StorageDrawers:halfDrawers4:4, Compact Acacia Drawers 2x2
StorageDrawers:halfDrawers4:5, Compact Dark Oak Drawers 2x2
StorageDrawers:compDrawers, Compacting Drawer
StorageDrawers:controller, Drawer Controller
StorageDrawers:controllerSlave, Controller Slave
StorageDrawers:trim:0, Oak Trim
StorageDrawers:trim:1, Spruce Trim
StorageDrawers:trim:2, Birch Trim
StorageDrawers:trim:3, Jungle Trim
StorageDrawers:trim:4, Acacia Trim
StorageDrawers:trim:5, Dark Oak Trim
StorageDrawers:framingTable, Framing Table
StorageDrawers:fullCustom1, Framed Drawer
StorageDrawers:fullCustom2, Framed Drawers 1x2
StorageDrawers:fullCustom4, Framed Drawers 2x2
StorageDrawers:halfCustom2, Framed Drawers 1x2
StorageDrawers:halfCustom4, Framed Drawers 2x2
StorageDrawers:trimCustom, Framed Trim
StorageDrawersMisc:fullDrawers1_0:0, Redwood Drawer
StorageDrawersMisc:fullDrawers1_0:1, Fir Drawer
StorageDrawersMisc:fullDrawers1_0:2, Acacia Drawer
StorageDrawersMisc:fullDrawers1_0:3, Cypress Drawer
StorageDrawersMisc:fullDrawers1_0:4, Japanese Maple Drawer
StorageDrawersMisc:fullDrawers1_0:5, Rainbow Eucalyptus Drawer
StorageDrawersMisc:fullDrawers1_0:6, Autumn Drawer
StorageDrawersMisc:fullDrawers1_0:7, Bald Cypress Drawer
StorageDrawersMisc:fullDrawers1_0:8, Sakura Drawer
StorageDrawersMisc:fullDrawers1_1:0, Yellow Drawer
StorageDrawersMisc:fullDrawers1_1:1, White Drawer
StorageDrawersMisc:fullDrawers1_1:2, Red Drawer
StorageDrawersMisc:fullDrawers1_1:3, Grey Drawer
StorageDrawersMisc:fullDrawers1_1:4, Greatwood Drawer
StorageDrawersMisc:fullDrawers1_1:5, Silverwood Drawer
StorageDrawersMisc:fullDrawers1_1:6, Rowan Drawer
StorageDrawersMisc:fullDrawers1_1:7, Alder Drawer
StorageDrawersMisc:fullDrawers1_1:8, Hawthorn Drawer
StorageDrawersMisc:fullDrawers1_1:9, Treated Wood Drawer
StorageDrawersMisc:fullDrawers1_1:10, Livingwood Drawer
StorageDrawersMisc:fullDrawers1_1:11, Dreamwood Drawer
StorageDrawersMisc:fullDrawers2_0:0, Redwood Drawers 1x2
StorageDrawersMisc:fullDrawers2_0:1, Fir Drawers 1x2
StorageDrawersMisc:fullDrawers2_0:2, Acacia Drawers 1x2
StorageDrawersMisc:fullDrawers2_0:3, Cypress Drawers 1x2
StorageDrawersMisc:fullDrawers2_0:4, Japanese Maple Drawers 1x2
StorageDrawersMisc:fullDrawers2_0:5, Rainbow Eucalyptus Drawers 1x2
StorageDrawersMisc:fullDrawers2_0:6, Autumn Drawers 1x2
StorageDrawersMisc:fullDrawers2_0:7, Bald Cypress Drawers 1x2
StorageDrawersMisc:fullDrawers2_0:8, Sakura Drawers 1x2
StorageDrawersMisc:fullDrawers2_1:0, Yellow Drawers 1x2
StorageDrawersMisc:fullDrawers2_1:1, White Drawers 1x2
StorageDrawersMisc:fullDrawers2_1:2, Red Drawers 1x2
StorageDrawersMisc:fullDrawers2_1:3, Grey Drawers 1x2
StorageDrawersMisc:fullDrawers2_1:4, Greatwood Drawers 1x2
StorageDrawersMisc:fullDrawers2_1:5, Silverwood Drawers 1x2
StorageDrawersMisc:fullDrawers2_1:6, Rowan Drawers 1x2
StorageDrawersMisc:fullDrawers2_1:7, Alder Drawers 1x2
StorageDrawersMisc:fullDrawers2_1:8, Hawthorn Drawers 1x2
StorageDrawersMisc:fullDrawers2_1:9, Treated Wood Drawers 1x2
StorageDrawersMisc:fullDrawers2_1:10, Livingwood Drawers 1x2
StorageDrawersMisc:fullDrawers2_1:11, Dreamwood Drawers 1x2
StorageDrawersMisc:fullDrawers4_0:0, Redwood Drawers 2x2
StorageDrawersMisc:fullDrawers4_0:1, Fir Drawers 2x2
StorageDrawersMisc:fullDrawers4_0:2, Acacia Drawers 2x2
StorageDrawersMisc:fullDrawers4_0:3, Cypress Drawers 2x2
StorageDrawersMisc:fullDrawers4_0:4, Japanese Maple Drawers 2x2
StorageDrawersMisc:fullDrawers4_0:5, Rainbow Eucalyptus Drawers 2x2
StorageDrawersMisc:fullDrawers4_0:6, Autumn Drawers 2x2
StorageDrawersMisc:fullDrawers4_0:7, Bald Cypress Drawers 2x2
StorageDrawersMisc:fullDrawers4_0:8, Sakura Drawers 2x2
StorageDrawersMisc:fullDrawers4_1:0, Yellow Drawers 2x2
StorageDrawersMisc:fullDrawers4_1:1, White Drawers 2x2
StorageDrawersMisc:fullDrawers4_1:2, Red Drawers 2x2
StorageDrawersMisc:fullDrawers4_1:3, Grey Drawers 2x2
StorageDrawersMisc:fullDrawers4_1:4, Greatwood Drawers 2x2
StorageDrawersMisc:fullDrawers4_1:5, Silverwood Drawers 2x2
StorageDrawersMisc:fullDrawers4_1:6, Rowan Drawers 2x2
StorageDrawersMisc:fullDrawers4_1:7, Alder Drawers 2x2
StorageDrawersMisc:fullDrawers4_1:8, Hawthorn Drawers 2x2
StorageDrawersMisc:fullDrawers4_1:9, Treated Wood Drawers 2x2
StorageDrawersMisc:fullDrawers4_1:10, Livingwood Drawers 2x2
StorageDrawersMisc:fullDrawers4_1:11, Dreamwood Drawers 2x2
StorageDrawersMisc:halfDrawers2_0:0, Compact Redwood Drawers 1x2
StorageDrawersMisc:halfDrawers2_0:1, Compact Fir Drawers 1x2
StorageDrawersMisc:halfDrawers2_0:2, Compact Acacia Drawers 1x2
StorageDrawersMisc:halfDrawers2_0:3, Compact Cypress Drawers 1x2
StorageDrawersMisc:halfDrawers2_0:4, Compact Japanese Maple Drawers 1x2
StorageDrawersMisc:halfDrawers2_0:5, Compact Rainbow Eucalyptus Drawers 1x2
StorageDrawersMisc:halfDrawers2_0:6, Compact Autumn Drawers 1x2
StorageDrawersMisc:halfDrawers2_0:7, Compact Bald Cypress Drawers 1x2
StorageDrawersMisc:halfDrawers2_0:8, Compact Sakura Drawers 1x2
StorageDrawersMisc:halfDrawers2_1:0, Compact Yellow Drawers 1x2
StorageDrawersMisc:halfDrawers2_1:1, Compact White Drawers 1x2
StorageDrawersMisc:halfDrawers2_1:2, Compact Red Drawers 1x2
StorageDrawersMisc:halfDrawers2_1:3, Compact Grey Drawers 1x2
StorageDrawersMisc:halfDrawers2_1:4, Compact Greatwood Drawers 1x2
StorageDrawersMisc:halfDrawers2_1:5, Compact Silverwood Drawers 1x2
StorageDrawersMisc:halfDrawers2_1:6, Compact Rowan Drawers 1x2
StorageDrawersMisc:halfDrawers2_1:7, Compact Alder Drawers 1x2
StorageDrawersMisc:halfDrawers2_1:8, Compact Hawthorn Drawers 1x2
StorageDrawersMisc:halfDrawers2_1:9, Compact Treated Wood Drawers 1x2
StorageDrawersMisc:halfDrawers2_1:10, Compact Livingwood Drawers 1x2
StorageDrawersMisc:halfDrawers2_1:11, Compact Dreamwood Drawers 1x2
StorageDrawersMisc:halfDrawers4_0:0, Compact Redwood Drawers 2x2
StorageDrawersMisc:halfDrawers4_0:1, Compact Fir Drawers 2x2
StorageDrawersMisc:halfDrawers4_0:2, Compact Acacia Drawers 2x2
StorageDrawersMisc:halfDrawers4_0:3, Compact Cypress Drawers 2x2
StorageDrawersMisc:halfDrawers4_0:4, Compact Japanese Maple Drawers 2x2
StorageDrawersMisc:halfDrawers4_0:5, Compact Rainbow Eucalyptus Drawers 2x2
StorageDrawersMisc:halfDrawers4_0:6, Compact Autumn Drawers 2x2
StorageDrawersMisc:halfDrawers4_0:7, Compact Bald Cypress Drawers 2x2
StorageDrawersMisc:halfDrawers4_0:8, Compact Sakura Drawers 2x2
StorageDrawersMisc:halfDrawers4_1:0, Compact Yellow Drawers 2x2
StorageDrawersMisc:halfDrawers4_1:1, Compact White Drawers 2x2
StorageDrawersMisc:halfDrawers4_1:2, Compact Red Drawers 2x2
StorageDrawersMisc:halfDrawers4_1:3, Compact Grey Drawers 2x2
StorageDrawersMisc:halfDrawers4_1:4, Compact Greatwood Drawers 2x2
StorageDrawersMisc:halfDrawers4_1:5, Compact Silverwood Drawers 2x2
StorageDrawersMisc:halfDrawers4_1:6, Compact Rowan Drawers 2x2
StorageDrawersMisc:halfDrawers4_1:7, Compact Alder Drawers 2x2
StorageDrawersMisc:halfDrawers4_1:8, Compact Hawthorn Drawers 2x2
StorageDrawersMisc:halfDrawers4_1:9, Compact Treated Wood Drawers 2x2
StorageDrawersMisc:halfDrawers4_1:10, Compact Livingwood Drawers 2x2
StorageDrawersMisc:halfDrawers4_1:11, Compact Dreamwood Drawers 2x2
StorageDrawersMisc:trim_0:0, Redwood Trim
StorageDrawersMisc:trim_0:1, Fir Trim
StorageDrawersMisc:trim_0:2, Acacia Trim
StorageDrawersMisc:trim_0:3, Cypress Trim
StorageDrawersMisc:trim_0:4, Japanese Maple Trim
StorageDrawersMisc:trim_0:5, Rainbow Eucalyptus Trim
StorageDrawersMisc:trim_0:6, Autumn Trim
StorageDrawersMisc:trim_0:7, Bald Cypress Trim
StorageDrawersMisc:trim_0:8, Sakura Trim
StorageDrawersMisc:trim_1:0, Yellow Trim
StorageDrawersMisc:trim_1:1, White Trim
StorageDrawersMisc:trim_1:2, Red Trim
StorageDrawersMisc:trim_1:3, Grey Trim
StorageDrawersMisc:trim_1:4, Greatwood Trim
StorageDrawersMisc:trim_1:5, Silverwood Trim
StorageDrawersMisc:trim_1:6, Rowan Trim
StorageDrawersMisc:trim_1:7, Alder Trim
StorageDrawersMisc:trim_1:8, Hawthorn Trim
StorageDrawersMisc:trim_1:9, Treated Wood Trim
StorageDrawersMisc:trim_1:10, Livingwood Trim
StorageDrawersMisc:trim_1:11, Dreamwood Trim
StorageDrawersNatura:fullDrawers1:0, Eucalyptus Drawer
StorageDrawersNatura:fullDrawers1:1, Sakura Drawer
StorageDrawersNatura:fullDrawers1:2, Ghostwood Drawer
StorageDrawersNatura:fullDrawers1:3, Redwood Drawer
StorageDrawersNatura:fullDrawers1:4, Blood Drawer
StorageDrawersNatura:fullDrawers1:5, Hopseed Drawer
StorageDrawersNatura:fullDrawers1:6, Maple Drawer
StorageDrawersNatura:fullDrawers1:7, Silverbell Drawer
StorageDrawersNatura:fullDrawers1:8, Amaranth Drawer
StorageDrawersNatura:fullDrawers1:9, Tigerwood Drawer
StorageDrawersNatura:fullDrawers1:10, Willow Drawer
StorageDrawersNatura:fullDrawers1:11, Darkwood Drawer
StorageDrawersNatura:fullDrawers1:12, Fusewood Drawer
StorageDrawersNatura:fullDrawers2:0, Eucalyptus Drawers 1x2
StorageDrawersNatura:fullDrawers2:1, Sakura Drawers 1x2
StorageDrawersNatura:fullDrawers2:2, Ghostwood Drawers 1x2
StorageDrawersNatura:fullDrawers2:3, Redwood Drawers 1x2
StorageDrawersNatura:fullDrawers2:4, Blood Drawers 1x2
StorageDrawersNatura:fullDrawers2:5, Hopseed Drawers 1x2
StorageDrawersNatura:fullDrawers2:6, Maple Drawers 1x2
StorageDrawersNatura:fullDrawers2:7, Silverbell Drawers 1x2
StorageDrawersNatura:fullDrawers2:8, Amaranth Drawers 1x2
StorageDrawersNatura:fullDrawers2:9, Tigerwood Drawers 1x2
StorageDrawersNatura:fullDrawers2:10, Willow Drawers 1x2
StorageDrawersNatura:fullDrawers2:11, Darkwood Drawers 1x2
StorageDrawersNatura:fullDrawers2:12, Fusewood Drawers 1x2
StorageDrawersNatura:fullDrawers4:0, Eucalyptus Drawers 2x2
StorageDrawersNatura:fullDrawers4:1, Sakura Drawers 2x2
StorageDrawersNatura:fullDrawers4:2, Ghostwood Drawers 2x2
StorageDrawersNatura:fullDrawers4:3, Redwood Drawers 2x2
StorageDrawersNatura:fullDrawers4:4, Blood Drawers 2x2
StorageDrawersNatura:fullDrawers4:5, Hopseed Drawers 2x2
StorageDrawersNatura:fullDrawers4:6, Maple Drawers 2x2
StorageDrawersNatura:fullDrawers4:7, Silverbell Drawers 2x2
StorageDrawersNatura:fullDrawers4:8, Amaranth Drawers 2x2
StorageDrawersNatura:fullDrawers4:9, Tigerwood Drawers 2x2
StorageDrawersNatura:fullDrawers4:10, Willow Drawers 2x2
StorageDrawersNatura:fullDrawers4:11, Darkwood Drawers 2x2
StorageDrawersNatura:fullDrawers4:12, Fusewood Drawers 2x2
StorageDrawersNatura:halfDrawers2:0, Compact Eucalyptus Drawers 1x2
StorageDrawersNatura:halfDrawers2:1, Compact Sakura Drawers 1x2
StorageDrawersNatura:halfDrawers2:2, Compact Ghostwood Drawers 1x2
StorageDrawersNatura:halfDrawers2:3, Compact Redwood Drawers 1x2
StorageDrawersNatura:halfDrawers2:4, Compact Blood Drawers 1x2
StorageDrawersNatura:halfDrawers2:5, Compact Hopseed Drawers 1x2
StorageDrawersNatura:halfDrawers2:6, Compact Maple Drawers 1x2
StorageDrawersNatura:halfDrawers2:7, Compact Silverbell Drawers 1x2
StorageDrawersNatura:halfDrawers2:8, Compact Amaranth Drawers 1x2
StorageDrawersNatura:halfDrawers2:9, Compact Tigerwood Drawers 1x2
StorageDrawersNatura:halfDrawers2:10, Compact Willow Drawers 1x2
StorageDrawersNatura:halfDrawers2:11, Compact Darkwood Drawers 1x2
StorageDrawersNatura:halfDrawers2:12, Compact Fusewood Drawers 1x2
StorageDrawersNatura:halfDrawers4:0, Compact Eucalyptus Drawers 2x2
StorageDrawersNatura:halfDrawers4:1, Compact Sakura Drawers 2x2
StorageDrawersNatura:halfDrawers4:2, Compact Ghostwood Drawers 2x2
StorageDrawersNatura:halfDrawers4:3, Compact Redwood Drawers 2x2
StorageDrawersNatura:halfDrawers4:4, Compact Blood Drawers 2x2
StorageDrawersNatura:halfDrawers4:5, Compact Hopseed Drawers 2x2
StorageDrawersNatura:halfDrawers4:6, Compact Maple Drawers 2x2
StorageDrawersNatura:halfDrawers4:7, Compact Silverbell Drawers 2x2
StorageDrawersNatura:halfDrawers4:8, Compact Amaranth Drawers 2x2
StorageDrawersNatura:halfDrawers4:9, Compact Tigerwood Drawers 2x2
StorageDrawersNatura:halfDrawers4:10, Compact Willow Drawers 2x2
StorageDrawersNatura:halfDrawers4:11, Compact Darkwood Drawers 2x2
StorageDrawersNatura:halfDrawers4:12, Compact Fusewood Drawers 2x2
StorageDrawersNatura:trim:0, Eucalyptus Trim
StorageDrawersNatura:trim:1, Sakura Trim
StorageDrawersNatura:trim:2, Ghostwood Trim
StorageDrawersNatura:trim:3, Redwood Trim
StorageDrawersNatura:trim:4, Blood Trim
StorageDrawersNatura:trim:5, Hopseed Trim
StorageDrawersNatura:trim:6, Maple Trim
StorageDrawersNatura:trim:7, Silverbell Trim
StorageDrawersNatura:trim:8, Amaranth Trim
StorageDrawersNatura:trim:9, Tigerwood Trim
StorageDrawersNatura:trim:10, Willow Trim
StorageDrawersNatura:trim:11, Darkwood Trim
StorageDrawersNatura:trim:12, Fusewood Trim
thaumicenergistics:thaumicenergistics.block.essentia.provider, Essentia Provider
thaumicenergistics:thaumicenergistics.block.infusion.provider, Infusion Provider
thaumicenergistics:thaumicenergistics.block.gear.box, Iron Gear Box
thaumicenergistics:thaumicenergistics.block.golem.gear.box, Thaumium Gear Box
thaumicenergistics:thaumicenergistics.block.essentia.cell.workbench, Essentia Cell Workbench
thaumicenergistics:thaumicenergistics.block.arcane.assembler, Arcane Assembler
thaumicenergistics:thaumicenergistics.block.knowledge.inscriber, Knowledge Inscriber
thaumicenergistics:thaumicenergistics.block.essentia.vibration.chamber, Essentia Vibration Chamber
thaumicenergistics:thaumicenergistics.block.distillation.encoder, Distillation Pattern Encoder
ThaumicTinkerer:animationTablet, Dynamism Tablet
ThaumicTinkerer:infusedGrainBlock, tile.infusedGrainBlock.name
ThaumicTinkerer:repairer, Thaumic Restorer
ThaumicTinkerer:bedrockPortal, Bedrock Portal
ThaumicTinkerer:fireWater, Aqua Imbued Fire
ThaumicTinkerer:fireAir, Aer Imbued Fire
ThaumicTinkerer:darkQuartz:0, Block of Smokey Quartz
ThaumicTinkerer:darkQuartz:1, Chiseled Smokey Quartz Block
ThaumicTinkerer:darkQuartz:2, Pillar Smokey Quartz Block
ThaumicTinkerer:warpGate, Celestial Gateway
ThaumicTinkerer:interface, Transvector Interface
ThaumicTinkerer:fireChaos, Perditio Imbued Fire
ThaumicTinkerer:spawner, Tablet of Necromancy
ThaumicTinkerer:dislocator, Transvector Dislocator
ThaumicTinkerer:fireFire, Ignis Imbued Fire
ThaumicTinkerer:funnel, Essentia Funnel
ThaumicTinkerer:fireOrder, Ordo Imbued Fire
ThaumicTinkerer:platform, Ethereal Platform
ThaumicTinkerer:darkQuartzStairs, Smokey Quartz Stairs
ThaumicTinkerer:Levitational Locomotive Relay, Levitational Locomotive Relay
ThaumicTinkerer:gaseousLight, tile.gaseousLight.name
ThaumicTinkerer:fireEarth, Terra Imbued Fire
ThaumicTinkerer:enchanter, Osmotic Enchanter
ThaumicTinkerer:Levitational Locomotive, Levitational Locomotive
ThaumicTinkerer:gaseousShadow, tile.gaseousShadow.name
ThaumicTinkerer:infusedFarmland, tile.infusedFarmland.name
ThaumicTinkerer:nitorGas, tile.nitorGas.name
ThaumicTinkerer:forcefield, Forcefield
ThaumicTinkerer:magnet:0, Kinetic Attractor
ThaumicTinkerer:magnet:1, Corporeal Attractor
ThaumicTinkerer:darkQuartzSlab:0, Smokey Quartz Slab
ThaumicTinkerer:darkQuartzSlabFull:0, Smokey Quartz Slab
ThaumicExploration:autoSorter, tile.thaumicexploration:autoSorter.name
ThaumicExploration:trashJar, Oblivion Jar
ThaumicExploration:boundChest, tile.boundChest.name
ThaumicExploration:floatCandle:0, White Floating Candle
ThaumicExploration:floatCandle:1, Orange Floating Candle
ThaumicExploration:floatCandle:2, Magenta Floating Candle
ThaumicExploration:floatCandle:3, Light Blue Floating Candle
ThaumicExploration:floatCandle:4, Yellow Floating Candle
ThaumicExploration:floatCandle:5, Lime Floating Candle
ThaumicExploration:floatCandle:6, Pink Floating Candle
ThaumicExploration:floatCandle:7, Gray Floating Candle
ThaumicExploration:floatCandle:8, Light Gray Floating Candle
ThaumicExploration:floatCandle:9, Cyan Floating Candle
ThaumicExploration:floatCandle:10, Purple Floating Candle
ThaumicExploration:floatCandle:11, Blue Floating Candle
ThaumicExploration:floatCandle:12, Brown Floating Candle
ThaumicExploration:floatCandle:13, Green Floating Candle
ThaumicExploration:floatCandle:14, Red Floating Candle
ThaumicExploration:floatCandle:15, Black Floating Candle
ThaumicExploration:meltyIce, Ice
ThaumicExploration:boundJar, Bound Jar
ThaumicExploration:thinkTankJar, Think Tank
ThaumicExploration:everfullUrn, Everfull Urn
ThaumicExploration:everburnUrn, Everburn Urn
ThaumicExploration:soulBrazier, Soul Brazier
ThaumicExploration:crucibleSouls, Crucible of Souls
ThaumicExploration:replicator, Thaumic Replicator
thaumores:netherrackInfusedOre:0, Air Infused Netherrack
thaumores:netherrackInfusedOre:1, Fire Infused Netherrack
thaumores:netherrackInfusedOre:2, Water Infused Netherrack
thaumores:netherrackInfusedOre:3, Earth Infused Netherrack
thaumores:netherrackInfusedOre:4, Order Infused Netherrack
thaumores:netherrackInfusedOre:5, Entropy Infused Netherrack
thaumores:endstoneInfusedOre:0, Air Infused End Stone
thaumores:endstoneInfusedOre:1, Fire Infused End Stone
thaumores:endstoneInfusedOre:2, Water Infused End Stone
thaumores:endstoneInfusedOre:3, Earth Infused End Stone
thaumores:endstoneInfusedOre:4, Order Infused End Stone
thaumores:endstoneInfusedOre:5, Entropy Infused End Stone
thaumores:bedrockInfusedOre:0, Air Infused Bedrock
thaumores:bedrockInfusedOre:1, Fire Infused Bedrock
thaumores:bedrockInfusedOre:2, Water Infused Bedrock
thaumores:bedrockInfusedOre:3, Earth Infused Bedrock
thaumores:bedrockInfusedOre:4, Order Infused Bedrock
thaumores:bedrockInfusedOre:5, Entropy Infused Bedrock
ThermalDynamics:ThermalDynamics_0:0, Leadstone Fluxduct
ThermalDynamics:ThermalDynamics_0:1, Hardened Fluxduct
ThermalDynamics:ThermalDynamics_0:2, Redstone Energy Fluxduct
ThermalDynamics:ThermalDynamics_0:3, Redstone Energy Fluxduct (Empty)
ThermalDynamics:ThermalDynamics_0:4, Resonant Fluxduct
ThermalDynamics:ThermalDynamics_0:5, Resonant Fluxduct (Empty)
ThermalDynamics:ThermalDynamics_0:6, Cryo-Stabilized Fluxduct
ThermalDynamics:ThermalDynamics_0:7, Cryo-Stabilized Fluxduct (Empty)
ThermalDynamics:ThermalDynamics_16:0, Temperate Fluiduct
ThermalDynamics:ThermalDynamics_16:1, Temperate Fluiduct (Opaque)
ThermalDynamics:ThermalDynamics_16:2, Hardened Fluiduct
ThermalDynamics:ThermalDynamics_16:3, Hardened Fluiduct (Opaque)
ThermalDynamics:ThermalDynamics_16:4, Flux-Plated Fluiduct
ThermalDynamics:ThermalDynamics_16:5, Flux-Plated Fluiduct (Opaque)
ThermalDynamics:ThermalDynamics_16:6, Super-Laminar Fluiduct
ThermalDynamics:ThermalDynamics_16:7, Super-Laminar Fluiduct (Opaque)
ThermalDynamics:ThermalDynamics_32:0, Itemduct
ThermalDynamics:ThermalDynamics_32:1, Itemduct (Opaque)
ThermalDynamics:ThermalDynamics_32:2, Impulse Itemduct
ThermalDynamics:ThermalDynamics_32:3, Impulse Itemduct (Opaque)
ThermalDynamics:ThermalDynamics_32:4, Warp Itemduct
ThermalDynamics:ThermalDynamics_32:5, Warp Itemduct (Opaque)
ThermalDynamics:ThermalDynamics_32:6, Fluctuating Itemduct
ThermalDynamics:ThermalDynamics_32:7, Fluctuating Itemduct (Opaque)
ThermalDynamics:ThermalDynamics_48:0, Structuralduct (Opaque)
ThermalDynamics:ThermalDynamics_48:1, Luxduct
ThermalDynamics:ThermalDynamics_64:0, Viaduct
ThermalDynamics:ThermalDynamics_64:1, Long Range Viaduct
ThermalDynamics:ThermalDynamics_64:2, Long Range Linking Viaduct
ThermalDynamics:ThermalDynamics_64:3, Viaduct (Untreated)
TMechworks:RedstoneMachine:0, Drawbridge
TMechworks:RedstoneMachine:1, Igniter
TMechworks:RedstoneMachine:2, Advanced Drawbridge
TMechworks:RedstoneMachine:3, Extended Drawbridge
TMechworks:Dynamo, Dynamo
TMechworks:SignalBus, tile.tmechworks.signalbus.name
TMechworks:SignalTerminal, tile.tmechworks.signalterminal.name
TMechworks:MeshFilter:0, Empty Mesh Filter
TMechworks:MeshFilter:1, Wide Mesh Filter
TMechworks:MeshFilter:2, Slat Mesh Filter
TMechworks:MeshFilter:3, Mesh Filter
TMechworks:MeshFilter:4, Fine Mesh Filter
Torcherino:tile.torcherino, Torcherino
Torcherino:tile.inverse_torcherino, Inverted Torcherino
tts:tube:0, Transport Tube
tts:tube:10, Transport Tube
tts:tube:11, Transport Tube
tts:tube:12, Transport Tube
tts:tube:13, Transport Tube
tts:tube:14, Transport Tube
tts:tube:15, Transport Tube
tts:station:0, Tube Station
tts:stationH, Tube Station
ForgeRelocation:relocation.blockmovingrow:0, tile.relocation.blockmovingrow|0.name
MCFrames:mcframes.motor:0, Debug Frame Motor
MCFrames:mcframes.frame, Frame
IguanaTweaksTConstruct:skullBlock, tile.iguana.tcon.skull.name
ModName:Essence, The Essence of Everything
ModName:essence_helmet, The Essence of Everything Helmet
ModName:essence_chestplate, The Essence of Everything Body
ModName:essence_leggings, The Essence of Everything Leggins
ModName:essence_boots, The Essence of Everything Boots
Aroma1997Core:wrench, Aromic Hammer
appliedenergistics2:item.ToolCertusQuartzAxe, Certus Quartz Axe
appliedenergistics2:item.ToolCertusQuartzHoe, Certus Quartz Hoe
appliedenergistics2:item.ToolCertusQuartzSpade, Certus Quartz Shovel
appliedenergistics2:item.ToolCertusQuartzPickaxe, Certus Quartz Pickaxe
appliedenergistics2:item.ToolCertusQuartzSword, Certus Quartz Sword
appliedenergistics2:item.ToolCertusQuartzWrench, Certus Quartz Wrench
appliedenergistics2:item.ToolCertusQuartzCuttingKnife, Certus Quartz Cutting Knife
appliedenergistics2:item.ToolNetherQuartzAxe, Nether Quartz Axe
appliedenergistics2:item.ToolNetherQuartzHoe, Nether Quartz Hoe
appliedenergistics2:item.ToolNetherQuartzSpade, Nether Quartz Shovel
appliedenergistics2:item.ToolNetherQuartzPickaxe, Nether Quartz Pickaxe
appliedenergistics2:item.ToolNetherQuartzSword, Nether Quartz Sword
appliedenergistics2:item.ToolNetherQuartzWrench, Nether Quartz Wrench
appliedenergistics2:item.ToolNetherQuartzCuttingKnife, Nether Quartz Cutting Knife
appliedenergistics2:item.ToolEntropyManipulator, Entropy Manipulator
appliedenergistics2:item.ToolWirelessTerminal, Wireless Terminal
appliedenergistics2:item.ToolBiometricCard, Biometric Card
appliedenergistics2:item.ToolChargedStaff, Charged Staff
appliedenergistics2:item.ToolMassCannon, Matter Cannon
appliedenergistics2:item.ToolMemoryCard, Memory Card
appliedenergistics2:item.ToolNetworkTool, Network Tool
appliedenergistics2:item.ToolPortableCell, Portable Cell
appliedenergistics2:item.ItemCreativeStorageCell, Creative ME Storage Cell
appliedenergistics2:item.ItemViewCell, View Cell
appliedenergistics2:item.ItemBasicStorageCell.1k, 1k ME Storage Cell
appliedenergistics2:item.ItemBasicStorageCell.4k, 4k ME Storage Cell
appliedenergistics2:item.ItemBasicStorageCell.16k, 16k ME Storage Cell
appliedenergistics2:item.ItemBasicStorageCell.64k, 64k ME Storage Cell
appliedenergistics2:item.ItemSpatialStorageCell.2Cubed, 2³ Spatial Storage Cell
appliedenergistics2:item.ItemSpatialStorageCell.16Cubed, 16³ Spatial Storage Cell
appliedenergistics2:item.ItemSpatialStorageCell.128Cubed, 128³ Spatial Storage Cell
appliedenergistics2:item.ItemFacade:0, Cable Facade - Stone
appliedenergistics2:item.ItemFacade:0, Cable Facade - Dirt
appliedenergistics2:item.ItemFacade:0, Cable Facade - Podzol
appliedenergistics2:item.ItemFacade:0, Cable Facade - Cobblestone
appliedenergistics2:item.ItemFacade:0, Cable Facade - Oak Wood Planks
appliedenergistics2:item.ItemFacade:0, Cable Facade - Spruce Wood Planks
appliedenergistics2:item.ItemFacade:0, Cable Facade - Birch Wood Planks
appliedenergistics2:item.ItemFacade:0, Cable Facade - Jungle Wood Planks
appliedenergistics2:item.ItemFacade:0, Cable Facade - Acacia Wood Planks
appliedenergistics2:item.ItemFacade:0, Cable Facade - Dark Oak Wood Planks
appliedenergistics2:item.ItemFacade:0, Cable Facade - Bedrock
appliedenergistics2:item.ItemFacade:0, Cable Facade - Sand
appliedenergistics2:item.ItemFacade:0, Cable Facade - Red Sand
appliedenergistics2:item.ItemFacade:0, Cable Facade - Gravel
appliedenergistics2:item.ItemFacade:0, Cable Facade - Gold Ore
appliedenergistics2:item.ItemFacade:0, Cable Facade - Iron Ore
appliedenergistics2:item.ItemFacade:0, Cable Facade - Coal Ore
appliedenergistics2:item.ItemFacade:0, Cable Facade - Oak Wood
appliedenergistics2:item.ItemFacade:0, Cable Facade - Spruce Wood
appliedenergistics2:item.ItemFacade:0, Cable Facade - Birch Wood
appliedenergistics2:item.ItemFacade:0, Cable Facade - Jungle Wood
appliedenergistics2:item.ItemFacade:0, Cable Facade - Sponge
appliedenergistics2:item.ItemFacade:0, Cable Facade - Glass
appliedenergistics2:item.ItemFacade:0, Cable Facade - Lapis Lazuli Ore
appliedenergistics2:item.ItemFacade:0, Cable Facade - Lapis Lazuli Block
appliedenergistics2:item.ItemFacade:0, Cable Facade - Sandstone
appliedenergistics2:item.ItemFacade:0, Cable Facade - Chiseled Sandstone
appliedenergistics2:item.ItemFacade:0, Cable Facade - Smooth Sandstone
appliedenergistics2:item.ItemFacade:0, Cable Facade - Wool
appliedenergistics2:item.ItemFacade:0, Cable Facade - Orange Wool
appliedenergistics2:item.ItemFacade:0, Cable Facade - Magenta Wool
appliedenergistics2:item.ItemFacade:0, Cable Facade - Light Blue Wool
appliedenergistics2:item.ItemFacade:0, Cable Facade - Yellow Wool
appliedenergistics2:item.ItemFacade:0, Cable Facade - Lime Wool
appliedenergistics2:item.ItemFacade:0, Cable Facade - Pink Wool
appliedenergistics2:item.ItemFacade:0, Cable Facade - Gray Wool
appliedenergistics2:item.ItemFacade:0, Cable Facade - Light Gray Wool
appliedenergistics2:item.ItemFacade:0, Cable Facade - Cyan Wool
appliedenergistics2:item.ItemFacade:0, Cable Facade - Purple Wool
appliedenergistics2:item.ItemFacade:0, Cable Facade - Blue Wool
appliedenergistics2:item.ItemFacade:0, Cable Facade - Brown Wool
appliedenergistics2:item.ItemFacade:0, Cable Facade - Green Wool
appliedenergistics2:item.ItemFacade:0, Cable Facade - Red Wool
appliedenergistics2:item.ItemFacade:0, Cable Facade - Black Wool
appliedenergistics2:item.ItemFacade:0, Cable Facade - Block of Gold
appliedenergistics2:item.ItemFacade:0, Cable Facade - Block of Iron
appliedenergistics2:item.ItemFacade:0, Cable Facade - Bricks
appliedenergistics2:item.ItemFacade:0, Cable Facade - TNT
appliedenergistics2:item.ItemFacade:0, Cable Facade - Bookshelf
appliedenergistics2:item.ItemFacade:0, Cable Facade - Moss Stone
appliedenergistics2:item.ItemFacade:0, Cable Facade - Obsidian
appliedenergistics2:item.ItemFacade:0, Cable Facade - Diamond Ore
appliedenergistics2:item.ItemFacade:0, Cable Facade - Block of Diamond
appliedenergistics2:item.ItemFacade:0, Cable Facade - Crafting Table
appliedenergistics2:item.ItemFacade:0, Cable Facade - Redstone Ore
appliedenergistics2:item.ItemFacade:0, Cable Facade - Clay
appliedenergistics2:item.ItemFacade:0, Cable Facade - Netherrack
appliedenergistics2:item.ItemFacade:0, Cable Facade - Soul Sand
appliedenergistics2:item.ItemFacade:0, Cable Facade - Glowstone
appliedenergistics2:item.ItemFacade:0, Cable Facade - White Stained Glass
appliedenergistics2:item.ItemFacade:0, Cable Facade - Orange Stained Glass
appliedenergistics2:item.ItemFacade:0, Cable Facade - Magenta Stained Glass
appliedenergistics2:item.ItemFacade:0, Cable Facade - Light Blue Stained Glass
appliedenergistics2:item.ItemFacade:0, Cable Facade - Yellow Stained Glass
appliedenergistics2:item.ItemFacade:0, Cable Facade - Lime Stained Glass
appliedenergistics2:item.ItemFacade:0, Cable Facade - Pink Stained Glass
appliedenergistics2:item.ItemFacade:0, Cable Facade - Gray Stained Glass
appliedenergistics2:item.ItemFacade:0, Cable Facade - Light Gray Stained Glass
appliedenergistics2:item.ItemFacade:0, Cable Facade - Cyan Stained Glass
appliedenergistics2:item.ItemFacade:0, Cable Facade - Purple Stained Glass
appliedenergistics2:item.ItemFacade:0, Cable Facade - Blue Stained Glass
appliedenergistics2:item.ItemFacade:0, Cable Facade - Brown Stained Glass
appliedenergistics2:item.ItemFacade:0, Cable Facade - Green Stained Glass
appliedenergistics2:item.ItemFacade:0, Cable Facade - Red Stained Glass
appliedenergistics2:item.ItemFacade:0, Cable Facade - Black Stained Glass
appliedenergistics2:item.ItemFacade:0, Cable Facade - Stone Monster Egg
appliedenergistics2:item.ItemFacade:0, Cable Facade - Cobblestone Monster Egg
appliedenergistics2:item.ItemFacade:0, Cable Facade - Stone Brick Monster Egg
appliedenergistics2:item.ItemFacade:0, Cable Facade - Mossy Stone Brick Monster Egg
appliedenergistics2:item.ItemFacade:0, Cable Facade - Cracked Stone Brick Monster Egg
appliedenergistics2:item.ItemFacade:0, Cable Facade - Chiseled Stone Brick Monster Egg
appliedenergistics2:item.ItemFacade:0, Cable Facade - Stone Bricks
appliedenergistics2:item.ItemFacade:0, Cable Facade - Mossy Stone Bricks
appliedenergistics2:item.ItemFacade:0, Cable Facade - Cracked Stone Bricks
appliedenergistics2:item.ItemFacade:0, Cable Facade - Chiseled Stone Bricks
appliedenergistics2:item.ItemFacade:0, Cable Facade - Mushroom
appliedenergistics2:item.ItemFacade:0, Cable Facade - Mushroom
appliedenergistics2:item.ItemFacade:0, Cable Facade - Melon
appliedenergistics2:item.ItemFacade:0, Cable Facade - Nether Brick
appliedenergistics2:item.ItemFacade:0, Cable Facade - End Stone
appliedenergistics2:item.ItemFacade:0, Cable Facade - Redstone Lamp
appliedenergistics2:item.ItemFacade:0, Cable Facade - Emerald Ore
appliedenergistics2:item.ItemFacade:0, Cable Facade - Block of Emerald
appliedenergistics2:item.ItemFacade:0, Cable Facade - Block of Redstone
appliedenergistics2:item.ItemFacade:0, Cable Facade - Nether Quartz Ore
appliedenergistics2:item.ItemFacade:0, Cable Facade - Block of Quartz
appliedenergistics2:item.ItemFacade:0, Cable Facade - Chiseled Quartz Block
appliedenergistics2:item.ItemFacade:0, Cable Facade - Pillar Quartz Block
appliedenergistics2:item.ItemFacade:0, Cable Facade - White Stained Clay
appliedenergistics2:item.ItemFacade:0, Cable Facade - Orange Stained Clay
appliedenergistics2:item.ItemFacade:0, Cable Facade - Magenta Stained Clay
appliedenergistics2:item.ItemFacade:0, Cable Facade - Light Blue Stained Clay
appliedenergistics2:item.ItemFacade:0, Cable Facade - Yellow Stained Clay
appliedenergistics2:item.ItemFacade:0, Cable Facade - Lime Stained Clay
appliedenergistics2:item.ItemFacade:0, Cable Facade - Pink Stained Clay
appliedenergistics2:item.ItemFacade:0, Cable Facade - Gray Stained Clay
appliedenergistics2:item.ItemFacade:0, Cable Facade - Light Gray Stained Clay
appliedenergistics2:item.ItemFacade:0, Cable Facade - Cyan Stained Clay
appliedenergistics2:item.ItemFacade:0, Cable Facade - Purple Stained Clay
appliedenergistics2:item.ItemFacade:0, Cable Facade - Blue Stained Clay
appliedenergistics2:item.ItemFacade:0, Cable Facade - Brown Stained Clay
appliedenergistics2:item.ItemFacade:0, Cable Facade - Green Stained Clay
appliedenergistics2:item.ItemFacade:0, Cable Facade - Red Stained Clay
appliedenergistics2:item.ItemFacade:0, Cable Facade - Black Stained Clay
appliedenergistics2:item.ItemFacade:0, Cable Facade - Acacia Wood
appliedenergistics2:item.ItemFacade:0, Cable Facade - Dark Oak Wood
appliedenergistics2:item.ItemFacade:0, Cable Facade - Certus Quartz Block
appliedenergistics2:item.ItemFacade:0, Cable Facade - Certus Quartz Pillar
appliedenergistics2:item.ItemFacade:0, Cable Facade - Hay Bale
appliedenergistics2:item.ItemFacade:0, Cable Facade - Hardened Clay
appliedenergistics2:item.ItemFacade:0, Cable Facade - Block of Coal
appliedenergistics2:item.ItemFacade:0, Cable Facade - Packed Ice
appliedenergistics2:item.ItemFacade:0, Cable Facade - Chiseled Certus Quartz Block
appliedenergistics2:item.ItemFacade:0, Cable Facade - Fluix Block
appliedenergistics2:item.ItemFacade:0, Cable Facade - Sky Stone
appliedenergistics2:item.ItemFacade:0, Cable Facade - Sky Stone Block
appliedenergistics2:item.ItemFacade:0, Cable Facade - Sky Stone Brick
appliedenergistics2:item.ItemFacade:0, Cable Facade - Sky Stone Small Brick
appliedenergistics2:item.ItemFacade:0, Cable Facade - Sky Stone Slabs
appliedenergistics2:item.ItemFacade:0, Cable Facade - Sky Stone Block Slabs
appliedenergistics2:item.ItemFacade:0, Cable Facade - Sky Stone Brick Slabs
appliedenergistics2:item.ItemFacade:0, Cable Facade - Sky Stone Small Brick Slabs
appliedenergistics2:item.ItemFacade:0, Cable Facade - Fluix Slabs
appliedenergistics2:item.ItemFacade:0, Cable Facade - Certus Quartz Slabs
appliedenergistics2:item.ItemFacade:0, Cable Facade - Chiseled Certus Quartz Slabs
appliedenergistics2:item.ItemFacade:0, Cable Facade - Certus Quartz Pillar Slabs
appliedenergistics2:item.ItemFacade:0, Cable Facade - Factory Machine Block
appliedenergistics2:item.ItemFacade:0, Cable Facade - Rubber Wood
appliedenergistics2:item.ItemFacade:0, Cable Facade - Rubber Wood
appliedenergistics2:item.ItemFacade:0, Cable Facade - Stained Glass (White)
appliedenergistics2:item.ItemFacade:0, Cable Facade - Road
appliedenergistics2:item.ItemFacade:0, Cable Facade - Block of Plastic
appliedenergistics2:item.ItemFacade:0, Cable Facade - Ice Bricks
appliedenergistics2:item.ItemFacade:0, Cable Facade - Smooth Blackstone
appliedenergistics2:item.ItemFacade:0, Cable Facade - Greatwood Log
appliedenergistics2:item.ItemFacade:0, Cable Facade - Silverwood Log
appliedenergistics2:item.ItemFacade:0, Cable Facade - Blood Rune
appliedenergistics2:item.ItemFacade:0, Cable Facade - Rune of Augmented Capacity
appliedenergistics2:item.ItemFacade:0, Cable Facade - Rune of Dislocation
appliedenergistics2:item.ItemFacade:0, Cable Facade - Rune of the Orb
appliedenergistics2:item.ItemFacade:0, Cable Facade - Rune of Superior Capacity
appliedenergistics2:item.ItemFacade:0, Cable Facade - Rune of Acceleration
appliedenergistics2:item.ItemFacade:0, Cable Facade - Speed Rune
appliedenergistics2:item.ItemFacade:0, Cable Facade - Efficiency Rune
appliedenergistics2:item.ItemFacade:0, Cable Facade - Rune of Sacrifice
appliedenergistics2:item.ItemFacade:0, Cable Facade - Rune of Self-Sacrifice
appliedenergistics2:item.ItemFacade:0, Cable Facade - Ritual Stone
appliedenergistics2:item.ItemFacade:0, Cable Facade - Imperfect Ritual Stone
appliedenergistics2:item.ItemFacade:0, Cable Facade - Soul Armour Forge
appliedenergistics2:item.ItemFacade:0, Cable Facade - Bloodstone Brick
appliedenergistics2:item.ItemFacade:0, Cable Facade - Large Bloodstone Brick
appliedenergistics2:item.ItemFacade:0, Cable Facade - Crystal Cluster
appliedenergistics2:item.ItemFacade:0, Cable Facade - Crystal Cluster Brick
appliedenergistics2:item.ItemFacade:0, Cable Facade - Glyph of the Adept Enchanter
appliedenergistics2:item.ItemFacade:0, Cable Facade - Glyph of Arcane Potential
appliedenergistics2:item.ItemFacade:0, Cable Facade - Glyph of Rigid Stability
appliedenergistics2:item.ItemFacade:0, Cable Facade - tile.buildToolBlock.name
appliedenergistics2:item.ItemFacade:0, Cable Facade - Copper Ore
appliedenergistics2:item.ItemFacade:0, Cable Facade - Tin Ore
appliedenergistics2:item.ItemFacade:0, Cable Facade - Uranium Ore
appliedenergistics2:item.ItemFacade:0, Cable Facade - Lead Ore
appliedenergistics2:item.ItemFacade:0, Cable Facade - Reinforced Stone
appliedenergistics2:item.ItemFacade:0, Cable Facade - Basalt
appliedenergistics2:item.ItemFacade:0, Cable Facade - Copper Block
appliedenergistics2:item.ItemFacade:0, Cable Facade - Tin Block
appliedenergistics2:item.ItemFacade:0, Cable Facade - Bronze Block
appliedenergistics2:item.ItemFacade:0, Cable Facade - Uranium Block
appliedenergistics2:item.ItemFacade:0, Cable Facade - Lead Block
appliedenergistics2:item.ItemFacade:0, Cable Facade - Refined Iron Block
appliedenergistics2:item.ItemFacade:0, Cable Facade - Industrial TNT
appliedenergistics2:item.ItemFacade:0, Cable Facade - Block of Coal Coke
appliedenergistics2:item.ItemFacade:0, Cable Facade - Block of Copper
appliedenergistics2:item.ItemFacade:0, Cable Facade - Block of Tin
appliedenergistics2:item.ItemFacade:0, Cable Facade - Block of Lead
appliedenergistics2:item.ItemFacade:0, Cable Facade - Block of Steel
appliedenergistics2:item.ItemFacade:0, Cable Facade - Block of Concrete
appliedenergistics2:item.ItemFacade:0, Cable Facade - Creosote Wood Block
appliedenergistics2:item.ItemFacade:0, Cable Facade - Crushed Obsidian
appliedenergistics2:item.ItemFacade:0, Cable Facade - Abyssal Stone
appliedenergistics2:item.ItemFacade:0, Cable Facade - Quarried Stone
appliedenergistics2:item.ItemFacade:0, Cable Facade - Abyssal Brick
appliedenergistics2:item.ItemFacade:0, Cable Facade - Fitted Abyssal Stone
appliedenergistics2:item.ItemFacade:0, Cable Facade - Abyssal Block
appliedenergistics2:item.ItemFacade:0, Cable Facade - Ornate Abyssal Stone
appliedenergistics2:item.ItemFacade:0, Cable Facade - Etched Abyssal Stone
appliedenergistics2:item.ItemFacade:0, Cable Facade - Abyssal Cobblestone
appliedenergistics2:item.ItemFacade:0, Cable Facade - Bleached Bone Brick
appliedenergistics2:item.ItemFacade:0, Cable Facade - Fitted Bleached Bone Stone
appliedenergistics2:item.ItemFacade:0, Cable Facade - Bleached Bone Block
appliedenergistics2:item.ItemFacade:0, Cable Facade - Ornate Bleached Bone Stone
appliedenergistics2:item.ItemFacade:0, Cable Facade - Etched Bleached Bone Stone
appliedenergistics2:item.ItemFacade:0, Cable Facade - Bleached Bone Cobblestone
appliedenergistics2:item.ItemFacade:0, Cable Facade - Blood Stained Brick
appliedenergistics2:item.ItemFacade:0, Cable Facade - Fitted Blood Stained Stone
appliedenergistics2:item.ItemFacade:0, Cable Facade - Blood Stained Block
appliedenergistics2:item.ItemFacade:0, Cable Facade - Ornate Blood Stained Stone
appliedenergistics2:item.ItemFacade:0, Cable Facade - Etched Blood Stained Stone
appliedenergistics2:item.ItemFacade:0, Cable Facade - Blood Stained Cobblestone
appliedenergistics2:item.ItemFacade:0, Cable Facade - Frost Bound Brick
appliedenergistics2:item.ItemFacade:0, Cable Facade - Fitted Frost Bound Stone
appliedenergistics2:item.ItemFacade:0, Cable Facade - Frost Bound Block
appliedenergistics2:item.ItemFacade:0, Cable Facade - Ornate Frost Bound Stone
appliedenergistics2:item.ItemFacade:0, Cable Facade - Etched Frost Bound Stone
appliedenergistics2:item.ItemFacade:0, Cable Facade - Frost Bound Cobblestone
appliedenergistics2:item.ItemFacade:0, Cable Facade - Infernal Brick
appliedenergistics2:item.ItemFacade:0, Cable Facade - Fitted Infernal Stone
appliedenergistics2:item.ItemFacade:0, Cable Facade - Infernal Block
appliedenergistics2:item.ItemFacade:0, Cable Facade - Ornate Infernal Stone
appliedenergistics2:item.ItemFacade:0, Cable Facade - Etched Infernal Stone
appliedenergistics2:item.ItemFacade:0, Cable Facade - Infernal Cobblestone
appliedenergistics2:item.ItemFacade:0, Cable Facade - Quarried Brick
appliedenergistics2:item.ItemFacade:0, Cable Facade - Fitted Quarried Stone
appliedenergistics2:item.ItemFacade:0, Cable Facade - Quarried Block
appliedenergistics2:item.ItemFacade:0, Cable Facade - Ornate Quarried Stone
appliedenergistics2:item.ItemFacade:0, Cable Facade - Etched Quarried Stone
appliedenergistics2:item.ItemFacade:0, Cable Facade - Quarried Cobblestone
appliedenergistics2:item.ItemFacade:0, Cable Facade - Sandy Brick
appliedenergistics2:item.ItemFacade:0, Cable Facade - Fitted Sandy Stone
appliedenergistics2:item.ItemFacade:0, Cable Facade - Sandy Block
appliedenergistics2:item.ItemFacade:0, Cable Facade - Ornate Sandy Stone
appliedenergistics2:item.ItemFacade:0, Cable Facade - Etched Sandy Stone
appliedenergistics2:item.ItemFacade:0, Cable Facade - Sandy Cobblestone
appliedenergistics2:item.ItemFacade:0, Cable Facade - Nether Brick
appliedenergistics2:item.ItemFacade:0, Cable Facade - Fitted Nether Stone
appliedenergistics2:item.ItemFacade:0, Cable Facade - Nether Block
appliedenergistics2:item.ItemFacade:0, Cable Facade - Ornate Nether Stone
appliedenergistics2:item.ItemFacade:0, Cable Facade - Etched Nether Stone
appliedenergistics2:item.ItemFacade:0, Cable Facade - Nether Cobblestone
appliedenergistics2:item.ItemFacade:0, Cable Facade - Strengthened Glass
appliedenergistics2:item.ItemFacade:0, Cable Facade - Strengthened Glass
appliedenergistics2:item.ItemFacade:0, Cable Facade - Strengthened Glass
appliedenergistics2:item.ItemFacade:0, Cable Facade - Strengthened Glass
appliedenergistics2:item.ItemFacade:0, Cable Facade - Strengthened Glass
appliedenergistics2:item.ItemFacade:0, Cable Facade - Strengthened Glass
appliedenergistics2:item.ItemFacade:0, Cable Facade - Strengthened Glass
appliedenergistics2:item.ItemFacade:0, Cable Facade - Strengthened Glass
appliedenergistics2:item.ItemFacade:0, Cable Facade - Strengthened Glass
appliedenergistics2:item.ItemFacade:0, Cable Facade - Strengthened Glass
appliedenergistics2:item.ItemFacade:0, Cable Facade - Strengthened Glass
appliedenergistics2:item.ItemFacade:0, Cable Facade - Strengthened Glass
appliedenergistics2:item.ItemFacade:0, Cable Facade - Strengthened Glass
appliedenergistics2:item.ItemFacade:0, Cable Facade - Strengthened Glass
appliedenergistics2:item.ItemFacade:0, Cable Facade - Strengthened Glass
appliedenergistics2:item.ItemFacade:0, Cable Facade - Strengthened Glass
appliedenergistics2:item.ItemFacade:0, Cable Facade - Sulfur Ore
appliedenergistics2:item.ItemFacade:0, Cable Facade - Saltpeter Ore
appliedenergistics2:item.ItemFacade:0, Cable Facade - Dark Diamond Ore
appliedenergistics2:item.ItemFacade:0, Cable Facade - Dark Emerald Ore
appliedenergistics2:item.ItemFacade:0, Cable Facade - Dark Lapis Lazuli Ore
appliedenergistics2:item.ItemFacade:0, Cable Facade - Firestone Ore
appliedenergistics2:item.ItemFacade:0, Cable Facade - Poor Iron Ore
appliedenergistics2:item.ItemFacade:0, Cable Facade - Poor Gold Ore
appliedenergistics2:item.ItemFacade:0, Cable Facade - Poor Copper Ore
appliedenergistics2:item.ItemFacade:0, Cable Facade - Poor Tin Ore
appliedenergistics2:item.ItemFacade:0, Cable Facade - Poor Lead Ore
appliedenergistics2:item.ItemFacade:0, Cable Facade - Twilight Oak Wood
appliedenergistics2:item.ItemFacade:0, Cable Facade - Canopy Tree Wood
appliedenergistics2:item.ItemFacade:0, Cable Facade - Mangrove Wood
appliedenergistics2:item.ItemFacade:0, Cable Facade - Darkwood Wood
appliedenergistics2:item.ItemFacade:0, Cable Facade - Roots
appliedenergistics2:item.ItemFacade:0, Cable Facade - Liveroots
appliedenergistics2:item.ItemFacade:0, Cable Facade - Mazestone
appliedenergistics2:item.ItemFacade:0, Cable Facade - Mazestone Brick
appliedenergistics2:item.ItemFacade:0, Cable Facade - Chiseled Mazestone
appliedenergistics2:item.ItemFacade:0, Cable Facade - Decorative Mazestone Brick
appliedenergistics2:item.ItemFacade:0, Cable Facade - Cracked Mazestone Brick
appliedenergistics2:item.ItemFacade:0, Cable Facade - Mossy Mazestone Brick
appliedenergistics2:item.ItemFacade:0, Cable Facade - Mazestone Mosaic
appliedenergistics2:item.ItemFacade:0, Cable Facade - Mazestone Border
appliedenergistics2:item.ItemFacade:0, Cable Facade - Hedge
appliedenergistics2:item.ItemFacade:0, Cable Facade - Uncrafting Table
appliedenergistics2:item.ItemFacade:0, Cable Facade - Nagastone Head
appliedenergistics2:item.ItemFacade:0, Cable Facade - Nagastone
appliedenergistics2:item.ItemFacade:0, Cable Facade - Timewood
appliedenergistics2:item.ItemFacade:0, Cable Facade - Transwood
appliedenergistics2:item.ItemFacade:0, Cable Facade - Minewood
appliedenergistics2:item.ItemFacade:0, Cable Facade - Sortingwood
appliedenergistics2:item.ItemFacade:0, Cable Facade - Timewood Clock
appliedenergistics2:item.ItemFacade:0, Cable Facade - Heart of Transformation
appliedenergistics2:item.ItemFacade:0, Cable Facade - Minewood Core
appliedenergistics2:item.ItemFacade:0, Cable Facade - Sortingwood Engine
appliedenergistics2:item.ItemFacade:0, Cable Facade - Towerwood Planks
appliedenergistics2:item.ItemFacade:0, Cable Facade - Encased Towerwood
appliedenergistics2:item.ItemFacade:0, Cable Facade - Cracked Towerwood
appliedenergistics2:item.ItemFacade:0, Cable Facade - Mossy Towerwood
appliedenergistics2:item.ItemFacade:0, Cable Facade - Infested Towerwood
appliedenergistics2:item.ItemFacade:0, Cable Facade - Reappearing Block
appliedenergistics2:item.ItemFacade:0, Cable Facade - Vanishing Block
appliedenergistics2:item.ItemFacade:0, Cable Facade - Locked Vanishing Block
appliedenergistics2:item.ItemFacade:0, Cable Facade - Unlocked Vanishing Block
appliedenergistics2:item.ItemFacade:0, Cable Facade - Carminite Builder
appliedenergistics2:item.ItemFacade:0, Cable Facade - Carminite Reactor
appliedenergistics2:item.ItemFacade:0, Cable Facade - Stronghold Shield
appliedenergistics2:item.ItemFacade:0, Cable Facade - Aurora Block
appliedenergistics2:item.ItemFacade:0, Cable Facade - Underbrick
appliedenergistics2:item.ItemFacade:0, Cable Facade - Mossy Underbrick
appliedenergistics2:item.ItemFacade:0, Cable Facade - Cracked Underbrick
appliedenergistics2:item.ItemFacade:0, Cable Facade - Weathered Deadrock
appliedenergistics2:item.ItemFacade:0, Cable Facade - Cracked Deadrock
appliedenergistics2:item.ItemFacade:0, Cable Facade - Deadrock
appliedenergistics2:item.ItemFacade:0, Cable Facade - Darkwood Leaves
appliedenergistics2:item.ItemFacade:0, Cable Facade - Aurora Pillar
appliedenergistics2:item.ItemFacade:0, Cable Facade - Aurora Slab
appliedenergistics2:item.ItemFacade:0, Cable Facade - Trollsteinn
appliedenergistics2:item.ItemFacade:0, Cable Facade - Fluffy Cloud
appliedenergistics2:item.ItemFacade:0, Cable Facade - Giant Cobblestone
appliedenergistics2:item.ItemFacade:0, Cable Facade - Giant Log
appliedenergistics2:item.ItemFacade:0, Cable Facade - Giant Obsidian
appliedenergistics2:item.ItemFacade:0, Cable Facade - Huge Stalk
appliedenergistics2:item.ItemFacade:0, Cable Facade - Huge Mushgloom
appliedenergistics2:item.ItemFacade:0, Cable Facade - Castle Brick
appliedenergistics2:item.ItemFacade:0, Cable Facade - Worn Castle Brick
appliedenergistics2:item.ItemFacade:0, Cable Facade - Cracked Castle Brick
appliedenergistics2:item.ItemFacade:0, Cable Facade - Castle Roof Tile
appliedenergistics2:item.ItemFacade:0, Cable Facade - Blue Castle Rune Brick
appliedenergistics2:item.ItemFacade:0, Cable Facade - Yellow Castle Rune Brick
appliedenergistics2:item.ItemFacade:0, Cable Facade - Pink Castle Rune Brick
appliedenergistics2:item.ItemFacade:0, Cable Facade - Violet Castle Rune Brick
appliedenergistics2:item.ItemFacade:0, Cable Facade - Cinder Log [NYI]
appliedenergistics2:item.ItemFacade:0, Cable Facade - Blue Castle Door
appliedenergistics2:item.ItemFacade:0, Cable Facade - Twilight Oak Planks
appliedenergistics2:item.ItemFacade:0, Cable Facade - Canopy Planks
appliedenergistics2:item.ItemFacade:0, Cable Facade - Mangrove Planks
appliedenergistics2:item.ItemFacade:0, Cable Facade - Darkwood Planks
appliedenergistics2:item.ItemFacade:0, Cable Facade - Timewood Planks
appliedenergistics2:item.ItemFacade:0, Cable Facade - Transwood Planks
appliedenergistics2:item.ItemFacade:0, Cable Facade - Minewood Planks
appliedenergistics2:item.ItemFacade:0, Cable Facade - Sortingwood Planks
appliedenergistics2:item.ItemFacade:0, Cable Facade - Block of Aluminum
appliedenergistics2:item.ItemFacade:0, Cable Facade - Block of Aluminum
appliedenergistics2:item.ItemFacade:0, Cable Facade - Block of Aluminum
appliedenergistics2:item.ItemFacade:0, Cable Facade - Block of Aluminum
appliedenergistics2:item.ItemFacade:0, Cable Facade - Block of Aluminum
appliedenergistics2:item.ItemFacade:0, Cable Facade - Block of Aluminum
appliedenergistics2:item.ItemFacade:0, Cable Facade - Andesite
appliedenergistics2:item.ItemFacade:0, Cable Facade - Andesite
appliedenergistics2:item.ItemFacade:0, Cable Facade - Andesite
appliedenergistics2:item.ItemFacade:0, Cable Facade - Andesite
appliedenergistics2:item.ItemFacade:0, Cable Facade - Andesite
appliedenergistics2:item.ItemFacade:0, Cable Facade - Andesite
appliedenergistics2:item.ItemFacade:0, Cable Facade - Andesite
appliedenergistics2:item.ItemFacade:0, Cable Facade - Anti Block
appliedenergistics2:item.ItemFacade:0, Cable Facade - Anti Block
appliedenergistics2:item.ItemFacade:0, Cable Facade - Anti Block
appliedenergistics2:item.ItemFacade:0, Cable Facade - Anti Block
appliedenergistics2:item.ItemFacade:0, Cable Facade - Anti Block
appliedenergistics2:item.ItemFacade:0, Cable Facade - Anti Block
appliedenergistics2:item.ItemFacade:0, Cable Facade - Anti Block
appliedenergistics2:item.ItemFacade:0, Cable Facade - Anti Block
appliedenergistics2:item.ItemFacade:0, Cable Facade - Anti Block
appliedenergistics2:item.ItemFacade:0, Cable Facade - Anti Block
appliedenergistics2:item.ItemFacade:0, Cable Facade - Anti Block
appliedenergistics2:item.ItemFacade:0, Cable Facade - Anti Block
appliedenergistics2:item.ItemFacade:0, Cable Facade - Anti Block
appliedenergistics2:item.ItemFacade:0, Cable Facade - Anti Block
appliedenergistics2:item.ItemFacade:0, Cable Facade - Anti Block
appliedenergistics2:item.ItemFacade:0, Cable Facade - Anti Block
appliedenergistics2:item.ItemFacade:0, Cable Facade - Arcane Stone Block
appliedenergistics2:item.ItemFacade:0, Cable Facade - Arcane Stone Block
appliedenergistics2:item.ItemFacade:0, Cable Facade - Arcane Stone Block
appliedenergistics2:item.ItemFacade:0, Cable Facade - Arcane Stone Block
appliedenergistics2:item.ItemFacade:0, Cable Facade - Arcane Stone Block
appliedenergistics2:item.ItemFacade:0, Cable Facade - Arcane Stone Block
appliedenergistics2:item.ItemFacade:0, Cable Facade - Arcane Stone Block
appliedenergistics2:item.ItemFacade:0, Cable Facade - Arcane Stone Block
appliedenergistics2:item.ItemFacade:0, Cable Facade - Arcane Stone Block
appliedenergistics2:item.ItemFacade:0, Cable Facade - Arcane Stone Block
appliedenergistics2:item.ItemFacade:0, Cable Facade - Arcane Stone Block
appliedenergistics2:item.ItemFacade:0, Cable Facade - Arcane Stone Block
appliedenergistics2:item.ItemFacade:0, Cable Facade - Blood Rune
appliedenergistics2:item.ItemFacade:0, Cable Facade - Blood Rune
appliedenergistics2:item.ItemFacade:0, Cable Facade - Blood Rune
appliedenergistics2:item.ItemFacade:0, Cable Facade - Blood Rune
appliedenergistics2:item.ItemFacade:0, Cable Facade - Blood Rune
appliedenergistics2:item.ItemFacade:0, Cable Facade - Blood Rune
appliedenergistics2:item.ItemFacade:0, Cable Facade - Bookshelf
appliedenergistics2:item.ItemFacade:0, Cable Facade - Bookshelf
appliedenergistics2:item.ItemFacade:0, Cable Facade - Bookshelf
appliedenergistics2:item.ItemFacade:0, Cable Facade - Bookshelf
appliedenergistics2:item.ItemFacade:0, Cable Facade - Bookshelf
appliedenergistics2:item.ItemFacade:0, Cable Facade - Bookshelf
appliedenergistics2:item.ItemFacade:0, Cable Facade - Bookshelf
appliedenergistics2:item.ItemFacade:0, Cable Facade - Bookshelf
appliedenergistics2:item.ItemFacade:0, Cable Facade - Brick Block
appliedenergistics2:item.ItemFacade:0, Cable Facade - Brick Block
appliedenergistics2:item.ItemFacade:0, Cable Facade - Brick Block
appliedenergistics2:item.ItemFacade:0, Cable Facade - Brick Block
appliedenergistics2:item.ItemFacade:0, Cable Facade - Brick Block
appliedenergistics2:item.ItemFacade:0, Cable Facade - Block of Bronze
appliedenergistics2:item.ItemFacade:0, Cable Facade - Block of Bronze
appliedenergistics2:item.ItemFacade:0, Cable Facade - Block of Bronze
appliedenergistics2:item.ItemFacade:0, Cable Facade - Block of Bronze
appliedenergistics2:item.ItemFacade:0, Cable Facade - Block of Bronze
appliedenergistics2:item.ItemFacade:0, Cable Facade - Block of Bronze
appliedenergistics2:item.ItemFacade:0, Cable Facade - Carpet
appliedenergistics2:item.ItemFacade:0, Cable Facade - Carpet
appliedenergistics2:item.ItemFacade:0, Cable Facade - Carpet
appliedenergistics2:item.ItemFacade:0, Cable Facade - Carpet
appliedenergistics2:item.ItemFacade:0, Cable Facade - Carpet
appliedenergistics2:item.ItemFacade:0, Cable Facade - Carpet
appliedenergistics2:item.ItemFacade:0, Cable Facade - Carpet
appliedenergistics2:item.ItemFacade:0, Cable Facade - Carpet
appliedenergistics2:item.ItemFacade:0, Cable Facade - Carpet
appliedenergistics2:item.ItemFacade:0, Cable Facade - Carpet
appliedenergistics2:item.ItemFacade:0, Cable Facade - Carpet
appliedenergistics2:item.ItemFacade:0, Cable Facade - Carpet
appliedenergistics2:item.ItemFacade:0, Cable Facade - Carpet
appliedenergistics2:item.ItemFacade:0, Cable Facade - Carpet
appliedenergistics2:item.ItemFacade:0, Cable Facade - Carpet
appliedenergistics2:item.ItemFacade:0, Cable Facade - Carpet
appliedenergistics2:item.ItemFacade:0, Cable Facade - Cobblestone
appliedenergistics2:item.ItemFacade:0, Cable Facade - Cobblestone
appliedenergistics2:item.ItemFacade:0, Cable Facade - Cobblestone
appliedenergistics2:item.ItemFacade:0, Cable Facade - Cobblestone
appliedenergistics2:item.ItemFacade:0, Cable Facade - Cobblestone
appliedenergistics2:item.ItemFacade:0, Cable Facade - Cobblestone
appliedenergistics2:item.ItemFacade:0, Cable Facade - Cobblestone
appliedenergistics2:item.ItemFacade:0, Cable Facade - Cobblestone
appliedenergistics2:item.ItemFacade:0, Cable Facade - Cobblestone
appliedenergistics2:item.ItemFacade:0, Cable Facade - Cobblestone
appliedenergistics2:item.ItemFacade:0, Cable Facade - Cobblestone
appliedenergistics2:item.ItemFacade:0, Cable Facade - Cobblestone
appliedenergistics2:item.ItemFacade:0, Cable Facade - Cobblestone
appliedenergistics2:item.ItemFacade:0, Cable Facade - Cobblestone
appliedenergistics2:item.ItemFacade:0, Cable Facade - Cobblestone
appliedenergistics2:item.ItemFacade:0, Cable Facade - Mossy Cobblestone
appliedenergistics2:item.ItemFacade:0, Cable Facade - Mossy Cobblestone
appliedenergistics2:item.ItemFacade:0, Cable Facade - Mossy Cobblestone
appliedenergistics2:item.ItemFacade:0, Cable Facade - Mossy Cobblestone
appliedenergistics2:item.ItemFacade:0, Cable Facade - Mossy Cobblestone
appliedenergistics2:item.ItemFacade:0, Cable Facade - Mossy Cobblestone
appliedenergistics2:item.ItemFacade:0, Cable Facade - Mossy Cobblestone
appliedenergistics2:item.ItemFacade:0, Cable Facade - Mossy Cobblestone
appliedenergistics2:item.ItemFacade:0, Cable Facade - Mossy Cobblestone
appliedenergistics2:item.ItemFacade:0, Cable Facade - Mossy Cobblestone
appliedenergistics2:item.ItemFacade:0, Cable Facade - Mossy Cobblestone
appliedenergistics2:item.ItemFacade:0, Cable Facade - Mossy Cobblestone
appliedenergistics2:item.ItemFacade:0, Cable Facade - Mossy Cobblestone
appliedenergistics2:item.ItemFacade:0, Cable Facade - Mossy Cobblestone
appliedenergistics2:item.ItemFacade:0, Cable Facade - Mossy Cobblestone
appliedenergistics2:item.ItemFacade:0, Cable Facade - Concrete
appliedenergistics2:item.ItemFacade:0, Cable Facade - Concrete
appliedenergistics2:item.ItemFacade:0, Cable Facade - Concrete
appliedenergistics2:item.ItemFacade:0, Cable Facade - Concrete
appliedenergistics2:item.ItemFacade:0, Cable Facade - Concrete
appliedenergistics2:item.ItemFacade:0, Cable Facade - Concrete
appliedenergistics2:item.ItemFacade:0, Cable Facade - Concrete
appliedenergistics2:item.ItemFacade:0, Cable Facade - Concrete
appliedenergistics2:item.ItemFacade:0, Cable Facade - Concrete
appliedenergistics2:item.ItemFacade:0, Cable Facade - Concrete
appliedenergistics2:item.ItemFacade:0, Cable Facade - Concrete
appliedenergistics2:item.ItemFacade:0, Cable Facade - Block of Copper
appliedenergistics2:item.ItemFacade:0, Cable Facade - Block of Copper
appliedenergistics2:item.ItemFacade:0, Cable Facade - Block of Copper
appliedenergistics2:item.ItemFacade:0, Cable Facade - Block of Copper
appliedenergistics2:item.ItemFacade:0, Cable Facade - Block of Copper
appliedenergistics2:item.ItemFacade:0, Cable Facade - Block of Copper
appliedenergistics2:item.ItemFacade:0, Cable Facade - Diamond Block
appliedenergistics2:item.ItemFacade:0, Cable Facade - Diamond Block
appliedenergistics2:item.ItemFacade:0, Cable Facade - Diamond Block
appliedenergistics2:item.ItemFacade:0, Cable Facade - Diamond Block
appliedenergistics2:item.ItemFacade:0, Cable Facade - Diamond Block
appliedenergistics2:item.ItemFacade:0, Cable Facade - Diamond Block
appliedenergistics2:item.ItemFacade:0, Cable Facade - Diamond Block
appliedenergistics2:item.ItemFacade:0, Cable Facade - Diamond Block
appliedenergistics2:item.ItemFacade:0, Cable Facade - Diamond Block
appliedenergistics2:item.ItemFacade:0, Cable Facade - Diamond Block
appliedenergistics2:item.ItemFacade:0, Cable Facade - Diamond Block
appliedenergistics2:item.ItemFacade:0, Cable Facade - Diamond Block
appliedenergistics2:item.ItemFacade:0, Cable Facade - Diorite
appliedenergistics2:item.ItemFacade:0, Cable Facade - Diorite
appliedenergistics2:item.ItemFacade:0, Cable Facade - Diorite
appliedenergistics2:item.ItemFacade:0, Cable Facade - Diorite
appliedenergistics2:item.ItemFacade:0, Cable Facade - Diorite
appliedenergistics2:item.ItemFacade:0, Cable Facade - Diorite
appliedenergistics2:item.ItemFacade:0, Cable Facade - Diorite
appliedenergistics2:item.ItemFacade:0, Cable Facade - Dirt
appliedenergistics2:item.ItemFacade:0, Cable Facade - Dirt
appliedenergistics2:item.ItemFacade:0, Cable Facade - Dirt
appliedenergistics2:item.ItemFacade:0, Cable Facade - Dirt
appliedenergistics2:item.ItemFacade:0, Cable Facade - Dirt
appliedenergistics2:item.ItemFacade:0, Cable Facade - Dirt
appliedenergistics2:item.ItemFacade:0, Cable Facade - Dirt
appliedenergistics2:item.ItemFacade:0, Cable Facade - Dirt
appliedenergistics2:item.ItemFacade:0, Cable Facade - Dirt
appliedenergistics2:item.ItemFacade:0, Cable Facade - Dirt
appliedenergistics2:item.ItemFacade:0, Cable Facade - Dirt
appliedenergistics2:item.ItemFacade:0, Cable Facade - Dirt
appliedenergistics2:item.ItemFacade:0, Cable Facade - Dirt
appliedenergistics2:item.ItemFacade:0, Cable Facade - Dirt
appliedenergistics2:item.ItemFacade:0, Cable Facade - Dirt
appliedenergistics2:item.ItemFacade:0, Cable Facade - Dirt
appliedenergistics2:item.ItemFacade:0, Cable Facade - Emerald Block
appliedenergistics2:item.ItemFacade:0, Cable Facade - Emerald Block
appliedenergistics2:item.ItemFacade:0, Cable Facade - Emerald Block
appliedenergistics2:item.ItemFacade:0, Cable Facade - Emerald Block
appliedenergistics2:item.ItemFacade:0, Cable Facade - Emerald Block
appliedenergistics2:item.ItemFacade:0, Cable Facade - Emerald Block
appliedenergistics2:item.ItemFacade:0, Cable Facade - Emerald Block
appliedenergistics2:item.ItemFacade:0, Cable Facade - Emerald Block
appliedenergistics2:item.ItemFacade:0, Cable Facade - Emerald Block
appliedenergistics2:item.ItemFacade:0, Cable Facade - Emerald Block
appliedenergistics2:item.ItemFacade:0, Cable Facade - Emerald Block
appliedenergistics2:item.ItemFacade:0, Cable Facade - End Stone
appliedenergistics2:item.ItemFacade:0, Cable Facade - End Stone
appliedenergistics2:item.ItemFacade:0, Cable Facade - End Stone
appliedenergistics2:item.ItemFacade:0, Cable Facade - End Stone
appliedenergistics2:item.ItemFacade:0, Cable Facade - End Stone
appliedenergistics2:item.ItemFacade:0, Cable Facade - End Stone
appliedenergistics2:item.ItemFacade:0, Cable Facade - End Stone
appliedenergistics2:item.ItemFacade:0, Cable Facade - End Stone
appliedenergistics2:item.ItemFacade:0, Cable Facade - End Stone
appliedenergistics2:item.ItemFacade:0, Cable Facade - End Stone
appliedenergistics2:item.ItemFacade:0, Cable Facade - End Stone
appliedenergistics2:item.ItemFacade:0, Cable Facade - End Stone
appliedenergistics2:item.ItemFacade:0, Cable Facade - End Stone
appliedenergistics2:item.ItemFacade:0, Cable Facade - End Stone
appliedenergistics2:item.ItemFacade:0, Cable Facade - Factory Block
appliedenergistics2:item.ItemFacade:0, Cable Facade - Factory Block
appliedenergistics2:item.ItemFacade:0, Cable Facade - Factory Block
appliedenergistics2:item.ItemFacade:0, Cable Facade - Factory Block
appliedenergistics2:item.ItemFacade:0, Cable Facade - Factory Block
appliedenergistics2:item.ItemFacade:0, Cable Facade - Factory Block
appliedenergistics2:item.ItemFacade:0, Cable Facade - Factory Block
appliedenergistics2:item.ItemFacade:0, Cable Facade - Factory Block
appliedenergistics2:item.ItemFacade:0, Cable Facade - Factory Block
appliedenergistics2:item.ItemFacade:0, Cable Facade - Factory Block
appliedenergistics2:item.ItemFacade:0, Cable Facade - Factory Block
appliedenergistics2:item.ItemFacade:0, Cable Facade - Factory Block
appliedenergistics2:item.ItemFacade:0, Cable Facade - Factory Block
appliedenergistics2:item.ItemFacade:0, Cable Facade - Factory Block
appliedenergistics2:item.ItemFacade:0, Cable Facade - Factory Block
appliedenergistics2:item.ItemFacade:0, Cable Facade - Factory Block
appliedenergistics2:item.ItemFacade:0, Cable Facade - Factory Block
appliedenergistics2:item.ItemFacade:0, Cable Facade - Factory Block
appliedenergistics2:item.ItemFacade:0, Cable Facade - Factory Block
appliedenergistics2:item.ItemFacade:0, Cable Facade - Factory Block
appliedenergistics2:item.ItemFacade:0, Cable Facade - Purpled Fantasy Block
appliedenergistics2:item.ItemFacade:0, Cable Facade - Purpled Fantasy Block
appliedenergistics2:item.ItemFacade:0, Cable Facade - Purpled Fantasy Block
appliedenergistics2:item.ItemFacade:0, Cable Facade - Purpled Fantasy Block
appliedenergistics2:item.ItemFacade:0, Cable Facade - Purpled Fantasy Block
appliedenergistics2:item.ItemFacade:0, Cable Facade - Purpled Fantasy Block
appliedenergistics2:item.ItemFacade:0, Cable Facade - Purpled Fantasy Block
appliedenergistics2:item.ItemFacade:0, Cable Facade - Purpled Fantasy Block
appliedenergistics2:item.ItemFacade:0, Cable Facade - Purpled Fantasy Block
appliedenergistics2:item.ItemFacade:0, Cable Facade - Purpled Fantasy Block
appliedenergistics2:item.ItemFacade:0, Cable Facade - Purpled Fantasy Block
appliedenergistics2:item.ItemFacade:0, Cable Facade - Purpled Fantasy Block
appliedenergistics2:item.ItemFacade:0, Cable Facade - Purpled Fantasy Block
appliedenergistics2:item.ItemFacade:0, Cable Facade - Purpled Fantasy Block
appliedenergistics2:item.ItemFacade:0, Cable Facade - Purpled Fantasy Block
appliedenergistics2:item.ItemFacade:0, Cable Facade - Purpled Fantasy Block
appliedenergistics2:item.ItemFacade:0, Cable Facade - Fantasy Block
appliedenergistics2:item.ItemFacade:0, Cable Facade - Fantasy Block
appliedenergistics2:item.ItemFacade:0, Cable Facade - Fantasy Block
appliedenergistics2:item.ItemFacade:0, Cable Facade - Fantasy Block
appliedenergistics2:item.ItemFacade:0, Cable Facade - Fantasy Block
appliedenergistics2:item.ItemFacade:0, Cable Facade - Fantasy Block
appliedenergistics2:item.ItemFacade:0, Cable Facade - Fantasy Block
appliedenergistics2:item.ItemFacade:0, Cable Facade - Fantasy Block
appliedenergistics2:item.ItemFacade:0, Cable Facade - Fantasy Block
appliedenergistics2:item.ItemFacade:0, Cable Facade - Fantasy Block
appliedenergistics2:item.ItemFacade:0, Cable Facade - Fantasy Block
appliedenergistics2:item.ItemFacade:0, Cable Facade - Fantasy Block
appliedenergistics2:item.ItemFacade:0, Cable Facade - Fantasy Block
appliedenergistics2:item.ItemFacade:0, Cable Facade - Fantasy Block
appliedenergistics2:item.ItemFacade:0, Cable Facade - Fantasy Block
appliedenergistics2:item.ItemFacade:0, Cable Facade - Fantasy Block
appliedenergistics2:item.ItemFacade:0, Cable Facade - Futura Block
appliedenergistics2:item.ItemFacade:0, Cable Facade - Futura Block
appliedenergistics2:item.ItemFacade:0, Cable Facade - Futura Block
appliedenergistics2:item.ItemFacade:0, Cable Facade - Futura Block
appliedenergistics2:item.ItemFacade:0, Cable Facade - Futura Block
appliedenergistics2:item.ItemFacade:0, Cable Facade - Futura Block
appliedenergistics2:item.ItemFacade:0, Cable Facade - Futura Circuit
appliedenergistics2:item.ItemFacade:0, Cable Facade - Futura Circuit
appliedenergistics2:item.ItemFacade:0, Cable Facade - Futura Circuit
appliedenergistics2:item.ItemFacade:0, Cable Facade - Futura Circuit
appliedenergistics2:item.ItemFacade:0, Cable Facade - Futura Circuit
appliedenergistics2:item.ItemFacade:0, Cable Facade - Futura Circuit
appliedenergistics2:item.ItemFacade:0, Cable Facade - Futura Circuit
appliedenergistics2:item.ItemFacade:0, Cable Facade - Futura Circuit
appliedenergistics2:item.ItemFacade:0, Cable Facade - Futura Circuit
appliedenergistics2:item.ItemFacade:0, Cable Facade - Futura Circuit
appliedenergistics2:item.ItemFacade:0, Cable Facade - Futura Circuit
appliedenergistics2:item.ItemFacade:0, Cable Facade - Futura Circuit
appliedenergistics2:item.ItemFacade:0, Cable Facade - Futura Circuit
appliedenergistics2:item.ItemFacade:0, Cable Facade - Futura Circuit
appliedenergistics2:item.ItemFacade:0, Cable Facade - Futura Circuit
appliedenergistics2:item.ItemFacade:0, Cable Facade - Futura Circuit
appliedenergistics2:item.ItemFacade:0, Cable Facade - Glass
appliedenergistics2:item.ItemFacade:0, Cable Facade - Glass
appliedenergistics2:item.ItemFacade:0, Cable Facade - Glass
appliedenergistics2:item.ItemFacade:0, Cable Facade - Glass
appliedenergistics2:item.ItemFacade:0, Cable Facade - Glass
appliedenergistics2:item.ItemFacade:0, Cable Facade - Glass
appliedenergistics2:item.ItemFacade:0, Cable Facade - Glass
appliedenergistics2:item.ItemFacade:0, Cable Facade - Glass
appliedenergistics2:item.ItemFacade:0, Cable Facade - Glass
appliedenergistics2:item.ItemFacade:0, Cable Facade - Glass
appliedenergistics2:item.ItemFacade:0, Cable Facade - Glass
appliedenergistics2:item.ItemFacade:0, Cable Facade - Glass
appliedenergistics2:item.ItemFacade:0, Cable Facade - Glass
appliedenergistics2:item.ItemFacade:0, Cable Facade - Glass
appliedenergistics2:item.ItemFacade:0, Cable Facade - Glass
appliedenergistics2:item.ItemFacade:0, Cable Facade - Glass
appliedenergistics2:item.ItemFacade:0, Cable Facade - Stained Glass
appliedenergistics2:item.ItemFacade:0, Cable Facade - Stained Glass
appliedenergistics2:item.ItemFacade:0, Cable Facade - Stained Glass
appliedenergistics2:item.ItemFacade:0, Cable Facade - Stained Glass
appliedenergistics2:item.ItemFacade:0, Cable Facade - Stained Glass
appliedenergistics2:item.ItemFacade:0, Cable Facade - Stained Glass
appliedenergistics2:item.ItemFacade:0, Cable Facade - Stained Glass
appliedenergistics2:item.ItemFacade:0, Cable Facade - Stained Glass
appliedenergistics2:item.ItemFacade:0, Cable Facade - Stained Glass
appliedenergistics2:item.ItemFacade:0, Cable Facade - Stained Glass
appliedenergistics2:item.ItemFacade:0, Cable Facade - Stained Glass
appliedenergistics2:item.ItemFacade:0, Cable Facade - Stained Glass
appliedenergistics2:item.ItemFacade:0, Cable Facade - Stained Glass
appliedenergistics2:item.ItemFacade:0, Cable Facade - Stained Glass
appliedenergistics2:item.ItemFacade:0, Cable Facade - Stained Glass
appliedenergistics2:item.ItemFacade:0, Cable Facade - Stained Glass
appliedenergistics2:item.ItemFacade:0, Cable Facade - Stained Glass
appliedenergistics2:item.ItemFacade:0, Cable Facade - Stained Glass
appliedenergistics2:item.ItemFacade:0, Cable Facade - Stained Glass
appliedenergistics2:item.ItemFacade:0, Cable Facade - Stained Glass
appliedenergistics2:item.ItemFacade:0, Cable Facade - Stained Glass
appliedenergistics2:item.ItemFacade:0, Cable Facade - Stained Glass
appliedenergistics2:item.ItemFacade:0, Cable Facade - Stained Glass
appliedenergistics2:item.ItemFacade:0, Cable Facade - Stained Glass
appliedenergistics2:item.ItemFacade:0, Cable Facade - Stained Glass
appliedenergistics2:item.ItemFacade:0, Cable Facade - Stained Glass
appliedenergistics2:item.ItemFacade:0, Cable Facade - Stained Glass
appliedenergistics2:item.ItemFacade:0, Cable Facade - Stained Glass
appliedenergistics2:item.ItemFacade:0, Cable Facade - Stained Glass
appliedenergistics2:item.ItemFacade:0, Cable Facade - Stained Glass
appliedenergistics2:item.ItemFacade:0, Cable Facade - Stained Glass
appliedenergistics2:item.ItemFacade:0, Cable Facade - Stained Glass
appliedenergistics2:item.ItemFacade:0, Cable Facade - Stained Glass
appliedenergistics2:item.ItemFacade:0, Cable Facade - Stained Glass
appliedenergistics2:item.ItemFacade:0, Cable Facade - Stained Glass
appliedenergistics2:item.ItemFacade:0, Cable Facade - Stained Glass
appliedenergistics2:item.ItemFacade:0, Cable Facade - Stained Glass
appliedenergistics2:item.ItemFacade:0, Cable Facade - Stained Glass
appliedenergistics2:item.ItemFacade:0, Cable Facade - Stained Glass
appliedenergistics2:item.ItemFacade:0, Cable Facade - Stained Glass
appliedenergistics2:item.ItemFacade:0, Cable Facade - Stained Glass
appliedenergistics2:item.ItemFacade:0, Cable Facade - Stained Glass
appliedenergistics2:item.ItemFacade:0, Cable Facade - Stained Glass
appliedenergistics2:item.ItemFacade:0, Cable Facade - Stained Glass
appliedenergistics2:item.ItemFacade:0, Cable Facade - Stained Glass
appliedenergistics2:item.ItemFacade:0, Cable Facade - Stained Glass
appliedenergistics2:item.ItemFacade:0, Cable Facade - Stained Glass
appliedenergistics2:item.ItemFacade:0, Cable Facade - Stained Glass
appliedenergistics2:item.ItemFacade:0, Cable Facade - Stained Glass
appliedenergistics2:item.ItemFacade:0, Cable Facade - Stained Glass
appliedenergistics2:item.ItemFacade:0, Cable Facade - Stained Glass
appliedenergistics2:item.ItemFacade:0, Cable Facade - Stained Glass
appliedenergistics2:item.ItemFacade:0, Cable Facade - Stained Glass
appliedenergistics2:item.ItemFacade:0, Cable Facade - Stained Glass
appliedenergistics2:item.ItemFacade:0, Cable Facade - Stained Glass
appliedenergistics2:item.ItemFacade:0, Cable Facade - Stained Glass
appliedenergistics2:item.ItemFacade:0, Cable Facade - Stained Glass
appliedenergistics2:item.ItemFacade:0, Cable Facade - Stained Glass
appliedenergistics2:item.ItemFacade:0, Cable Facade - Stained Glass
appliedenergistics2:item.ItemFacade:0, Cable Facade - Stained Glass
appliedenergistics2:item.ItemFacade:0, Cable Facade - Stained Glass
appliedenergistics2:item.ItemFacade:0, Cable Facade - Stained Glass
appliedenergistics2:item.ItemFacade:0, Cable Facade - Stained Glass
appliedenergistics2:item.ItemFacade:0, Cable Facade - Stained Glass
appliedenergistics2:item.ItemFacade:0, Cable Facade - Stained Glass
appliedenergistics2:item.ItemFacade:0, Cable Facade - Stained Glass
appliedenergistics2:item.ItemFacade:0, Cable Facade - Stained Glass
appliedenergistics2:item.ItemFacade:0, Cable Facade - Stained Glass
appliedenergistics2:item.ItemFacade:0, Cable Facade - Stained Glass
appliedenergistics2:item.ItemFacade:0, Cable Facade - Stained Glass
appliedenergistics2:item.ItemFacade:0, Cable Facade - Stained Glass
appliedenergistics2:item.ItemFacade:0, Cable Facade - Stained Glass
appliedenergistics2:item.ItemFacade:0, Cable Facade - Stained Glass
appliedenergistics2:item.ItemFacade:0, Cable Facade - Stained Glass
appliedenergistics2:item.ItemFacade:0, Cable Facade - Stained Glass
appliedenergistics2:item.ItemFacade:0, Cable Facade - Stained Glass
appliedenergistics2:item.ItemFacade:0, Cable Facade - Stained Glass
appliedenergistics2:item.ItemFacade:0, Cable Facade - Stained Glass
appliedenergistics2:item.ItemFacade:0, Cable Facade - Stained Glass
appliedenergistics2:item.ItemFacade:0, Cable Facade - Stained Glass
appliedenergistics2:item.ItemFacade:0, Cable Facade - Glowstone
appliedenergistics2:item.ItemFacade:0, Cable Facade - Glowstone
appliedenergistics2:item.ItemFacade:0, Cable Facade - Glowstone
appliedenergistics2:item.ItemFacade:0, Cable Facade - Glowstone
appliedenergistics2:item.ItemFacade:0, Cable Facade - Glowstone
appliedenergistics2:item.ItemFacade:0, Cable Facade - Glowstone
appliedenergistics2:item.ItemFacade:0, Cable Facade - Glowstone
appliedenergistics2:item.ItemFacade:0, Cable Facade - Glowstone
appliedenergistics2:item.ItemFacade:0, Cable Facade - Glowstone
appliedenergistics2:item.ItemFacade:0, Cable Facade - Glowstone
appliedenergistics2:item.ItemFacade:0, Cable Facade - Glowstone
appliedenergistics2:item.ItemFacade:0, Cable Facade - Glowstone
appliedenergistics2:item.ItemFacade:0, Cable Facade - Glowstone
appliedenergistics2:item.ItemFacade:0, Cable Facade - Glowstone
appliedenergistics2:item.ItemFacade:0, Cable Facade - Glowstone
appliedenergistics2:item.ItemFacade:0, Cable Facade - Block of Gold
appliedenergistics2:item.ItemFacade:0, Cable Facade - Block of Gold
appliedenergistics2:item.ItemFacade:0, Cable Facade - Block of Gold
appliedenergistics2:item.ItemFacade:0, Cable Facade - Block of Gold
appliedenergistics2:item.ItemFacade:0, Cable Facade - Block of Gold
appliedenergistics2:item.ItemFacade:0, Cable Facade - Block of Gold
appliedenergistics2:item.ItemFacade:0, Cable Facade - Gold Block
appliedenergistics2:item.ItemFacade:0, Cable Facade - Gold Block
appliedenergistics2:item.ItemFacade:0, Cable Facade - Gold Block
appliedenergistics2:item.ItemFacade:0, Cable Facade - Gold Block
appliedenergistics2:item.ItemFacade:0, Cable Facade - Gold Block
appliedenergistics2:item.ItemFacade:0, Cable Facade - Gold Block
appliedenergistics2:item.ItemFacade:0, Cable Facade - Gold Block
appliedenergistics2:item.ItemFacade:0, Cable Facade - Gold Block
appliedenergistics2:item.ItemFacade:0, Cable Facade - Gold Block
appliedenergistics2:item.ItemFacade:0, Cable Facade - Gold Block
appliedenergistics2:item.ItemFacade:0, Cable Facade - Gold Block
appliedenergistics2:item.ItemFacade:0, Cable Facade - Gold Block
appliedenergistics2:item.ItemFacade:0, Cable Facade - Gold Block
appliedenergistics2:item.ItemFacade:0, Cable Facade - Gold Block
appliedenergistics2:item.ItemFacade:0, Cable Facade - Granite
appliedenergistics2:item.ItemFacade:0, Cable Facade - Granite
appliedenergistics2:item.ItemFacade:0, Cable Facade - Granite
appliedenergistics2:item.ItemFacade:0, Cable Facade - Granite
appliedenergistics2:item.ItemFacade:0, Cable Facade - Granite
appliedenergistics2:item.ItemFacade:0, Cable Facade - Granite
appliedenergistics2:item.ItemFacade:0, Cable Facade - Granite
appliedenergistics2:item.ItemFacade:0, Cable Facade - Grimstone
appliedenergistics2:item.ItemFacade:0, Cable Facade - Grimstone
appliedenergistics2:item.ItemFacade:0, Cable Facade - Grimstone
appliedenergistics2:item.ItemFacade:0, Cable Facade - Grimstone
appliedenergistics2:item.ItemFacade:0, Cable Facade - Grimstone
appliedenergistics2:item.ItemFacade:0, Cable Facade - Grimstone
appliedenergistics2:item.ItemFacade:0, Cable Facade - Grimstone
appliedenergistics2:item.ItemFacade:0, Cable Facade - Grimstone
appliedenergistics2:item.ItemFacade:0, Cable Facade - Grimstone
appliedenergistics2:item.ItemFacade:0, Cable Facade - Grimstone
appliedenergistics2:item.ItemFacade:0, Cable Facade - Grimstone
appliedenergistics2:item.ItemFacade:0, Cable Facade - Grimstone
appliedenergistics2:item.ItemFacade:0, Cable Facade - Grimstone
appliedenergistics2:item.ItemFacade:0, Cable Facade - Grimstone
appliedenergistics2:item.ItemFacade:0, Cable Facade - Grimstone
appliedenergistics2:item.ItemFacade:0, Cable Facade - Hex Plating
appliedenergistics2:item.ItemFacade:0, Cable Facade - Hex Plating
appliedenergistics2:item.ItemFacade:0, Cable Facade - Hex Plating
appliedenergistics2:item.ItemFacade:0, Cable Facade - Hex Plating
appliedenergistics2:item.ItemFacade:0, Cable Facade - Hex Plating
appliedenergistics2:item.ItemFacade:0, Cable Facade - Hex Plating
appliedenergistics2:item.ItemFacade:0, Cable Facade - Hex Plating
appliedenergistics2:item.ItemFacade:0, Cable Facade - Hex Plating
appliedenergistics2:item.ItemFacade:0, Cable Facade - Hex Plating
appliedenergistics2:item.ItemFacade:0, Cable Facade - Hex Plating
appliedenergistics2:item.ItemFacade:0, Cable Facade - Hex Plating
appliedenergistics2:item.ItemFacade:0, Cable Facade - Hex Plating
appliedenergistics2:item.ItemFacade:0, Cable Facade - Hex Plating
appliedenergistics2:item.ItemFacade:0, Cable Facade - Hex Plating
appliedenergistics2:item.ItemFacade:0, Cable Facade - Hex Plating
appliedenergistics2:item.ItemFacade:0, Cable Facade - Hex Plating
appliedenergistics2:item.ItemFacade:0, Cable Facade - Large Hex Plating
appliedenergistics2:item.ItemFacade:0, Cable Facade - Large Hex Plating
appliedenergistics2:item.ItemFacade:0, Cable Facade - Large Hex Plating
appliedenergistics2:item.ItemFacade:0, Cable Facade - Large Hex Plating
appliedenergistics2:item.ItemFacade:0, Cable Facade - Large Hex Plating
appliedenergistics2:item.ItemFacade:0, Cable Facade - Large Hex Plating
appliedenergistics2:item.ItemFacade:0, Cable Facade - Large Hex Plating
appliedenergistics2:item.ItemFacade:0, Cable Facade - Large Hex Plating
appliedenergistics2:item.ItemFacade:0, Cable Facade - Large Hex Plating
appliedenergistics2:item.ItemFacade:0, Cable Facade - Large Hex Plating
appliedenergistics2:item.ItemFacade:0, Cable Facade - Large Hex Plating
appliedenergistics2:item.ItemFacade:0, Cable Facade - Large Hex Plating
appliedenergistics2:item.ItemFacade:0, Cable Facade - Large Hex Plating
appliedenergistics2:item.ItemFacade:0, Cable Facade - Large Hex Plating
appliedenergistics2:item.ItemFacade:0, Cable Facade - Large Hex Plating
appliedenergistics2:item.ItemFacade:0, Cable Facade - Large Hex Plating
appliedenergistics2:item.ItemFacade:0, Cable Facade - Holystone
appliedenergistics2:item.ItemFacade:0, Cable Facade - Holystone
appliedenergistics2:item.ItemFacade:0, Cable Facade - Holystone
appliedenergistics2:item.ItemFacade:0, Cable Facade - Holystone
appliedenergistics2:item.ItemFacade:0, Cable Facade - Holystone
appliedenergistics2:item.ItemFacade:0, Cable Facade - Holystone
appliedenergistics2:item.ItemFacade:0, Cable Facade - Holystone
appliedenergistics2:item.ItemFacade:0, Cable Facade - Holystone
appliedenergistics2:item.ItemFacade:0, Cable Facade - Holystone
appliedenergistics2:item.ItemFacade:0, Cable Facade - Holystone
appliedenergistics2:item.ItemFacade:0, Cable Facade - Holystone
appliedenergistics2:item.ItemFacade:0, Cable Facade - Holystone
appliedenergistics2:item.ItemFacade:0, Cable Facade - Holystone
appliedenergistics2:item.ItemFacade:0, Cable Facade - Holystone
appliedenergistics2:item.ItemFacade:0, Cable Facade - Block of Iron
appliedenergistics2:item.ItemFacade:0, Cable Facade - Block of Iron
appliedenergistics2:item.ItemFacade:0, Cable Facade - Block of Iron
appliedenergistics2:item.ItemFacade:0, Cable Facade - Block of Iron
appliedenergistics2:item.ItemFacade:0, Cable Facade - Block of Iron
appliedenergistics2:item.ItemFacade:0, Cable Facade - Block of Iron
appliedenergistics2:item.ItemFacade:0, Cable Facade - Iron Block
appliedenergistics2:item.ItemFacade:0, Cable Facade - Iron Block
appliedenergistics2:item.ItemFacade:0, Cable Facade - Iron Block
appliedenergistics2:item.ItemFacade:0, Cable Facade - Iron Block
appliedenergistics2:item.ItemFacade:0, Cable Facade - Iron Block
appliedenergistics2:item.ItemFacade:0, Cable Facade - Iron Block
appliedenergistics2:item.ItemFacade:0, Cable Facade - Iron Block
appliedenergistics2:item.ItemFacade:0, Cable Facade - Iron Block
appliedenergistics2:item.ItemFacade:0, Cable Facade - Iron Block
appliedenergistics2:item.ItemFacade:0, Cable Facade - Iron Block
appliedenergistics2:item.ItemFacade:0, Cable Facade - Iron Block
appliedenergistics2:item.ItemFacade:0, Cable Facade - Iron Block
appliedenergistics2:item.ItemFacade:0, Cable Facade - Iron Block
appliedenergistics2:item.ItemFacade:0, Cable Facade - Iron Block
appliedenergistics2:item.ItemFacade:0, Cable Facade - Iron Block
appliedenergistics2:item.ItemFacade:0, Cable Facade - Laboratory Block
appliedenergistics2:item.ItemFacade:0, Cable Facade - Laboratory Block
appliedenergistics2:item.ItemFacade:0, Cable Facade - Laboratory Block
appliedenergistics2:item.ItemFacade:0, Cable Facade - Laboratory Block
appliedenergistics2:item.ItemFacade:0, Cable Facade - Laboratory Block
appliedenergistics2:item.ItemFacade:0, Cable Facade - Laboratory Block
appliedenergistics2:item.ItemFacade:0, Cable Facade - Laboratory Block
appliedenergistics2:item.ItemFacade:0, Cable Facade - Laboratory Block
appliedenergistics2:item.ItemFacade:0, Cable Facade - Laboratory Block
appliedenergistics2:item.ItemFacade:0, Cable Facade - Laboratory Block
appliedenergistics2:item.ItemFacade:0, Cable Facade - Laboratory Block
appliedenergistics2:item.ItemFacade:0, Cable Facade - Laboratory Block
appliedenergistics2:item.ItemFacade:0, Cable Facade - Laboratory Block
appliedenergistics2:item.ItemFacade:0, Cable Facade - Laboratory Block
appliedenergistics2:item.ItemFacade:0, Cable Facade - Laboratory Block
appliedenergistics2:item.ItemFacade:0, Cable Facade - Laboratory Block
appliedenergistics2:item.ItemFacade:0, Cable Facade - Lapis Block
appliedenergistics2:item.ItemFacade:0, Cable Facade - Lapis Block
appliedenergistics2:item.ItemFacade:0, Cable Facade - Lapis Block
appliedenergistics2:item.ItemFacade:0, Cable Facade - Lapis Block
appliedenergistics2:item.ItemFacade:0, Cable Facade - Lapis Block
appliedenergistics2:item.ItemFacade:0, Cable Facade - Lapis Block
appliedenergistics2:item.ItemFacade:0, Cable Facade - Lapis Block
appliedenergistics2:item.ItemFacade:0, Cable Facade - Lapis Block
appliedenergistics2:item.ItemFacade:0, Cable Facade - Lavastone
appliedenergistics2:item.ItemFacade:0, Cable Facade - Lavastone
appliedenergistics2:item.ItemFacade:0, Cable Facade - Lavastone
appliedenergistics2:item.ItemFacade:0, Cable Facade - Lavastone
appliedenergistics2:item.ItemFacade:0, Cable Facade - Lavastone
appliedenergistics2:item.ItemFacade:0, Cable Facade - Lavastone
appliedenergistics2:item.ItemFacade:0, Cable Facade - Lavastone
appliedenergistics2:item.ItemFacade:0, Cable Facade - Lavastone
appliedenergistics2:item.ItemFacade:0, Cable Facade - Block of Lead
appliedenergistics2:item.ItemFacade:0, Cable Facade - Block of Lead
appliedenergistics2:item.ItemFacade:0, Cable Facade - Block of Lead
appliedenergistics2:item.ItemFacade:0, Cable Facade - Block of Lead
appliedenergistics2:item.ItemFacade:0, Cable Facade - Block of Lead
appliedenergistics2:item.ItemFacade:0, Cable Facade - Block of Lead
appliedenergistics2:item.ItemFacade:0, Cable Facade - Leaves
appliedenergistics2:item.ItemFacade:0, Cable Facade - Leaves
appliedenergistics2:item.ItemFacade:0, Cable Facade - Leaves
appliedenergistics2:item.ItemFacade:0, Cable Facade - Leaves
appliedenergistics2:item.ItemFacade:0, Cable Facade - Leaves
appliedenergistics2:item.ItemFacade:0, Cable Facade - Leaves
appliedenergistics2:item.ItemFacade:0, Cable Facade - Leaves
appliedenergistics2:item.ItemFacade:0, Cable Facade - Limestone
appliedenergistics2:item.ItemFacade:0, Cable Facade - Limestone
appliedenergistics2:item.ItemFacade:0, Cable Facade - Limestone
appliedenergistics2:item.ItemFacade:0, Cable Facade - Limestone
appliedenergistics2:item.ItemFacade:0, Cable Facade - Limestone
appliedenergistics2:item.ItemFacade:0, Cable Facade - Limestone
appliedenergistics2:item.ItemFacade:0, Cable Facade - Limestone
appliedenergistics2:item.ItemFacade:0, Cable Facade - Limestone
appliedenergistics2:item.ItemFacade:0, Cable Facade - Limestone
appliedenergistics2:item.ItemFacade:0, Cable Facade - Limestone
appliedenergistics2:item.ItemFacade:0, Cable Facade - Limestone
appliedenergistics2:item.ItemFacade:0, Cable Facade - Limestone
appliedenergistics2:item.ItemFacade:0, Cable Facade - Limestone
appliedenergistics2:item.ItemFacade:0, Cable Facade - Limestone
appliedenergistics2:item.ItemFacade:0, Cable Facade - Limestone
appliedenergistics2:item.ItemFacade:0, Cable Facade - Limestone
appliedenergistics2:item.ItemFacade:0, Cable Facade - Marble
appliedenergistics2:item.ItemFacade:0, Cable Facade - Marble
appliedenergistics2:item.ItemFacade:0, Cable Facade - Marble
appliedenergistics2:item.ItemFacade:0, Cable Facade - Marble
appliedenergistics2:item.ItemFacade:0, Cable Facade - Marble
appliedenergistics2:item.ItemFacade:0, Cable Facade - Marble
appliedenergistics2:item.ItemFacade:0, Cable Facade - Marble
appliedenergistics2:item.ItemFacade:0, Cable Facade - Marble
appliedenergistics2:item.ItemFacade:0, Cable Facade - Marble
appliedenergistics2:item.ItemFacade:0, Cable Facade - Marble
appliedenergistics2:item.ItemFacade:0, Cable Facade - Marble
appliedenergistics2:item.ItemFacade:0, Cable Facade - Marble
appliedenergistics2:item.ItemFacade:0, Cable Facade - Marble
appliedenergistics2:item.ItemFacade:0, Cable Facade - Marble
appliedenergistics2:item.ItemFacade:0, Cable Facade - Marble
appliedenergistics2:item.ItemFacade:0, Cable Facade - Marble
appliedenergistics2:item.ItemFacade:0, Cable Facade - Marble Pillar
appliedenergistics2:item.ItemFacade:0, Cable Facade - Marble Pillar
appliedenergistics2:item.ItemFacade:0, Cable Facade - Marble Pillar
appliedenergistics2:item.ItemFacade:0, Cable Facade - Marble Pillar
appliedenergistics2:item.ItemFacade:0, Cable Facade - Marble Pillar
appliedenergistics2:item.ItemFacade:0, Cable Facade - Marble Pillar
appliedenergistics2:item.ItemFacade:0, Cable Facade - Marble Pillar
appliedenergistics2:item.ItemFacade:0, Cable Facade - Marble Pillar
appliedenergistics2:item.ItemFacade:0, Cable Facade - Marble Pillar
appliedenergistics2:item.ItemFacade:0, Cable Facade - Marble Pillar
appliedenergistics2:item.ItemFacade:0, Cable Facade - Marble Pillar
appliedenergistics2:item.ItemFacade:0, Cable Facade - Marble Pillar
appliedenergistics2:item.ItemFacade:0, Cable Facade - Marble Pillar
appliedenergistics2:item.ItemFacade:0, Cable Facade - Marble Pillar
appliedenergistics2:item.ItemFacade:0, Cable Facade - Marble Pillar
appliedenergistics2:item.ItemFacade:0, Cable Facade - Marble Pillar
appliedenergistics2:item.ItemFacade:0, Cable Facade - Imperialistic Block
appliedenergistics2:item.ItemFacade:0, Cable Facade - Imperialistic Block
appliedenergistics2:item.ItemFacade:0, Cable Facade - Imperialistic Block
appliedenergistics2:item.ItemFacade:0, Cable Facade - Imperialistic Block
appliedenergistics2:item.ItemFacade:0, Cable Facade - Imperialistic Block
appliedenergistics2:item.ItemFacade:0, Cable Facade - Rebellious Block
appliedenergistics2:item.ItemFacade:0, Cable Facade - Rebellious Block
appliedenergistics2:item.ItemFacade:0, Cable Facade - Rebellious Block
appliedenergistics2:item.ItemFacade:0, Cable Facade - Rebellious Block
appliedenergistics2:item.ItemFacade:0, Cable Facade - Rebellious Block
appliedenergistics2:item.ItemFacade:0, Cable Facade - Nether Brick
appliedenergistics2:item.ItemFacade:0, Cable Facade - Nether Brick
appliedenergistics2:item.ItemFacade:0, Cable Facade - Nether Brick
appliedenergistics2:item.ItemFacade:0, Cable Facade - Nether Brick
appliedenergistics2:item.ItemFacade:0, Cable Facade - Nether Brick
appliedenergistics2:item.ItemFacade:0, Cable Facade - Nether Brick
appliedenergistics2:item.ItemFacade:0, Cable Facade - Nether Brick
appliedenergistics2:item.ItemFacade:0, Cable Facade - Nether Brick
appliedenergistics2:item.ItemFacade:0, Cable Facade - Nether Brick
appliedenergistics2:item.ItemFacade:0, Cable Facade - Nether Brick
appliedenergistics2:item.ItemFacade:0, Cable Facade - Nether Brick
appliedenergistics2:item.ItemFacade:0, Cable Facade - Nether Brick
appliedenergistics2:item.ItemFacade:0, Cable Facade - Nether Brick
appliedenergistics2:item.ItemFacade:0, Cable Facade - Nether Brick
appliedenergistics2:item.ItemFacade:0, Cable Facade - Nether Brick
appliedenergistics2:item.ItemFacade:0, Cable Facade - Netherrack
appliedenergistics2:item.ItemFacade:0, Cable Facade - Netherrack
appliedenergistics2:item.ItemFacade:0, Cable Facade - Netherrack
appliedenergistics2:item.ItemFacade:0, Cable Facade - Netherrack
appliedenergistics2:item.ItemFacade:0, Cable Facade - Netherrack
appliedenergistics2:item.ItemFacade:0, Cable Facade - Netherrack
appliedenergistics2:item.ItemFacade:0, Cable Facade - Netherrack
appliedenergistics2:item.ItemFacade:0, Cable Facade - Netherrack
appliedenergistics2:item.ItemFacade:0, Cable Facade - Netherrack
appliedenergistics2:item.ItemFacade:0, Cable Facade - Netherrack
appliedenergistics2:item.ItemFacade:0, Cable Facade - Netherrack
appliedenergistics2:item.ItemFacade:0, Cable Facade - Netherrack
appliedenergistics2:item.ItemFacade:0, Cable Facade - Netherrack
appliedenergistics2:item.ItemFacade:0, Cable Facade - Netherrack
appliedenergistics2:item.ItemFacade:0, Cable Facade - Obsidian
appliedenergistics2:item.ItemFacade:0, Cable Facade - Obsidian
appliedenergistics2:item.ItemFacade:0, Cable Facade - Obsidian
appliedenergistics2:item.ItemFacade:0, Cable Facade - Obsidian
appliedenergistics2:item.ItemFacade:0, Cable Facade - Obsidian
appliedenergistics2:item.ItemFacade:0, Cable Facade - Obsidian
appliedenergistics2:item.ItemFacade:0, Cable Facade - Obsidian
appliedenergistics2:item.ItemFacade:0, Cable Facade - Obsidian
appliedenergistics2:item.ItemFacade:0, Cable Facade - Obsidian
appliedenergistics2:item.ItemFacade:0, Cable Facade - Obsidian
appliedenergistics2:item.ItemFacade:0, Cable Facade - Obsidian
appliedenergistics2:item.ItemFacade:0, Cable Facade - Obsidian
appliedenergistics2:item.ItemFacade:0, Cable Facade - Obsidian
appliedenergistics2:item.ItemFacade:0, Cable Facade - Obsidian
appliedenergistics2:item.ItemFacade:0, Cable Facade - Obsidian
appliedenergistics2:item.ItemFacade:0, Cable Facade - Packed Ice
appliedenergistics2:item.ItemFacade:0, Cable Facade - Packed Ice
appliedenergistics2:item.ItemFacade:0, Cable Facade - Packed Ice
appliedenergistics2:item.ItemFacade:0, Cable Facade - Packed Ice
appliedenergistics2:item.ItemFacade:0, Cable Facade - Packed Ice
appliedenergistics2:item.ItemFacade:0, Cable Facade - Packed Ice
appliedenergistics2:item.ItemFacade:0, Cable Facade - Packed Ice
appliedenergistics2:item.ItemFacade:0, Cable Facade - Packed Ice
appliedenergistics2:item.ItemFacade:0, Cable Facade - Packed Ice
appliedenergistics2:item.ItemFacade:0, Cable Facade - Packed Ice
appliedenergistics2:item.ItemFacade:0, Cable Facade - Packed Ice
appliedenergistics2:item.ItemFacade:0, Cable Facade - Packed Ice
appliedenergistics2:item.ItemFacade:0, Cable Facade - Packed Ice
appliedenergistics2:item.ItemFacade:0, Cable Facade - Packed Ice
appliedenergistics2:item.ItemFacade:0, Cable Facade - Packed Ice
appliedenergistics2:item.ItemFacade:0, Cable Facade - Packed Ice Pillar
appliedenergistics2:item.ItemFacade:0, Cable Facade - Packed Ice Pillar
appliedenergistics2:item.ItemFacade:0, Cable Facade - Packed Ice Pillar
appliedenergistics2:item.ItemFacade:0, Cable Facade - Packed Ice Pillar
appliedenergistics2:item.ItemFacade:0, Cable Facade - Packed Ice Pillar
appliedenergistics2:item.ItemFacade:0, Cable Facade - Packed Ice Pillar
appliedenergistics2:item.ItemFacade:0, Cable Facade - Packed Ice Pillar
appliedenergistics2:item.ItemFacade:0, Cable Facade - Paperwall Block
appliedenergistics2:item.ItemFacade:0, Cable Facade - Paperwall Block
appliedenergistics2:item.ItemFacade:0, Cable Facade - Paperwall Block
appliedenergistics2:item.ItemFacade:0, Cable Facade - Paperwall Block
appliedenergistics2:item.ItemFacade:0, Cable Facade - Paperwall Block
appliedenergistics2:item.ItemFacade:0, Cable Facade - Paperwall Block
appliedenergistics2:item.ItemFacade:0, Cable Facade - Paperwall Block
appliedenergistics2:item.ItemFacade:0, Cable Facade - Paperwall Block
appliedenergistics2:item.ItemFacade:0, Cable Facade - Paperwall Block
appliedenergistics2:item.ItemFacade:0, Cable Facade - Purpur Block
appliedenergistics2:item.ItemFacade:0, Cable Facade - Purpur Block
appliedenergistics2:item.ItemFacade:0, Cable Facade - Purpur Block
appliedenergistics2:item.ItemFacade:0, Cable Facade - Purpur Block
appliedenergistics2:item.ItemFacade:0, Cable Facade - Purpur Block
appliedenergistics2:item.ItemFacade:0, Cable Facade - Purpur Block
appliedenergistics2:item.ItemFacade:0, Cable Facade - Purpur Block
appliedenergistics2:item.ItemFacade:0, Cable Facade - Purpur Block
appliedenergistics2:item.ItemFacade:0, Cable Facade - Purpur Block
appliedenergistics2:item.ItemFacade:0, Cable Facade - Purpur Block
appliedenergistics2:item.ItemFacade:0, Cable Facade - Purpur Block
appliedenergistics2:item.ItemFacade:0, Cable Facade - Redstone Block
appliedenergistics2:item.ItemFacade:0, Cable Facade - Redstone Block
appliedenergistics2:item.ItemFacade:0, Cable Facade - Redstone Block
appliedenergistics2:item.ItemFacade:0, Cable Facade - Redstone Block
appliedenergistics2:item.ItemFacade:0, Cable Facade - Redstone Block
appliedenergistics2:item.ItemFacade:0, Cable Facade - Redstone Block
appliedenergistics2:item.ItemFacade:0, Cable Facade - Redstone Block
appliedenergistics2:item.ItemFacade:0, Cable Facade - Redstone Block
appliedenergistics2:item.ItemFacade:0, Cable Facade - Redstone Block
appliedenergistics2:item.ItemFacade:0, Cable Facade - Redstone Block
appliedenergistics2:item.ItemFacade:0, Cable Facade - Redstone Block
appliedenergistics2:item.ItemFacade:0, Cable Facade - Redstone Block
appliedenergistics2:item.ItemFacade:0, Cable Facade - Redstone Block
appliedenergistics2:item.ItemFacade:0, Cable Facade - Redstone Block
appliedenergistics2:item.ItemFacade:0, Cable Facade - Redstone Block
appliedenergistics2:item.ItemFacade:0, Cable Facade - Sandstone
appliedenergistics2:item.ItemFacade:0, Cable Facade - Sandstone
appliedenergistics2:item.ItemFacade:0, Cable Facade - Sandstone
appliedenergistics2:item.ItemFacade:0, Cable Facade - Sandstone
appliedenergistics2:item.ItemFacade:0, Cable Facade - Sandstone
appliedenergistics2:item.ItemFacade:0, Cable Facade - Sandstone
appliedenergistics2:item.ItemFacade:0, Cable Facade - Sandstone
appliedenergistics2:item.ItemFacade:0, Cable Facade - Sandstone
appliedenergistics2:item.ItemFacade:0, Cable Facade - Sandstone
appliedenergistics2:item.ItemFacade:0, Cable Facade - Sandstone
appliedenergistics2:item.ItemFacade:0, Cable Facade - Sandstone
appliedenergistics2:item.ItemFacade:0, Cable Facade - Sandstone
appliedenergistics2:item.ItemFacade:0, Cable Facade - Sandstone
appliedenergistics2:item.ItemFacade:0, Cable Facade - Sandstone
appliedenergistics2:item.ItemFacade:0, Cable Facade - Sandstone
appliedenergistics2:item.ItemFacade:0, Cable Facade - Sandstone
appliedenergistics2:item.ItemFacade:0, Cable Facade - tile.chisel.sandstone2.name
appliedenergistics2:item.ItemFacade:0, Cable Facade - tile.chisel.sandstone2.name
appliedenergistics2:item.ItemFacade:0, Cable Facade - Sandstone Scribbles
appliedenergistics2:item.ItemFacade:0, Cable Facade - Sandstone Scribbles
appliedenergistics2:item.ItemFacade:0, Cable Facade - Sandstone Scribbles
appliedenergistics2:item.ItemFacade:0, Cable Facade - Sandstone Scribbles
appliedenergistics2:item.ItemFacade:0, Cable Facade - Sandstone Scribbles
appliedenergistics2:item.ItemFacade:0, Cable Facade - Sandstone Scribbles
appliedenergistics2:item.ItemFacade:0, Cable Facade - Sandstone Scribbles
appliedenergistics2:item.ItemFacade:0, Cable Facade - Sandstone Scribbles
appliedenergistics2:item.ItemFacade:0, Cable Facade - Sandstone Scribbles
appliedenergistics2:item.ItemFacade:0, Cable Facade - Sandstone Scribbles
appliedenergistics2:item.ItemFacade:0, Cable Facade - Sandstone Scribbles
appliedenergistics2:item.ItemFacade:0, Cable Facade - Sandstone Scribbles
appliedenergistics2:item.ItemFacade:0, Cable Facade - Sandstone Scribbles
appliedenergistics2:item.ItemFacade:0, Cable Facade - Sandstone Scribbles
appliedenergistics2:item.ItemFacade:0, Cable Facade - Sandstone Scribbles
appliedenergistics2:item.ItemFacade:0, Cable Facade - Sandstone Scribbles
appliedenergistics2:item.ItemFacade:0, Cable Facade - Block of Silver
appliedenergistics2:item.ItemFacade:0, Cable Facade - Block of Silver
appliedenergistics2:item.ItemFacade:0, Cable Facade - Block of Silver
appliedenergistics2:item.ItemFacade:0, Cable Facade - Block of Silver
appliedenergistics2:item.ItemFacade:0, Cable Facade - Block of Silver
appliedenergistics2:item.ItemFacade:0, Cable Facade - Block of Silver
appliedenergistics2:item.ItemFacade:0, Cable Facade - Sand Snakestone
appliedenergistics2:item.ItemFacade:0, Cable Facade - Sand Snakestone
appliedenergistics2:item.ItemFacade:0, Cable Facade - Stone Snakestone
appliedenergistics2:item.ItemFacade:0, Cable Facade - Stone Snakestone
appliedenergistics2:item.ItemFacade:0, Cable Facade - Obsidian Snakestone
appliedenergistics2:item.ItemFacade:0, Cable Facade - Obsidian Snakestone
appliedenergistics2:item.ItemFacade:0, Cable Facade - Block of Steel
appliedenergistics2:item.ItemFacade:0, Cable Facade - Block of Steel
appliedenergistics2:item.ItemFacade:0, Cable Facade - Block of Steel
appliedenergistics2:item.ItemFacade:0, Cable Facade - Block of Steel
appliedenergistics2:item.ItemFacade:0, Cable Facade - Block of Steel
appliedenergistics2:item.ItemFacade:0, Cable Facade - Block of Steel
appliedenergistics2:item.ItemFacade:0, Cable Facade - Stone Bricks
appliedenergistics2:item.ItemFacade:0, Cable Facade - Stone Bricks
appliedenergistics2:item.ItemFacade:0, Cable Facade - Stone Bricks
appliedenergistics2:item.ItemFacade:0, Cable Facade - Stone Bricks
appliedenergistics2:item.ItemFacade:0, Cable Facade - Stone Bricks
appliedenergistics2:item.ItemFacade:0, Cable Facade - Stone Bricks
appliedenergistics2:item.ItemFacade:0, Cable Facade - Stone Bricks
appliedenergistics2:item.ItemFacade:0, Cable Facade - Stone Bricks
appliedenergistics2:item.ItemFacade:0, Cable Facade - Stone Bricks
appliedenergistics2:item.ItemFacade:0, Cable Facade - Stone Bricks
appliedenergistics2:item.ItemFacade:0, Cable Facade - Stone Bricks
appliedenergistics2:item.ItemFacade:0, Cable Facade - Stone Bricks
appliedenergistics2:item.ItemFacade:0, Cable Facade - Stone Bricks
appliedenergistics2:item.ItemFacade:0, Cable Facade - Stone Bricks
appliedenergistics2:item.ItemFacade:0, Cable Facade - Stone Bricks
appliedenergistics2:item.ItemFacade:0, Cable Facade - Stone Bricks
appliedenergistics2:item.ItemFacade:0, Cable Facade - Block of Tallow
appliedenergistics2:item.ItemFacade:0, Cable Facade - Block of Tallow
appliedenergistics2:item.ItemFacade:0, Cable Facade - Technical Block
appliedenergistics2:item.ItemFacade:0, Cable Facade - Technical Block
appliedenergistics2:item.ItemFacade:0, Cable Facade - Technical Block
appliedenergistics2:item.ItemFacade:0, Cable Facade - Technical Block
appliedenergistics2:item.ItemFacade:0, Cable Facade - Technical Block
appliedenergistics2:item.ItemFacade:0, Cable Facade - Technical Block
appliedenergistics2:item.ItemFacade:0, Cable Facade - Technical Block
appliedenergistics2:item.ItemFacade:0, Cable Facade - Technical Block
appliedenergistics2:item.ItemFacade:0, Cable Facade - Technical Block
appliedenergistics2:item.ItemFacade:0, Cable Facade - Technical Block
appliedenergistics2:item.ItemFacade:0, Cable Facade - Technical Block
appliedenergistics2:item.ItemFacade:0, Cable Facade - Technical Block
appliedenergistics2:item.ItemFacade:0, Cable Facade - Technical Block
appliedenergistics2:item.ItemFacade:0, Cable Facade - Technical Block
appliedenergistics2:item.ItemFacade:0, Cable Facade - Technical Block
appliedenergistics2:item.ItemFacade:0, Cable Facade - Technical Block
appliedenergistics2:item.ItemFacade:0, Cable Facade - Transparent Technical Block
appliedenergistics2:item.ItemFacade:0, Cable Facade - Transparent Technical Block
appliedenergistics2:item.ItemFacade:0, Cable Facade - Transparent Technical Block
appliedenergistics2:item.ItemFacade:0, Cable Facade - Transparent Technical Block
appliedenergistics2:item.ItemFacade:0, Cable Facade - Industrial Technical Block
appliedenergistics2:item.ItemFacade:0, Cable Facade - Industrial Technical Block
appliedenergistics2:item.ItemFacade:0, Cable Facade - Technical Block
appliedenergistics2:item.ItemFacade:0, Cable Facade - Technical Block
appliedenergistics2:item.ItemFacade:0, Cable Facade - Technical Block
appliedenergistics2:item.ItemFacade:0, Cable Facade - Technical Block
appliedenergistics2:item.ItemFacade:0, Cable Facade - Technical Block
appliedenergistics2:item.ItemFacade:0, Cable Facade - Technical Block
appliedenergistics2:item.ItemFacade:0, Cable Facade - Technical Block
appliedenergistics2:item.ItemFacade:0, Cable Facade - Technical Block
appliedenergistics2:item.ItemFacade:0, Cable Facade - Temple Block
appliedenergistics2:item.ItemFacade:0, Cable Facade - Temple Block
appliedenergistics2:item.ItemFacade:0, Cable Facade - Temple Block
appliedenergistics2:item.ItemFacade:0, Cable Facade - Temple Block
appliedenergistics2:item.ItemFacade:0, Cable Facade - Temple Block
appliedenergistics2:item.ItemFacade:0, Cable Facade - Temple Block
appliedenergistics2:item.ItemFacade:0, Cable Facade - Temple Block
appliedenergistics2:item.ItemFacade:0, Cable Facade - Temple Block
appliedenergistics2:item.ItemFacade:0, Cable Facade - Temple Block
appliedenergistics2:item.ItemFacade:0, Cable Facade - Temple Block
appliedenergistics2:item.ItemFacade:0, Cable Facade - Temple Block
appliedenergistics2:item.ItemFacade:0, Cable Facade - Temple Block
appliedenergistics2:item.ItemFacade:0, Cable Facade - Temple Block
appliedenergistics2:item.ItemFacade:0, Cable Facade - Temple Block
appliedenergistics2:item.ItemFacade:0, Cable Facade - Temple Block
appliedenergistics2:item.ItemFacade:0, Cable Facade - Temple Block
appliedenergistics2:item.ItemFacade:0, Cable Facade - Mossy Temple Block
appliedenergistics2:item.ItemFacade:0, Cable Facade - Mossy Temple Block
appliedenergistics2:item.ItemFacade:0, Cable Facade - Mossy Temple Block
appliedenergistics2:item.ItemFacade:0, Cable Facade - Mossy Temple Block
appliedenergistics2:item.ItemFacade:0, Cable Facade - Mossy Temple Block
appliedenergistics2:item.ItemFacade:0, Cable Facade - Mossy Temple Block
appliedenergistics2:item.ItemFacade:0, Cable Facade - Mossy Temple Block
appliedenergistics2:item.ItemFacade:0, Cable Facade - Mossy Temple Block
appliedenergistics2:item.ItemFacade:0, Cable Facade - Mossy Temple Block
appliedenergistics2:item.ItemFacade:0, Cable Facade - Mossy Temple Block
appliedenergistics2:item.ItemFacade:0, Cable Facade - Mossy Temple Block
appliedenergistics2:item.ItemFacade:0, Cable Facade - Mossy Temple Block
appliedenergistics2:item.ItemFacade:0, Cable Facade - Mossy Temple Block
appliedenergistics2:item.ItemFacade:0, Cable Facade - Mossy Temple Block
appliedenergistics2:item.ItemFacade:0, Cable Facade - Mossy Temple Block
appliedenergistics2:item.ItemFacade:0, Cable Facade - Mossy Temple Block
appliedenergistics2:item.ItemFacade:0, Cable Facade - Block of Tin
appliedenergistics2:item.ItemFacade:0, Cable Facade - Block of Tin
appliedenergistics2:item.ItemFacade:0, Cable Facade - Block of Tin
appliedenergistics2:item.ItemFacade:0, Cable Facade - Block of Tin
appliedenergistics2:item.ItemFacade:0, Cable Facade - Block of Tin
appliedenergistics2:item.ItemFacade:0, Cable Facade - Block of Tin
appliedenergistics2:item.ItemFacade:0, Cable Facade - Thaumium Block
appliedenergistics2:item.ItemFacade:0, Cable Facade - Thaumium Block
appliedenergistics2:item.ItemFacade:0, Cable Facade - Thaumium Block
appliedenergistics2:item.ItemFacade:0, Cable Facade - Thaumium Block
appliedenergistics2:item.ItemFacade:0, Cable Facade - Thaumium Block
appliedenergistics2:item.ItemFacade:0, Cable Facade - Thaumium Block
appliedenergistics2:item.ItemFacade:0, Cable Facade - Tyrian
appliedenergistics2:item.ItemFacade:0, Cable Facade - Tyrian
appliedenergistics2:item.ItemFacade:0, Cable Facade - Tyrian
appliedenergistics2:item.ItemFacade:0, Cable Facade - Tyrian
appliedenergistics2:item.ItemFacade:0, Cable Facade - Tyrian
appliedenergistics2:item.ItemFacade:0, Cable Facade - Tyrian
appliedenergistics2:item.ItemFacade:0, Cable Facade - Tyrian
appliedenergistics2:item.ItemFacade:0, Cable Facade - Tyrian
appliedenergistics2:item.ItemFacade:0, Cable Facade - Tyrian
appliedenergistics2:item.ItemFacade:0, Cable Facade - Tyrian
appliedenergistics2:item.ItemFacade:0, Cable Facade - Tyrian
appliedenergistics2:item.ItemFacade:0, Cable Facade - Tyrian
appliedenergistics2:item.ItemFacade:0, Cable Facade - Tyrian
appliedenergistics2:item.ItemFacade:0, Cable Facade - Tyrian
appliedenergistics2:item.ItemFacade:0, Cable Facade - Tyrian
appliedenergistics2:item.ItemFacade:0, Cable Facade - Tyrian
appliedenergistics2:item.ItemFacade:0, Cable Facade - Block of Uranium
appliedenergistics2:item.ItemFacade:0, Cable Facade - Block of Uranium
appliedenergistics2:item.ItemFacade:0, Cable Facade - Block of Uranium
appliedenergistics2:item.ItemFacade:0, Cable Facade - Block of Uranium
appliedenergistics2:item.ItemFacade:0, Cable Facade - Block of Uranium
appliedenergistics2:item.ItemFacade:0, Cable Facade - Block of Uranium
appliedenergistics2:item.ItemFacade:0, Cable Facade - Valentines Block
appliedenergistics2:item.ItemFacade:0, Cable Facade - Valentines Block
appliedenergistics2:item.ItemFacade:0, Cable Facade - Valentines Block
appliedenergistics2:item.ItemFacade:0, Cable Facade - Valentines Block
appliedenergistics2:item.ItemFacade:0, Cable Facade - Valentines Block
appliedenergistics2:item.ItemFacade:0, Cable Facade - Valentines Block
appliedenergistics2:item.ItemFacade:0, Cable Facade - Valentines Block
appliedenergistics2:item.ItemFacade:0, Cable Facade - Valentines Block
appliedenergistics2:item.ItemFacade:0, Cable Facade - Valentines Block
appliedenergistics2:item.ItemFacade:0, Cable Facade - Valentines Block
appliedenergistics2:item.ItemFacade:0, Cable Facade - Voidstone
appliedenergistics2:item.ItemFacade:0, Cable Facade - Voidstone
appliedenergistics2:item.ItemFacade:0, Cable Facade - Voidstone
appliedenergistics2:item.ItemFacade:0, Cable Facade - Voidstone
appliedenergistics2:item.ItemFacade:0, Cable Facade - Voidstone
appliedenergistics2:item.ItemFacade:0, Cable Facade - Voidstone
appliedenergistics2:item.ItemFacade:0, Cable Facade - Voidstone
appliedenergistics2:item.ItemFacade:0, Cable Facade - Voidstone
appliedenergistics2:item.ItemFacade:0, Cable Facade - Energised Voidstone
appliedenergistics2:item.ItemFacade:0, Cable Facade - Energised Voidstone
appliedenergistics2:item.ItemFacade:0, Cable Facade - Energised Voidstone
appliedenergistics2:item.ItemFacade:0, Cable Facade - Energised Voidstone
appliedenergistics2:item.ItemFacade:0, Cable Facade - Energised Voidstone
appliedenergistics2:item.ItemFacade:0, Cable Facade - Energised Voidstone
appliedenergistics2:item.ItemFacade:0, Cable Facade - Energised Voidstone
appliedenergistics2:item.ItemFacade:0, Cable Facade - Energised Voidstone
appliedenergistics2:item.ItemFacade:0, Cable Facade - Runic Voidstone
appliedenergistics2:item.ItemFacade:0, Cable Facade - Runic Voidstone
appliedenergistics2:item.ItemFacade:0, Cable Facade - Runic Voidstone
appliedenergistics2:item.ItemFacade:0, Cable Facade - Runic Voidstone
appliedenergistics2:item.ItemFacade:0, Cable Facade - Runic Voidstone
appliedenergistics2:item.ItemFacade:0, Cable Facade - Runic Voidstone
appliedenergistics2:item.ItemFacade:0, Cable Facade - Runic Voidstone
appliedenergistics2:item.ItemFacade:0, Cable Facade - Runic Voidstone
appliedenergistics2:item.ItemFacade:0, Cable Facade - Runic Voidstone
appliedenergistics2:item.ItemFacade:0, Cable Facade - Runic Voidstone
appliedenergistics2:item.ItemFacade:0, Cable Facade - Runic Voidstone
appliedenergistics2:item.ItemFacade:0, Cable Facade - Runic Voidstone
appliedenergistics2:item.ItemFacade:0, Cable Facade - Runic Voidstone
appliedenergistics2:item.ItemFacade:0, Cable Facade - Runic Voidstone
appliedenergistics2:item.ItemFacade:0, Cable Facade - Runic Voidstone
appliedenergistics2:item.ItemFacade:0, Cable Facade - Voidstone Pillar
appliedenergistics2:item.ItemFacade:0, Cable Facade - Energised Voidstone Pillar
appliedenergistics2:item.ItemFacade:0, Cable Facade - Warning Sign
appliedenergistics2:item.ItemFacade:0, Cable Facade - Warning Sign
appliedenergistics2:item.ItemFacade:0, Cable Facade - Warning Sign
appliedenergistics2:item.ItemFacade:0, Cable Facade - Warning Sign
appliedenergistics2:item.ItemFacade:0, Cable Facade - Warning Sign
appliedenergistics2:item.ItemFacade:0, Cable Facade - Warning Sign
appliedenergistics2:item.ItemFacade:0, Cable Facade - Warning Sign
appliedenergistics2:item.ItemFacade:0, Cable Facade - Warning Sign
appliedenergistics2:item.ItemFacade:0, Cable Facade - Warning Sign
appliedenergistics2:item.ItemFacade:0, Cable Facade - Warning Sign
appliedenergistics2:item.ItemFacade:0, Cable Facade - Warning Sign
appliedenergistics2:item.ItemFacade:0, Cable Facade - Warning Sign
appliedenergistics2:item.ItemFacade:0, Cable Facade - Warning Sign
appliedenergistics2:item.ItemFacade:0, Cable Facade - Warning Sign
appliedenergistics2:item.ItemFacade:0, Cable Facade - Warning Sign
appliedenergistics2:item.ItemFacade:0, Cable Facade - Waterstone
appliedenergistics2:item.ItemFacade:0, Cable Facade - Waterstone
appliedenergistics2:item.ItemFacade:0, Cable Facade - Waterstone
appliedenergistics2:item.ItemFacade:0, Cable Facade - Waterstone
appliedenergistics2:item.ItemFacade:0, Cable Facade - Waterstone
appliedenergistics2:item.ItemFacade:0, Cable Facade - Waterstone
appliedenergistics2:item.ItemFacade:0, Cable Facade - Waterstone
appliedenergistics2:item.ItemFacade:0, Cable Facade - Oak Wood Planks
appliedenergistics2:item.ItemFacade:0, Cable Facade - Oak Wood Planks
appliedenergistics2:item.ItemFacade:0, Cable Facade - Oak Wood Planks
appliedenergistics2:item.ItemFacade:0, Cable Facade - Oak Wood Planks
appliedenergistics2:item.ItemFacade:0, Cable Facade - Oak Wood Planks
appliedenergistics2:item.ItemFacade:0, Cable Facade - Oak Wood Planks
appliedenergistics2:item.ItemFacade:0, Cable Facade - Oak Wood Planks
appliedenergistics2:item.ItemFacade:0, Cable Facade - Oak Wood Planks
appliedenergistics2:item.ItemFacade:0, Cable Facade - Oak Wood Planks
appliedenergistics2:item.ItemFacade:0, Cable Facade - Oak Wood Planks
appliedenergistics2:item.ItemFacade:0, Cable Facade - Oak Wood Planks
appliedenergistics2:item.ItemFacade:0, Cable Facade - Oak Wood Planks
appliedenergistics2:item.ItemFacade:0, Cable Facade - Oak Wood Planks
appliedenergistics2:item.ItemFacade:0, Cable Facade - Oak Wood Planks
appliedenergistics2:item.ItemFacade:0, Cable Facade - Oak Wood Planks
appliedenergistics2:item.ItemFacade:0, Cable Facade - Spruce Wood Planks
appliedenergistics2:item.ItemFacade:0, Cable Facade - Spruce Wood Planks
appliedenergistics2:item.ItemFacade:0, Cable Facade - Spruce Wood Planks
appliedenergistics2:item.ItemFacade:0, Cable Facade - Spruce Wood Planks
appliedenergistics2:item.ItemFacade:0, Cable Facade - Spruce Wood Planks
appliedenergistics2:item.ItemFacade:0, Cable Facade - Spruce Wood Planks
appliedenergistics2:item.ItemFacade:0, Cable Facade - Spruce Wood Planks
appliedenergistics2:item.ItemFacade:0, Cable Facade - Spruce Wood Planks
appliedenergistics2:item.ItemFacade:0, Cable Facade - Spruce Wood Planks
appliedenergistics2:item.ItemFacade:0, Cable Facade - Spruce Wood Planks
appliedenergistics2:item.ItemFacade:0, Cable Facade - Spruce Wood Planks
appliedenergistics2:item.ItemFacade:0, Cable Facade - Spruce Wood Planks
appliedenergistics2:item.ItemFacade:0, Cable Facade - Spruce Wood Planks
appliedenergistics2:item.ItemFacade:0, Cable Facade - Spruce Wood Planks
appliedenergistics2:item.ItemFacade:0, Cable Facade - Spruce Wood Planks
appliedenergistics2:item.ItemFacade:0, Cable Facade - Birch Wood Planks
appliedenergistics2:item.ItemFacade:0, Cable Facade - Birch Wood Planks
appliedenergistics2:item.ItemFacade:0, Cable Facade - Birch Wood Planks
appliedenergistics2:item.ItemFacade:0, Cable Facade - Birch Wood Planks
appliedenergistics2:item.ItemFacade:0, Cable Facade - Birch Wood Planks
appliedenergistics2:item.ItemFacade:0, Cable Facade - Birch Wood Planks
appliedenergistics2:item.ItemFacade:0, Cable Facade - Birch Wood Planks
appliedenergistics2:item.ItemFacade:0, Cable Facade - Birch Wood Planks
appliedenergistics2:item.ItemFacade:0, Cable Facade - Birch Wood Planks
appliedenergistics2:item.ItemFacade:0, Cable Facade - Birch Wood Planks
appliedenergistics2:item.ItemFacade:0, Cable Facade - Birch Wood Planks
appliedenergistics2:item.ItemFacade:0, Cable Facade - Birch Wood Planks
appliedenergistics2:item.ItemFacade:0, Cable Facade - Birch Wood Planks
appliedenergistics2:item.ItemFacade:0, Cable Facade - Birch Wood Planks
appliedenergistics2:item.ItemFacade:0, Cable Facade - Birch Wood Planks
appliedenergistics2:item.ItemFacade:0, Cable Facade - Jungle Wood Planks
appliedenergistics2:item.ItemFacade:0, Cable Facade - Jungle Wood Planks
appliedenergistics2:item.ItemFacade:0, Cable Facade - Jungle Wood Planks
appliedenergistics2:item.ItemFacade:0, Cable Facade - Jungle Wood Planks
appliedenergistics2:item.ItemFacade:0, Cable Facade - Jungle Wood Planks
appliedenergistics2:item.ItemFacade:0, Cable Facade - Jungle Wood Planks
appliedenergistics2:item.ItemFacade:0, Cable Facade - Jungle Wood Planks
appliedenergistics2:item.ItemFacade:0, Cable Facade - Jungle Wood Planks
appliedenergistics2:item.ItemFacade:0, Cable Facade - Jungle Wood Planks
appliedenergistics2:item.ItemFacade:0, Cable Facade - Jungle Wood Planks
appliedenergistics2:item.ItemFacade:0, Cable Facade - Jungle Wood Planks
appliedenergistics2:item.ItemFacade:0, Cable Facade - Jungle Wood Planks
appliedenergistics2:item.ItemFacade:0, Cable Facade - Jungle Wood Planks
appliedenergistics2:item.ItemFacade:0, Cable Facade - Jungle Wood Planks
appliedenergistics2:item.ItemFacade:0, Cable Facade - Jungle Wood Planks
appliedenergistics2:item.ItemFacade:0, Cable Facade - Acacia Wood Planks
appliedenergistics2:item.ItemFacade:0, Cable Facade - Acacia Wood Planks
appliedenergistics2:item.ItemFacade:0, Cable Facade - Acacia Wood Planks
appliedenergistics2:item.ItemFacade:0, Cable Facade - Acacia Wood Planks
appliedenergistics2:item.ItemFacade:0, Cable Facade - Acacia Wood Planks
appliedenergistics2:item.ItemFacade:0, Cable Facade - Acacia Wood Planks
appliedenergistics2:item.ItemFacade:0, Cable Facade - Acacia Wood Planks
appliedenergistics2:item.ItemFacade:0, Cable Facade - Acacia Wood Planks
appliedenergistics2:item.ItemFacade:0, Cable Facade - Acacia Wood Planks
appliedenergistics2:item.ItemFacade:0, Cable Facade - Acacia Wood Planks
appliedenergistics2:item.ItemFacade:0, Cable Facade - Acacia Wood Planks
appliedenergistics2:item.ItemFacade:0, Cable Facade - Acacia Wood Planks
appliedenergistics2:item.ItemFacade:0, Cable Facade - Acacia Wood Planks
appliedenergistics2:item.ItemFacade:0, Cable Facade - Acacia Wood Planks
appliedenergistics2:item.ItemFacade:0, Cable Facade - Acacia Wood Planks
appliedenergistics2:item.ItemFacade:0, Cable Facade - Dark Oak Wood Planks
appliedenergistics2:item.ItemFacade:0, Cable Facade - Dark Oak Wood Planks
appliedenergistics2:item.ItemFacade:0, Cable Facade - Dark Oak Wood Planks
appliedenergistics2:item.ItemFacade:0, Cable Facade - Dark Oak Wood Planks
appliedenergistics2:item.ItemFacade:0, Cable Facade - Dark Oak Wood Planks
appliedenergistics2:item.ItemFacade:0, Cable Facade - Dark Oak Wood Planks
appliedenergistics2:item.ItemFacade:0, Cable Facade - Dark Oak Wood Planks
appliedenergistics2:item.ItemFacade:0, Cable Facade - Dark Oak Wood Planks
appliedenergistics2:item.ItemFacade:0, Cable Facade - Dark Oak Wood Planks
appliedenergistics2:item.ItemFacade:0, Cable Facade - Dark Oak Wood Planks
appliedenergistics2:item.ItemFacade:0, Cable Facade - Dark Oak Wood Planks
appliedenergistics2:item.ItemFacade:0, Cable Facade - Dark Oak Wood Planks
appliedenergistics2:item.ItemFacade:0, Cable Facade - Dark Oak Wood Planks
appliedenergistics2:item.ItemFacade:0, Cable Facade - Dark Oak Wood Planks
appliedenergistics2:item.ItemFacade:0, Cable Facade - Dark Oak Wood Planks
appliedenergistics2:item.ItemFacade:0, Cable Facade - Woolen Clay
appliedenergistics2:item.ItemFacade:0, Cable Facade - Woolen Clay
appliedenergistics2:item.ItemFacade:0, Cable Facade - Woolen Clay
appliedenergistics2:item.ItemFacade:0, Cable Facade - Woolen Clay
appliedenergistics2:item.ItemFacade:0, Cable Facade - Woolen Clay
appliedenergistics2:item.ItemFacade:0, Cable Facade - Woolen Clay
appliedenergistics2:item.ItemFacade:0, Cable Facade - Woolen Clay
appliedenergistics2:item.ItemFacade:0, Cable Facade - Woolen Clay
appliedenergistics2:item.ItemFacade:0, Cable Facade - Woolen Clay
appliedenergistics2:item.ItemFacade:0, Cable Facade - Woolen Clay
appliedenergistics2:item.ItemFacade:0, Cable Facade - Woolen Clay
appliedenergistics2:item.ItemFacade:0, Cable Facade - Woolen Clay
appliedenergistics2:item.ItemFacade:0, Cable Facade - Woolen Clay
appliedenergistics2:item.ItemFacade:0, Cable Facade - Woolen Clay
appliedenergistics2:item.ItemFacade:0, Cable Facade - Woolen Clay
appliedenergistics2:item.ItemFacade:0, Cable Facade - Woolen Clay
appliedenergistics2:item.ItemFacade:0, Cable Facade - Reinforced Obsidian
appliedenergistics2:item.ItemFacade:0, Cable Facade - tile.blockConduitFacade.name
appliedenergistics2:item.ItemFacade:0, Cable Facade - Electrical Steel Block
appliedenergistics2:item.ItemFacade:0, Cable Facade - Zinc Ore
appliedenergistics2:item.ItemFacade:0, Cable Facade - Zinc Block
appliedenergistics2:item.ItemFacade:0, Cable Facade - Tungsten Ore
appliedenergistics2:item.ItemFacade:0, Cable Facade - Tungsten Block
appliedenergistics2:item.ItemFacade:0, Cable Facade - Holystone
appliedenergistics2:item.ItemFacade:0, Cable Facade - Mossy Holystone
appliedenergistics2:item.ItemFacade:0, Cable Facade - Aether Dirt
appliedenergistics2:item.ItemFacade:0, Cable Facade - Quicksoil
appliedenergistics2:item.ItemFacade:0, Cable Facade - Icestone
appliedenergistics2:item.ItemFacade:0, Cable Facade - Skyroot Log
appliedenergistics2:item.ItemFacade:0, Cable Facade - Golden Oak Log
appliedenergistics2:item.ItemFacade:0, Cable Facade - Skyroot Plank
appliedenergistics2:item.ItemFacade:0, Cable Facade - Ambrosium Ore
appliedenergistics2:item.ItemFacade:0, Cable Facade - Zanite Ore
appliedenergistics2:item.ItemFacade:0, Cable Facade - Gravitite Ore
appliedenergistics2:item.ItemFacade:0, Cable Facade - Enchanted Gravitite
appliedenergistics2:item.ItemFacade:0, Cable Facade - Carved Stone
appliedenergistics2:item.ItemFacade:0, Cable Facade - Sentry Stone
appliedenergistics2:item.ItemFacade:0, Cable Facade - Divine Carved Stone
appliedenergistics2:item.ItemFacade:0, Cable Facade - Divine Sentry Stone
appliedenergistics2:item.ItemFacade:0, Cable Facade - White Gold Pillar
appliedenergistics2:item.ItemFacade:0, Cable Facade - White Gold Carved Pillar
appliedenergistics2:item.ItemFacade:0, Cable Facade - Labyrinth Pillar
appliedenergistics2:item.ItemFacade:0, Cable Facade - Carved Labyrinth Pillar
appliedenergistics2:item.ItemFacade:0, Cable Facade - Zanite Block
appliedenergistics2:item.ItemFacade:0, Cable Facade - Present
appliedenergistics2:item.ItemFacade:0, Cable Facade - Holystone Brick
appliedenergistics2:item.ItemFacade:0, Cable Facade - Continuum Ore
appliedenergistics2:item.ItemFacade:0, Cable Facade - Skyroot Crafting Table
appliedenergistics2:item.ItemFacade:0, Cable Facade - Blood Moss Holystone
appliedenergistics2:item.ItemFacade:0, Cable Facade - Protection Stone
appliedenergistics2:item.ItemFacade:0, Cable Facade - Skyroot Bookshelf
appliedenergistics2:item.ItemFacade:0, Cable Facade - Holystone Headstone
appliedenergistics2:item.ItemFacade:0, Cable Facade - Holystone Keystone
appliedenergistics2:item.ItemFacade:0, Cable Facade - Holystone Highlight
appliedenergistics2:item.ItemFacade:0, Cable Facade - Portal Frame
appliedenergistics2:item.ItemFacade:0, Cable Facade - Sticky Ore
appliedenergistics2:item.ItemFacade:0, Cable Facade - Livingrock
appliedenergistics2:item.ItemFacade:0, Cable Facade - Livingrock Brick
appliedenergistics2:item.ItemFacade:0, Cable Facade - Mossy Livingrock Brick
appliedenergistics2:item.ItemFacade:0, Cable Facade - Cracked Livingrock Brick
appliedenergistics2:item.ItemFacade:0, Cable Facade - Chiseled Livingrock Brick
appliedenergistics2:item.ItemFacade:0, Cable Facade - Livingwood
appliedenergistics2:item.ItemFacade:0, Cable Facade - Livingwood Planks
appliedenergistics2:item.ItemFacade:0, Cable Facade - Mossy Livingwood Planks
appliedenergistics2:item.ItemFacade:0, Cable Facade - Framed Livingwood
appliedenergistics2:item.ItemFacade:0, Cable Facade - Pattern Framed Livingwood
appliedenergistics2:item.ItemFacade:0, Cable Facade - Glimmering Livingwood
appliedenergistics2:item.ItemFacade:0, Cable Facade - Alchemy Catalyst
appliedenergistics2:item.ItemFacade:0, Cable Facade - Block of Manasteel
appliedenergistics2:item.ItemFacade:0, Cable Facade - Block of Terrasteel
appliedenergistics2:item.ItemFacade:0, Cable Facade - Block of Elementium
appliedenergistics2:item.ItemFacade:0, Cable Facade - Block of Mana Diamond
appliedenergistics2:item.ItemFacade:0, Cable Facade - Block of Dragonstone
appliedenergistics2:item.ItemFacade:0, Cable Facade - Dreamwood
appliedenergistics2:item.ItemFacade:0, Cable Facade - Dreamwood Planks
appliedenergistics2:item.ItemFacade:0, Cable Facade - Mossy Dreamwood Planks
appliedenergistics2:item.ItemFacade:0, Cable Facade - Framed Dreamwood
appliedenergistics2:item.ItemFacade:0, Cable Facade - Pattern Framed Dreamwood
appliedenergistics2:item.ItemFacade:0, Cable Facade - Glimmering Dreamwood
appliedenergistics2:item.ItemFacade:0, Cable Facade - Conjuration Catalyst
appliedenergistics2:item.ItemFacade:0, Cable Facade - Prismarine
appliedenergistics2:item.ItemFacade:0, Cable Facade - Prismarine Bricks
appliedenergistics2:item.ItemFacade:0, Cable Facade - Dark Prismarine
appliedenergistics2:item.ItemFacade:0, Cable Facade - Sea Lantern
appliedenergistics2:item.ItemFacade:0, Cable Facade - Reed Block
appliedenergistics2:item.ItemFacade:0, Cable Facade - Thatch
appliedenergistics2:item.ItemFacade:0, Cable Facade - Hellish Brick
appliedenergistics2:item.ItemFacade:0, Cable Facade - Soul Brick
appliedenergistics2:item.ItemFacade:0, Cable Facade - Frosty Brick
appliedenergistics2:item.ItemFacade:0, Cable Facade - Roof Tile
appliedenergistics2:item.ItemFacade:0, Cable Facade - Azulejo
appliedenergistics2:item.ItemFacade:0, Cable Facade - Azulejo
appliedenergistics2:item.ItemFacade:0, Cable Facade - Azulejo
appliedenergistics2:item.ItemFacade:0, Cable Facade - Azulejo
appliedenergistics2:item.ItemFacade:0, Cable Facade - Azulejo
appliedenergistics2:item.ItemFacade:0, Cable Facade - Azulejo
appliedenergistics2:item.ItemFacade:0, Cable Facade - Azulejo
appliedenergistics2:item.ItemFacade:0, Cable Facade - Azulejo
appliedenergistics2:item.ItemFacade:0, Cable Facade - Azulejo
appliedenergistics2:item.ItemFacade:0, Cable Facade - Azulejo
appliedenergistics2:item.ItemFacade:0, Cable Facade - Azulejo
appliedenergistics2:item.ItemFacade:0, Cable Facade - Azulejo
appliedenergistics2:item.ItemFacade:0, Cable Facade - Enchanted Soil
appliedenergistics2:item.ItemFacade:0, Cable Facade - White Petal Block
appliedenergistics2:item.ItemFacade:0, Cable Facade - Orange Petal Block
appliedenergistics2:item.ItemFacade:0, Cable Facade - Magenta Petal Block
appliedenergistics2:item.ItemFacade:0, Cable Facade - Light Blue Petal Block
appliedenergistics2:item.ItemFacade:0, Cable Facade - Yellow Petal Block
appliedenergistics2:item.ItemFacade:0, Cable Facade - Lime Petal Block
appliedenergistics2:item.ItemFacade:0, Cable Facade - Pink Petal Block
appliedenergistics2:item.ItemFacade:0, Cable Facade - Gray Petal Block
appliedenergistics2:item.ItemFacade:0, Cable Facade - Light Gray Petal Block
appliedenergistics2:item.ItemFacade:0, Cable Facade - Cyan Petal Block
appliedenergistics2:item.ItemFacade:0, Cable Facade - Purple Petal Block
appliedenergistics2:item.ItemFacade:0, Cable Facade - Blue Petal Block
appliedenergistics2:item.ItemFacade:0, Cable Facade - Brown Petal Block
appliedenergistics2:item.ItemFacade:0, Cable Facade - Green Petal Block
appliedenergistics2:item.ItemFacade:0, Cable Facade - Red Petal Block
appliedenergistics2:item.ItemFacade:0, Cable Facade - Black Petal Block
appliedenergistics2:item.ItemFacade:0, Cable Facade - End Stone Bricks
appliedenergistics2:item.ItemFacade:0, Cable Facade - Chiseled End Stone Brick
appliedenergistics2:item.ItemFacade:0, Cable Facade - Ender Bricks
appliedenergistics2:item.ItemFacade:0, Cable Facade - Pillar Ender Bricks
appliedenergistics2:item.ItemFacade:0, Cable Facade - Blaze Lamp
appliedenergistics2:item.ItemFacade:0, Cable Facade - Living Root
appliedenergistics2:item.ItemFacade:0, Cable Facade - Fel Pumpkin
appliedenergistics2:item.ItemFacade:0, Cable Facade - Manastorm Charge
appliedenergistics2:item.ItemFacade:0, Cable Facade - Shimmerrock
appliedenergistics2:item.ItemFacade:0, Cable Facade - Shimmerwood Planks
appliedenergistics2:item.ItemFacade:0, Cable Facade - Metamorphic Forest Stone
appliedenergistics2:item.ItemFacade:0, Cable Facade - Metamorphic Plains Stone
appliedenergistics2:item.ItemFacade:0, Cable Facade - Metamorphic Mountain Stone
appliedenergistics2:item.ItemFacade:0, Cable Facade - Metamorphic Fungal Stone
appliedenergistics2:item.ItemFacade:0, Cable Facade - Metamorphic Swamp Stone
appliedenergistics2:item.ItemFacade:0, Cable Facade - Metamorphic Desert Stone
appliedenergistics2:item.ItemFacade:0, Cable Facade - Metamorphic Taiga Stone
appliedenergistics2:item.ItemFacade:0, Cable Facade - Metamorphic Mesa Stone
appliedenergistics2:item.ItemFacade:0, Cable Facade - Metamorphic Forest Cobblestone
appliedenergistics2:item.ItemFacade:0, Cable Facade - Metamorphic Plains Cobblestone
appliedenergistics2:item.ItemFacade:0, Cable Facade - Metamorphic Mountain Cobblestone
appliedenergistics2:item.ItemFacade:0, Cable Facade - Metamorphic Fungal Cobblestone
appliedenergistics2:item.ItemFacade:0, Cable Facade - Metamorphic Swamp Cobblestone
appliedenergistics2:item.ItemFacade:0, Cable Facade - Metamorphic Desert Cobblestone
appliedenergistics2:item.ItemFacade:0, Cable Facade - Metamorphic Taiga Cobblestone
appliedenergistics2:item.ItemFacade:0, Cable Facade - Metamorphic Mesa Cobblestone
appliedenergistics2:item.ItemFacade:0, Cable Facade - Metamorphic Forest Stone Bricks
appliedenergistics2:item.ItemFacade:0, Cable Facade - Metamorphic Plains Stone Bricks
appliedenergistics2:item.ItemFacade:0, Cable Facade - Metamorphic Mountain Stone Bricks
appliedenergistics2:item.ItemFacade:0, Cable Facade - Metamorphic Fungal Stone Bricks
appliedenergistics2:item.ItemFacade:0, Cable Facade - Metamorphic Swamp Stone Bricks
appliedenergistics2:item.ItemFacade:0, Cable Facade - Metamorphic Desert Stone Bricks
appliedenergistics2:item.ItemFacade:0, Cable Facade - Metamorphic Taiga Stone Bricks
appliedenergistics2:item.ItemFacade:0, Cable Facade - Metamorphic Mesa Stone Bricks
appliedenergistics2:item.ItemFacade:0, Cable Facade - Chiseled Metamorphic Forest Stone Brick
appliedenergistics2:item.ItemFacade:0, Cable Facade - Chiseled Metamorphic Plains Stone Brick
appliedenergistics2:item.ItemFacade:0, Cable Facade - Chiseled Metamorphic Mountain Stone Brick
appliedenergistics2:item.ItemFacade:0, Cable Facade - Chiseled Metamorphic Fungal Stone Brick
appliedenergistics2:item.ItemFacade:0, Cable Facade - Chiseled Metamorphic Swamp Stone Brick
appliedenergistics2:item.ItemFacade:0, Cable Facade - Chiseled Metamorphic Desert Stone Brick
appliedenergistics2:item.ItemFacade:0, Cable Facade - Chiseled Metamorphic Taiga Stone Brick
appliedenergistics2:item.ItemFacade:0, Cable Facade - Chiseled Metamorphic Mesa Stone Brick
appliedenergistics2:item.ItemFacade:0, Cable Facade - Andesite
appliedenergistics2:item.ItemFacade:0, Cable Facade - Basalt
appliedenergistics2:item.ItemFacade:0, Cable Facade - Diorite
appliedenergistics2:item.ItemFacade:0, Cable Facade - Granite
appliedenergistics2:item.ItemFacade:0, Cable Facade - Polished Andesite
appliedenergistics2:item.ItemFacade:0, Cable Facade - Polished Basalt
appliedenergistics2:item.ItemFacade:0, Cable Facade - Polished Diorite
appliedenergistics2:item.ItemFacade:0, Cable Facade - Polished Granite
appliedenergistics2:item.ItemFacade:0, Cable Facade - Andesite Bricks
appliedenergistics2:item.ItemFacade:0, Cable Facade - Basalt Bricks
appliedenergistics2:item.ItemFacade:0, Cable Facade - Diorite Bricks
appliedenergistics2:item.ItemFacade:0, Cable Facade - Granite Bricks
appliedenergistics2:item.ItemFacade:0, Cable Facade - Chiseled Andesite Brick
appliedenergistics2:item.ItemFacade:0, Cable Facade - Chiseled Basalt Brick
appliedenergistics2:item.ItemFacade:0, Cable Facade - Chiseled Diorite Brick
appliedenergistics2:item.ItemFacade:0, Cable Facade - Chiseled Granite Brick
appliedenergistics2:item.ItemFacade:0, Cable Facade - White Portuguese Pavement
appliedenergistics2:item.ItemFacade:0, Cable Facade - Black Portuguese Pavement
appliedenergistics2:item.ItemFacade:0, Cable Facade - Blue Portuguese Pavement
appliedenergistics2:item.ItemFacade:0, Cable Facade - Red Portuguese Pavement
appliedenergistics2:item.ItemFacade:0, Cable Facade - Yellow Portuguese Pavement
appliedenergistics2:item.ItemFacade:0, Cable Facade - Green Portuguese Pavement
appliedenergistics2:item.ItemFacade:0, Cable Facade - Block of Smokey Quartz
appliedenergistics2:item.ItemFacade:0, Cable Facade - Chiseled Smokey Quartz Block
appliedenergistics2:item.ItemFacade:0, Cable Facade - Pillar Smokey Quartz Block
appliedenergistics2:item.ItemFacade:0, Cable Facade - Block of Mana Quartz
appliedenergistics2:item.ItemFacade:0, Cable Facade - Chiseled Mana Quartz Block
appliedenergistics2:item.ItemFacade:0, Cable Facade - Pillar Mana Quartz Block
appliedenergistics2:item.ItemFacade:0, Cable Facade - Block of Blaze Quartz
appliedenergistics2:item.ItemFacade:0, Cable Facade - Chiseled Blaze Quartz Block
appliedenergistics2:item.ItemFacade:0, Cable Facade - Pillar Blaze Quartz Block
appliedenergistics2:item.ItemFacade:0, Cable Facade - Block of Lavender Quartz
appliedenergistics2:item.ItemFacade:0, Cable Facade - Chiseled Lavender Quartz Block
appliedenergistics2:item.ItemFacade:0, Cable Facade - Pillar Lavender Quartz Block
appliedenergistics2:item.ItemFacade:0, Cable Facade - Block of Redquartz
appliedenergistics2:item.ItemFacade:0, Cable Facade - Chiseled Redquartz Block
appliedenergistics2:item.ItemFacade:0, Cable Facade - Pillar Redquartz Block
appliedenergistics2:item.ItemFacade:0, Cable Facade - Block of Elven Quartz
appliedenergistics2:item.ItemFacade:0, Cable Facade - Chiseled Elven Quartz Block
appliedenergistics2:item.ItemFacade:0, Cable Facade - Pillar Elven Quartz Block
appliedenergistics2:item.ItemFacade:0, Cable Facade - Block of Sunny Quartz
appliedenergistics2:item.ItemFacade:0, Cable Facade - Chiseled Sunny Quartz Block
appliedenergistics2:item.ItemFacade:0, Cable Facade - Pillar Sunny Quartz Block
appliedenergistics2:item.ItemFacade:0, Cable Facade - Smokey Quartz Slab
appliedenergistics2:item.ItemFacade:0, Cable Facade - Mana Quartz Slab
appliedenergistics2:item.ItemFacade:0, Cable Facade - Blaze Quartz Slab
appliedenergistics2:item.ItemFacade:0, Cable Facade - Lavender Quartz Slab
appliedenergistics2:item.ItemFacade:0, Cable Facade - Redquartz Slab
appliedenergistics2:item.ItemFacade:0, Cable Facade - Elven Quartz Slab
appliedenergistics2:item.ItemFacade:0, Cable Facade - Sunny Quartz Slab
appliedenergistics2:item.ItemFacade:0, Cable Facade - Livingwood Slab
appliedenergistics2:item.ItemFacade:0, Cable Facade - Livingwood Plank Slab
appliedenergistics2:item.ItemFacade:0, Cable Facade - Livingrock Slab
appliedenergistics2:item.ItemFacade:0, Cable Facade - Livingrock Brick Slab
appliedenergistics2:item.ItemFacade:0, Cable Facade - Dreamwood Slab
appliedenergistics2:item.ItemFacade:0, Cable Facade - Dreamwood Plank Slab
appliedenergistics2:item.ItemFacade:0, Cable Facade - Reed Slab
appliedenergistics2:item.ItemFacade:0, Cable Facade - Thatch Slab
appliedenergistics2:item.ItemFacade:0, Cable Facade - Prismarine Slab
appliedenergistics2:item.ItemFacade:0, Cable Facade - Prismarine Brick Slab
appliedenergistics2:item.ItemFacade:0, Cable Facade - Dark Prismarine Slab
appliedenergistics2:item.ItemFacade:0, Cable Facade - Hellish Brick Slab
appliedenergistics2:item.ItemFacade:0, Cable Facade - Soul Brick Slab
appliedenergistics2:item.ItemFacade:0, Cable Facade - Frosty Brick Slab
appliedenergistics2:item.ItemFacade:0, Cable Facade - Roof Tile Slab
appliedenergistics2:item.ItemFacade:0, Cable Facade - Trodden Dirt Slab
appliedenergistics2:item.ItemFacade:0, Cable Facade - End Stone Brick Slab
appliedenergistics2:item.ItemFacade:0, Cable Facade - Ender Brick Slab
appliedenergistics2:item.ItemFacade:0, Cable Facade - Shimmerrock Slab
appliedenergistics2:item.ItemFacade:0, Cable Facade - Shimmerwood Plank Slab
appliedenergistics2:item.ItemFacade:0, Cable Facade - Metamorphic Forest Stone Slab
appliedenergistics2:item.ItemFacade:0, Cable Facade - Metamorphic Plains Stone Slab
appliedenergistics2:item.ItemFacade:0, Cable Facade - Metamorphic Mountain Stone Slab
appliedenergistics2:item.ItemFacade:0, Cable Facade - Metamorphic Fungal Stone Slab
appliedenergistics2:item.ItemFacade:0, Cable Facade - Metamorphic Swamp Stone Slab
appliedenergistics2:item.ItemFacade:0, Cable Facade - Metamorphic Desert Stone Slab
appliedenergistics2:item.ItemFacade:0, Cable Facade - Metamorphic Taiga Stone Slab
appliedenergistics2:item.ItemFacade:0, Cable Facade - Metamorphic Mesa Stone Slab
appliedenergistics2:item.ItemFacade:0, Cable Facade - Metamorphic Forest Cobblestone Slab
appliedenergistics2:item.ItemFacade:0, Cable Facade - Metamorphic Plains Cobblestone Slab
appliedenergistics2:item.ItemFacade:0, Cable Facade - Metamorphic Mountain Cobblestone Slab
appliedenergistics2:item.ItemFacade:0, Cable Facade - Metamorphic Fungal Cobblestone Slab
appliedenergistics2:item.ItemFacade:0, Cable Facade - Metamorphic Swamp Cobblestone Slab
appliedenergistics2:item.ItemFacade:0, Cable Facade - Metamorphic Desert Cobblestone Slab
appliedenergistics2:item.ItemFacade:0, Cable Facade - Metamorphic Taiga Cobblestone Slab
appliedenergistics2:item.ItemFacade:0, Cable Facade - Metamorphic Mesa Cobblestone Slab
appliedenergistics2:item.ItemFacade:0, Cable Facade - Metamorphic Forest Stone Brick Slab
appliedenergistics2:item.ItemFacade:0, Cable Facade - Metamorphic Plains Stone Brick Slab
appliedenergistics2:item.ItemFacade:0, Cable Facade - Metamorphic Mountain Stone Brick Slab
appliedenergistics2:item.ItemFacade:0, Cable Facade - Metamorphic Fungal Stone Brick Slab
appliedenergistics2:item.ItemFacade:0, Cable Facade - Metamorphic Swamp Stone Brick Slab
appliedenergistics2:item.ItemFacade:0, Cable Facade - Metamorphic Desert Stone Brick Slab
appliedenergistics2:item.ItemFacade:0, Cable Facade - Metamorphic Taiga Stone Brick Slab
appliedenergistics2:item.ItemFacade:0, Cable Facade - Metamorphic Mesa Stone Bricks Slab
appliedenergistics2:item.ItemFacade:0, Cable Facade - Andesite Slab
appliedenergistics2:item.ItemFacade:0, Cable Facade - Basalt Slab
appliedenergistics2:item.ItemFacade:0, Cable Facade - Diorite Slab
appliedenergistics2:item.ItemFacade:0, Cable Facade - Granite Slab
appliedenergistics2:item.ItemFacade:0, Cable Facade - Andesite Brick Slab
appliedenergistics2:item.ItemFacade:0, Cable Facade - Basalt Brick Slab
appliedenergistics2:item.ItemFacade:0, Cable Facade - Diorite Brick Slab
appliedenergistics2:item.ItemFacade:0, Cable Facade - Granite Brick Slab
appliedenergistics2:item.ItemFacade:0, Cable Facade - White Portuguese Pavement Slab
appliedenergistics2:item.ItemFacade:0, Cable Facade - Black Portuguese Pavement Slab
appliedenergistics2:item.ItemFacade:0, Cable Facade - Blue Portuguese Pavement Slab
appliedenergistics2:item.ItemFacade:0, Cable Facade - Red Portuguese Pavement Slab
appliedenergistics2:item.ItemFacade:0, Cable Facade - Yellow Portuguese Pavement Slab
appliedenergistics2:item.ItemFacade:0, Cable Facade - Green Portuguese Pavement Slab
appliedenergistics2:item.ItemFacade:0, Cable Facade - Compressed Crafting Table
appliedenergistics2:item.ItemFacade:0, Cable Facade - Double Compressed Crafting Table
appliedenergistics2:item.ItemFacade:0, Cable Facade - Crystal Matrix
appliedenergistics2:item.ItemFacade:0, Cable Facade - Neutronium Block
appliedenergistics2:item.ItemFacade:0, Cable Facade - Infinity Block
appliedenergistics2:item.ItemFacade:0, Cable Facade - Cracked Sand
appliedenergistics2:item.ItemFacade:0, Cable Facade - Red Rock
appliedenergistics2:item.ItemFacade:0, Cable Facade - Red Cobblestone
appliedenergistics2:item.ItemFacade:0, Cable Facade - Red Rock Brick
appliedenergistics2:item.ItemFacade:0, Cable Facade - Fir Log
appliedenergistics2:item.ItemFacade:0, Cable Facade - Acacia Log
appliedenergistics2:item.ItemFacade:0, Cable Facade - Cypress Log
appliedenergistics2:item.ItemFacade:0, Cable Facade - Japanese Maple Log
appliedenergistics2:item.ItemFacade:0, Cable Facade - Rainbow Eucalyptus Log
appliedenergistics2:item.ItemFacade:0, Cable Facade - Autumn Log
appliedenergistics2:item.ItemFacade:0, Cable Facade - Bald Cypress Log
appliedenergistics2:item.ItemFacade:0, Cable Facade - Redwood Log
appliedenergistics2:item.ItemFacade:0, Cable Facade - Bald Cypress Quarter Log
appliedenergistics2:item.ItemFacade:0, Cable Facade - Rainbow Eucalyptus Quarter Log
appliedenergistics2:item.ItemFacade:0, Cable Facade - Oak Quarter Log
appliedenergistics2:item.ItemFacade:0, Cable Facade - Fir Quarter Log
appliedenergistics2:item.ItemFacade:0, Cable Facade - Redwood Quarter Log
appliedenergistics2:item.ItemFacade:0, Cable Facade - Bald Cypress Elbow Log
appliedenergistics2:item.ItemFacade:0, Cable Facade - Rainbow Eucalyptus Elbow Log
appliedenergistics2:item.ItemFacade:0, Cable Facade - Quicksand
appliedenergistics2:item.ItemFacade:0, Cable Facade - Redwood Planks
appliedenergistics2:item.ItemFacade:0, Cable Facade - Fir Wood Planks
appliedenergistics2:item.ItemFacade:0, Cable Facade - Acacia Wood Planks
appliedenergistics2:item.ItemFacade:0, Cable Facade - Cypress Wood Planks
appliedenergistics2:item.ItemFacade:0, Cable Facade - Japanese Maple Wood Planks
appliedenergistics2:item.ItemFacade:0, Cable Facade - Rainbow Eucalyptus Wood Planks
appliedenergistics2:item.ItemFacade:0, Cable Facade - Autumn Wood Planks
appliedenergistics2:item.ItemFacade:0, Cable Facade - Bald Cypress Wood Planks
appliedenergistics2:item.ItemFacade:0, Cable Facade - Sakura Wood Planks
appliedenergistics2:item.ItemFacade:0, Cable Facade - Eucalyptus Wood
appliedenergistics2:item.ItemFacade:0, Cable Facade - Sakura Wood
appliedenergistics2:item.ItemFacade:0, Cable Facade - Ghostwood
appliedenergistics2:item.ItemFacade:0, Cable Facade - Hopseed Wood
appliedenergistics2:item.ItemFacade:0, Cable Facade - Redwood Bark
appliedenergistics2:item.ItemFacade:0, Cable Facade - Redwood
appliedenergistics2:item.ItemFacade:0, Cable Facade - Redwood Root
appliedenergistics2:item.ItemFacade:0, Cable Facade - Eucalyptus Planks
appliedenergistics2:item.ItemFacade:0, Cable Facade - Sakura Planks
appliedenergistics2:item.ItemFacade:0, Cable Facade - Ghostwood Planks
appliedenergistics2:item.ItemFacade:0, Cable Facade - Redwood Planks
appliedenergistics2:item.ItemFacade:0, Cable Facade - Bloodwood Planks
appliedenergistics2:item.ItemFacade:0, Cable Facade - Hopseed Planks
appliedenergistics2:item.ItemFacade:0, Cable Facade - Maple Planks
appliedenergistics2:item.ItemFacade:0, Cable Facade - Silverbell Planks
appliedenergistics2:item.ItemFacade:0, Cable Facade - Amaranth Planks
appliedenergistics2:item.ItemFacade:0, Cable Facade - Tigerwood Planks
appliedenergistics2:item.ItemFacade:0, Cable Facade - Willow Planks
appliedenergistics2:item.ItemFacade:0, Cable Facade - Darkwood Planks
appliedenergistics2:item.ItemFacade:0, Cable Facade - Fusewood Planks
appliedenergistics2:item.ItemFacade:0, Cable Facade - Willow Wood
appliedenergistics2:item.ItemFacade:0, Cable Facade - Bloodwood
appliedenergistics2:item.ItemFacade:0, Cable Facade - Bloodwood
appliedenergistics2:item.ItemFacade:0, Cable Facade - Tainted Soil
appliedenergistics2:item.ItemFacade:0, Cable Facade - Tainted Soil
appliedenergistics2:item.ItemFacade:0, Cable Facade - Tainted Soil
appliedenergistics2:item.ItemFacade:0, Cable Facade - Heat Sand
appliedenergistics2:item.ItemFacade:0, Cable Facade - Darkwood
appliedenergistics2:item.ItemFacade:0, Cable Facade - Fusewood
appliedenergistics2:item.ItemFacade:0, Cable Facade - Obelisk
appliedenergistics2:item.ItemFacade:0, Cable Facade - Maple Wood
appliedenergistics2:item.ItemFacade:0, Cable Facade - Silverbell Wood
appliedenergistics2:item.ItemFacade:0, Cable Facade - Amaranth Wood
appliedenergistics2:item.ItemFacade:0, Cable Facade - Tiger Wood
appliedenergistics2:item.ItemFacade:0, Cable Facade - Crafting Table
appliedenergistics2:item.ItemFacade:0, Cable Facade - Crafting Table
appliedenergistics2:item.ItemFacade:0, Cable Facade - Crafting Table
appliedenergistics2:item.ItemFacade:0, Cable Facade - Crafting Table
appliedenergistics2:item.ItemFacade:0, Cable Facade - Crafting Table
appliedenergistics2:item.ItemFacade:0, Cable Facade - Crafting Table
appliedenergistics2:item.ItemFacade:0, Cable Facade - Crafting Table
appliedenergistics2:item.ItemFacade:0, Cable Facade - Crafting Table
appliedenergistics2:item.ItemFacade:0, Cable Facade - Crafting Table
appliedenergistics2:item.ItemFacade:0, Cable Facade - Crafting Table
appliedenergistics2:item.ItemFacade:0, Cable Facade - Crafting Table
appliedenergistics2:item.ItemFacade:0, Cable Facade - Crafting Table
appliedenergistics2:item.ItemFacade:0, Cable Facade - Crafting Table
appliedenergistics2:item.ItemFacade:0, Cable Facade - Bookshelf
appliedenergistics2:item.ItemFacade:0, Cable Facade - Bookshelf
appliedenergistics2:item.ItemFacade:0, Cable Facade - Bookshelf
appliedenergistics2:item.ItemFacade:0, Cable Facade - Bookshelf
appliedenergistics2:item.ItemFacade:0, Cable Facade - Bookshelf
appliedenergistics2:item.ItemFacade:0, Cable Facade - Bookshelf
appliedenergistics2:item.ItemFacade:0, Cable Facade - Bookshelf
appliedenergistics2:item.ItemFacade:0, Cable Facade - Bookshelf
appliedenergistics2:item.ItemFacade:0, Cable Facade - Bookshelf
appliedenergistics2:item.ItemFacade:0, Cable Facade - Bookshelf
appliedenergistics2:item.ItemFacade:0, Cable Facade - Bookshelf
appliedenergistics2:item.ItemFacade:0, Cable Facade - Bookshelf
appliedenergistics2:item.ItemFacade:0, Cable Facade - Bookshelf
appliedenergistics2:item.ItemFacade:0, Cable Facade - Topiary Grass
appliedenergistics2:item.ItemFacade:0, Cable Facade - Bluegrass
appliedenergistics2:item.ItemFacade:0, Cable Facade - Autumnal Grass
appliedenergistics2:item.ItemFacade:0, Cable Facade - Copper Ore
appliedenergistics2:item.ItemFacade:0, Cable Facade - Tin Ore
appliedenergistics2:item.ItemFacade:0, Cable Facade - Silver Ore
appliedenergistics2:item.ItemFacade:0, Cable Facade - Lead Ore
appliedenergistics2:item.ItemFacade:0, Cable Facade - Ferrous Ore
appliedenergistics2:item.ItemFacade:0, Cable Facade - Shiny Ore
appliedenergistics2:item.ItemFacade:0, Cable Facade - Mana Infused Ore
appliedenergistics2:item.ItemFacade:0, Cable Facade - Copper Block
appliedenergistics2:item.ItemFacade:0, Cable Facade - Tin Block
appliedenergistics2:item.ItemFacade:0, Cable Facade - Silver Block
appliedenergistics2:item.ItemFacade:0, Cable Facade - Lead Block
appliedenergistics2:item.ItemFacade:0, Cable Facade - Ferrous Block
appliedenergistics2:item.ItemFacade:0, Cable Facade - Shiny Block
appliedenergistics2:item.ItemFacade:0, Cable Facade - Mana Infused Block
appliedenergistics2:item.ItemFacade:0, Cable Facade - Electrum Block
appliedenergistics2:item.ItemFacade:0, Cable Facade - Invar Block
appliedenergistics2:item.ItemFacade:0, Cable Facade - Bronze Block
appliedenergistics2:item.ItemFacade:0, Cable Facade - Signalum Block
appliedenergistics2:item.ItemFacade:0, Cable Facade - Lumium Block
appliedenergistics2:item.ItemFacade:0, Cable Facade - Enderium Block
appliedenergistics2:item.ItemFacade:0, Cable Facade - Yellorite Ore
appliedenergistics2:item.ItemFacade:0, Cable Facade - Yellorium Block
appliedenergistics2:item.ItemFacade:0, Cable Facade - Cyanite Block
appliedenergistics2:item.ItemFacade:0, Cable Facade - Graphite Block
appliedenergistics2:item.ItemFacade:0, Cable Facade - Blutonium Block
appliedenergistics2:item.ItemFacade:0, Cable Facade - Ludicrite Block
appliedenergistics2:item.ItemFacade:0, Cable Facade - Apatite Ore
appliedenergistics2:item.ItemFacade:0, Cable Facade - Copper Ore
appliedenergistics2:item.ItemFacade:0, Cable Facade - Tin Ore
appliedenergistics2:item.ItemFacade:0, Cable Facade - Block of Apatite
appliedenergistics2:item.ItemFacade:0, Cable Facade - Block of Copper
appliedenergistics2:item.ItemFacade:0, Cable Facade - Block of Tin
appliedenergistics2:item.ItemFacade:0, Cable Facade - Block of Bronze
appliedenergistics2:item.ItemFacade:0, Cable Facade - Reinforced Stone
appliedenergistics2:item.ItemFacade:0, Cable Facade - Reinforced Stone Bricks
appliedenergistics2:item.ItemFacade:0, Cable Facade - Reinforced Dirt
appliedenergistics2:item.ItemFacade:0, Cable Facade - Reinforced Dirt Bricks
appliedenergistics2:item.ItemFacade:0, Cable Facade - Stable Stone
appliedenergistics2:item.ItemFacade:0, Cable Facade - Orange Stable Stone
appliedenergistics2:item.ItemFacade:0, Cable Facade - Magenta Stable Stone
appliedenergistics2:item.ItemFacade:0, Cable Facade - Light Blue Stable Stone
appliedenergistics2:item.ItemFacade:0, Cable Facade - Yellow Stable Stone
appliedenergistics2:item.ItemFacade:0, Cable Facade - Lime Stable Stone
appliedenergistics2:item.ItemFacade:0, Cable Facade - Pink Stable Stone
appliedenergistics2:item.ItemFacade:0, Cable Facade - Plain Stable Stone
appliedenergistics2:item.ItemFacade:0, Cable Facade - Light Stable Stone
appliedenergistics2:item.ItemFacade:0, Cable Facade - Cyan Stable Stone
appliedenergistics2:item.ItemFacade:0, Cable Facade - Purple Stable Stone
appliedenergistics2:item.ItemFacade:0, Cable Facade - Blue Stable Stone
appliedenergistics2:item.ItemFacade:0, Cable Facade - Brown Stable Stone
appliedenergistics2:item.ItemFacade:0, Cable Facade - Green Stable Stone
appliedenergistics2:item.ItemFacade:0, Cable Facade - Red Stable Stone
appliedenergistics2:item.ItemFacade:0, Cable Facade - Black Stable Stone
appliedenergistics2:item.ItemFacade:0, Cable Facade - Rimmed Stable Stone
appliedenergistics2:item.ItemFacade:0, Cable Facade - Orange Rimmed Stable Stone
appliedenergistics2:item.ItemFacade:0, Cable Facade - Magenta Rimmed Stable Stone
appliedenergistics2:item.ItemFacade:0, Cable Facade - Light Blue Rimmed Stable Stone
appliedenergistics2:item.ItemFacade:0, Cable Facade - Yellow Rimmed Stable Stone
appliedenergistics2:item.ItemFacade:0, Cable Facade - Lime Rimmed Stable Stone
appliedenergistics2:item.ItemFacade:0, Cable Facade - Pink Rimmed Stable Stone
appliedenergistics2:item.ItemFacade:0, Cable Facade - Plain Rimmed Stable Stone
appliedenergistics2:item.ItemFacade:0, Cable Facade - Light Rimmed Stable Stone
appliedenergistics2:item.ItemFacade:0, Cable Facade - Cyan Rimmed Stable Stone
appliedenergistics2:item.ItemFacade:0, Cable Facade - Purple Rimmed Stable Stone
appliedenergistics2:item.ItemFacade:0, Cable Facade - Blue Rimmed Stable Stone
appliedenergistics2:item.ItemFacade:0, Cable Facade - Brown Rimmed Stable Stone
appliedenergistics2:item.ItemFacade:0, Cable Facade - Green Rimmed Stable Stone
appliedenergistics2:item.ItemFacade:0, Cable Facade - Red Rimmed Stable Stone
appliedenergistics2:item.ItemFacade:0, Cable Facade - Black Rimmed Stable Stone
appliedenergistics2:item.ItemFacade:0, Cable Facade - Rimmed Black Stable Stone
appliedenergistics2:item.ItemFacade:0, Cable Facade - Orange Rimmed Black Stable Stone
appliedenergistics2:item.ItemFacade:0, Cable Facade - Magenta Rimmed Black Stable Stone
appliedenergistics2:item.ItemFacade:0, Cable Facade - Light Blue Rimmed Black Stable Stone
appliedenergistics2:item.ItemFacade:0, Cable Facade - Yellow Rimmed Black  Stable Stone
appliedenergistics2:item.ItemFacade:0, Cable Facade - Lime Rimmed Black Stable Stone
appliedenergistics2:item.ItemFacade:0, Cable Facade - Pink Rimmed Black Stable Stone
appliedenergistics2:item.ItemFacade:0, Cable Facade - Plain Rimmed Black Stable Stone
appliedenergistics2:item.ItemFacade:0, Cable Facade - Light Rimmed Black Stable Stone
appliedenergistics2:item.ItemFacade:0, Cable Facade - Cyan Rimmed Black Stable Stone
appliedenergistics2:item.ItemFacade:0, Cable Facade - Purple Rimmed Black Stable Stone
appliedenergistics2:item.ItemFacade:0, Cable Facade - Blue Rimmed Black Stable Stone
appliedenergistics2:item.ItemFacade:0, Cable Facade - Brown Rimmed Black Stable Stone
appliedenergistics2:item.ItemFacade:0, Cable Facade - Green Rimmed Black Stable Stone
appliedenergistics2:item.ItemFacade:0, Cable Facade - Red Rimmed Black Stable Stone
appliedenergistics2:item.ItemFacade:0, Cable Facade - Black Rimmed Black Stable Stone
appliedenergistics2:item.ItemFacade:0, Cable Facade - Purified Obsidian
appliedenergistics2:item.ItemFacade:0, Cable Facade - Amethyst Wood
appliedenergistics2:item.ItemFacade:0, Cable Facade - Amethyst Planks
appliedenergistics2:item.ItemFacade:0, Cable Facade - Tanzanite Wood
appliedenergistics2:item.ItemFacade:0, Cable Facade - Tanzanite Planks
appliedenergistics2:item.ItemFacade:0, Cable Facade - Pear Wood
appliedenergistics2:item.ItemFacade:0, Cable Facade - Pear Planks
appliedenergistics2:item.ItemFacade:0, Cable Facade - Diamond Wood
appliedenergistics2:item.ItemFacade:0, Cable Facade - Diamond Planks
appliedenergistics2:item.ItemFacade:0, Cable Facade - Amethyst Block
appliedenergistics2:item.ItemFacade:0, Cable Facade - Tanzanite Block
appliedenergistics2:item.ItemFacade:0, Cable Facade - Enriched Gold Block
appliedenergistics2:item.ItemFacade:0, Cable Facade - Reinforced Iron Block
appliedenergistics2:item.ItemFacade:0, Cable Facade - Weakened Diamond Block
appliedenergistics2:item.ItemFacade:0, Cable Facade - Flawless Diamond Block
appliedenergistics2:item.ItemFacade:0, Cable Facade - Fire Diamond Block
appliedenergistics2:item.ItemFacade:0, Cable Facade - Electric Diamond Block
appliedenergistics2:item.ItemFacade:0, Cable Facade - End Diamond Block
appliedenergistics2:item.ItemFacade:0, Cable Facade - Compact Giant Chance Cube
appliedenergistics2:item.ItemFacade:0, Cable Facade - Distortion Flame
appliedenergistics2:item.ItemFacade:0, Cable Facade - Draconium Ore
appliedenergistics2:item.ItemFacade:0, Cable Facade - Draconium Block
appliedenergistics2:item.ItemFacade:0, Cable Facade - Charged Draconium Block
appliedenergistics2:item.ItemFacade:0, Cable Facade - Energy Pylon
appliedenergistics2:item.ItemFacade:0, Cable Facade - Awakened Draconium Block
appliedenergistics2:item.ItemFacade:0, Cable Facade - Draconium Infused Obsidian
appliedenergistics2:item.ItemFacade:0, Cable Facade - Admin Dislocator
appliedenergistics2:item.ItemFacade:0, Cable Facade - Confusing Charge
appliedenergistics2:item.ItemFacade:0, Cable Facade - Ender Charge
appliedenergistics2:item.ItemFacade:0, Cable Facade - Concussion Charge
appliedenergistics2:item.ItemFacade:0, Cable Facade - Nova Catalyst
appliedenergistics2:item.ItemFacade:0, Cable Facade - Nova Cataclysm
appliedenergistics2:item.ItemFacade:0, Cable Facade - Dark Matter Block
appliedenergistics2:item.ItemFacade:0, Cable Facade - Red Matter Block
appliedenergistics2:item.ItemFacade:0, Cable Facade - Alchemical Coal Block
appliedenergistics2:item.ItemFacade:0, Cable Facade - Mobius Fuel Block
appliedenergistics2:item.ItemFacade:0, Cable Facade - Aeternalis Fuel Block
appliedenergistics2:item.ItemFacade:0, Cable Facade - Angel Block
appliedenergistics2:item.ItemFacade:0, Cable Facade - Block Update Detector
appliedenergistics2:item.ItemFacade:0, Cable Facade - Edged Stone Bricks
appliedenergistics2:item.ItemFacade:0, Cable Facade - Ender-infused Obsidian
appliedenergistics2:item.ItemFacade:0, Cable Facade - Burnt Quartz
appliedenergistics2:item.ItemFacade:0, Cable Facade - Frosted Stone
appliedenergistics2:item.ItemFacade:0, Cable Facade - Border Stone
appliedenergistics2:item.ItemFacade:0, Cable Facade - Unstable Ingot Block
appliedenergistics2:item.ItemFacade:0, Cable Facade - Gravel Bricks
appliedenergistics2:item.ItemFacade:0, Cable Facade - Border Stone (Alternate)
appliedenergistics2:item.ItemFacade:0, Cable Facade - Magical Wood
appliedenergistics2:item.ItemFacade:0, Cable Facade - Sandy Glass
appliedenergistics2:item.ItemFacade:0, Cable Facade - Gravel Road
appliedenergistics2:item.ItemFacade:0, Cable Facade - Ender Core
appliedenergistics2:item.ItemFacade:0, Cable Facade - Diamond-Etched Computational Matrix
appliedenergistics2:item.ItemFacade:0, Cable Facade - Ender-Sand Alloy
appliedenergistics2:item.ItemFacade:0, Cable Facade - Carved 'Eminence' Stone
appliedenergistics2:item.ItemFacade:0, Cable Facade - tile.extrautils:pureLove.name
appliedenergistics2:item.ItemFacade:0, Cable Facade - Block of Bedrockium
appliedenergistics2:item.ItemFacade:0, Cable Facade - Colored Stone Bricks (White Frequency)
appliedenergistics2:item.ItemFacade:0, Cable Facade - Colored Stone Bricks (Orange Frequency)
appliedenergistics2:item.ItemFacade:0, Cable Facade - Colored Stone Bricks (Magenta Frequency)
appliedenergistics2:item.ItemFacade:0, Cable Facade - Colored Stone Bricks (Light Blue Frequency)
appliedenergistics2:item.ItemFacade:0, Cable Facade - Colored Stone Bricks (Yellow Frequency)
appliedenergistics2:item.ItemFacade:0, Cable Facade - Colored Stone Bricks (Lime Frequency)
appliedenergistics2:item.ItemFacade:0, Cable Facade - Colored Stone Bricks (Pink Frequency)
appliedenergistics2:item.ItemFacade:0, Cable Facade - Colored Stone Bricks (Gray Frequency)
appliedenergistics2:item.ItemFacade:0, Cable Facade - Colored Stone Bricks (Light Gray Frequency)
appliedenergistics2:item.ItemFacade:0, Cable Facade - Colored Stone Bricks (Cyan Frequency)
appliedenergistics2:item.ItemFacade:0, Cable Facade - Colored Stone Bricks (Purple Frequency)
appliedenergistics2:item.ItemFacade:0, Cable Facade - Colored Stone Bricks (Blue Frequency)
appliedenergistics2:item.ItemFacade:0, Cable Facade - Colored Stone Bricks (Brown Frequency)
appliedenergistics2:item.ItemFacade:0, Cable Facade - Colored Stone Bricks (Green Frequency)
appliedenergistics2:item.ItemFacade:0, Cable Facade - Colored Stone Bricks (Red Frequency)
appliedenergistics2:item.ItemFacade:0, Cable Facade - Colored Stone Bricks (Black Frequency)
appliedenergistics2:item.ItemFacade:0, Cable Facade - Colored Oak Wood Planks (White Frequency)
appliedenergistics2:item.ItemFacade:0, Cable Facade - Colored Oak Wood Planks (Orange Frequency)
appliedenergistics2:item.ItemFacade:0, Cable Facade - Colored Oak Wood Planks (Magenta Frequency)
appliedenergistics2:item.ItemFacade:0, Cable Facade - Colored Oak Wood Planks (Light Blue Frequency)
appliedenergistics2:item.ItemFacade:0, Cable Facade - Colored Oak Wood Planks (Yellow Frequency)
appliedenergistics2:item.ItemFacade:0, Cable Facade - Colored Oak Wood Planks (Lime Frequency)
appliedenergistics2:item.ItemFacade:0, Cable Facade - Colored Oak Wood Planks (Pink Frequency)
appliedenergistics2:item.ItemFacade:0, Cable Facade - Colored Oak Wood Planks (Gray Frequency)
appliedenergistics2:item.ItemFacade:0, Cable Facade - Colored Oak Wood Planks (Light Gray Frequency)
appliedenergistics2:item.ItemFacade:0, Cable Facade - Colored Oak Wood Planks (Cyan Frequency)
appliedenergistics2:item.ItemFacade:0, Cable Facade - Colored Oak Wood Planks (Purple Frequency)
appliedenergistics2:item.ItemFacade:0, Cable Facade - Colored Oak Wood Planks (Blue Frequency)
appliedenergistics2:item.ItemFacade:0, Cable Facade - Colored Oak Wood Planks (Brown Frequency)
appliedenergistics2:item.ItemFacade:0, Cable Facade - Colored Oak Wood Planks (Green Frequency)
appliedenergistics2:item.ItemFacade:0, Cable Facade - Colored Oak Wood Planks (Red Frequency)
appliedenergistics2:item.ItemFacade:0, Cable Facade - Colored Oak Wood Planks (Black Frequency)
appliedenergistics2:item.ItemFacade:0, Cable Facade - Colored Glowstone (White Frequency)
appliedenergistics2:item.ItemFacade:0, Cable Facade - Colored Glowstone (Orange Frequency)
appliedenergistics2:item.ItemFacade:0, Cable Facade - Colored Glowstone (Magenta Frequency)
appliedenergistics2:item.ItemFacade:0, Cable Facade - Colored Glowstone (Light Blue Frequency)
appliedenergistics2:item.ItemFacade:0, Cable Facade - Colored Glowstone (Yellow Frequency)
appliedenergistics2:item.ItemFacade:0, Cable Facade - Colored Glowstone (Lime Frequency)
appliedenergistics2:item.ItemFacade:0, Cable Facade - Colored Glowstone (Pink Frequency)
appliedenergistics2:item.ItemFacade:0, Cable Facade - Colored Glowstone (Gray Frequency)
appliedenergistics2:item.ItemFacade:0, Cable Facade - Colored Glowstone (Light Gray Frequency)
appliedenergistics2:item.ItemFacade:0, Cable Facade - Colored Glowstone (Cyan Frequency)
appliedenergistics2:item.ItemFacade:0, Cable Facade - Colored Glowstone (Purple Frequency)
appliedenergistics2:item.ItemFacade:0, Cable Facade - Colored Glowstone (Blue Frequency)
appliedenergistics2:item.ItemFacade:0, Cable Facade - Colored Glowstone (Brown Frequency)
appliedenergistics2:item.ItemFacade:0, Cable Facade - Colored Glowstone (Green Frequency)
appliedenergistics2:item.ItemFacade:0, Cable Facade - Colored Glowstone (Red Frequency)
appliedenergistics2:item.ItemFacade:0, Cable Facade - Colored Glowstone (Black Frequency)
appliedenergistics2:item.ItemFacade:0, Cable Facade - Colored Stone (White Frequency)
appliedenergistics2:item.ItemFacade:0, Cable Facade - Colored Stone (Orange Frequency)
appliedenergistics2:item.ItemFacade:0, Cable Facade - Colored Stone (Magenta Frequency)
appliedenergistics2:item.ItemFacade:0, Cable Facade - Colored Stone (Light Blue Frequency)
appliedenergistics2:item.ItemFacade:0, Cable Facade - Colored Stone (Yellow Frequency)
appliedenergistics2:item.ItemFacade:0, Cable Facade - Colored Stone (Lime Frequency)
appliedenergistics2:item.ItemFacade:0, Cable Facade - Colored Stone (Pink Frequency)
appliedenergistics2:item.ItemFacade:0, Cable Facade - Colored Stone (Gray Frequency)
appliedenergistics2:item.ItemFacade:0, Cable Facade - Colored Stone (Light Gray Frequency)
appliedenergistics2:item.ItemFacade:0, Cable Facade - Colored Stone (Cyan Frequency)
appliedenergistics2:item.ItemFacade:0, Cable Facade - Colored Stone (Purple Frequency)
appliedenergistics2:item.ItemFacade:0, Cable Facade - Colored Stone (Blue Frequency)
appliedenergistics2:item.ItemFacade:0, Cable Facade - Colored Stone (Brown Frequency)
appliedenergistics2:item.ItemFacade:0, Cable Facade - Colored Stone (Green Frequency)
appliedenergistics2:item.ItemFacade:0, Cable Facade - Colored Stone (Red Frequency)
appliedenergistics2:item.ItemFacade:0, Cable Facade - Colored Stone (Black Frequency)
appliedenergistics2:item.ItemFacade:0, Cable Facade - Colored Block of Quartz (White Frequency)
appliedenergistics2:item.ItemFacade:0, Cable Facade - Colored Block of Quartz (Orange Frequency)
appliedenergistics2:item.ItemFacade:0, Cable Facade - Colored Block of Quartz (Magenta Frequency)
appliedenergistics2:item.ItemFacade:0, Cable Facade - Colored Block of Quartz (Light Blue Frequency)
appliedenergistics2:item.ItemFacade:0, Cable Facade - Colored Block of Quartz (Yellow Frequency)
appliedenergistics2:item.ItemFacade:0, Cable Facade - Colored Block of Quartz (Lime Frequency)
appliedenergistics2:item.ItemFacade:0, Cable Facade - Colored Block of Quartz (Pink Frequency)
appliedenergistics2:item.ItemFacade:0, Cable Facade - Colored Block of Quartz (Gray Frequency)
appliedenergistics2:item.ItemFacade:0, Cable Facade - Colored Block of Quartz (Light Gray Frequency)
appliedenergistics2:item.ItemFacade:0, Cable Facade - Colored Block of Quartz (Cyan Frequency)
appliedenergistics2:item.ItemFacade:0, Cable Facade - Colored Block of Quartz (Purple Frequency)
appliedenergistics2:item.ItemFacade:0, Cable Facade - Colored Block of Quartz (Blue Frequency)
appliedenergistics2:item.ItemFacade:0, Cable Facade - Colored Block of Quartz (Brown Frequency)
appliedenergistics2:item.ItemFacade:0, Cable Facade - Colored Block of Quartz (Green Frequency)
appliedenergistics2:item.ItemFacade:0, Cable Facade - Colored Block of Quartz (Red Frequency)
appliedenergistics2:item.ItemFacade:0, Cable Facade - Colored Block of Quartz (Black Frequency)
appliedenergistics2:item.ItemFacade:0, Cable Facade - Colored Soul Sand (White Frequency)
appliedenergistics2:item.ItemFacade:0, Cable Facade - Colored Soul Sand (Orange Frequency)
appliedenergistics2:item.ItemFacade:0, Cable Facade - Colored Soul Sand (Magenta Frequency)
appliedenergistics2:item.ItemFacade:0, Cable Facade - Colored Soul Sand (Light Blue Frequency)
appliedenergistics2:item.ItemFacade:0, Cable Facade - Colored Soul Sand (Yellow Frequency)
appliedenergistics2:item.ItemFacade:0, Cable Facade - Colored Soul Sand (Lime Frequency)
appliedenergistics2:item.ItemFacade:0, Cable Facade - Colored Soul Sand (Pink Frequency)
appliedenergistics2:item.ItemFacade:0, Cable Facade - Colored Soul Sand (Gray Frequency)
appliedenergistics2:item.ItemFacade:0, Cable Facade - Colored Soul Sand (Light Gray Frequency)
appliedenergistics2:item.ItemFacade:0, Cable Facade - Colored Soul Sand (Cyan Frequency)
appliedenergistics2:item.ItemFacade:0, Cable Facade - Colored Soul Sand (Purple Frequency)
appliedenergistics2:item.ItemFacade:0, Cable Facade - Colored Soul Sand (Blue Frequency)
appliedenergistics2:item.ItemFacade:0, Cable Facade - Colored Soul Sand (Brown Frequency)
appliedenergistics2:item.ItemFacade:0, Cable Facade - Colored Soul Sand (Green Frequency)
appliedenergistics2:item.ItemFacade:0, Cable Facade - Colored Soul Sand (Red Frequency)
appliedenergistics2:item.ItemFacade:0, Cable Facade - Colored Soul Sand (Black Frequency)
appliedenergistics2:item.ItemFacade:0, Cable Facade - Colored Redstone Lamp (White Frequency)
appliedenergistics2:item.ItemFacade:0, Cable Facade - Colored Redstone Lamp (Orange Frequency)
appliedenergistics2:item.ItemFacade:0, Cable Facade - Colored Redstone Lamp (Magenta Frequency)
appliedenergistics2:item.ItemFacade:0, Cable Facade - Colored Redstone Lamp (Light Blue Frequency)
appliedenergistics2:item.ItemFacade:0, Cable Facade - Colored Redstone Lamp (Yellow Frequency)
appliedenergistics2:item.ItemFacade:0, Cable Facade - Colored Redstone Lamp (Lime Frequency)
appliedenergistics2:item.ItemFacade:0, Cable Facade - Colored Redstone Lamp (Pink Frequency)
appliedenergistics2:item.ItemFacade:0, Cable Facade - Colored Redstone Lamp (Gray Frequency)
appliedenergistics2:item.ItemFacade:0, Cable Facade - Colored Redstone Lamp (Light Gray Frequency)
appliedenergistics2:item.ItemFacade:0, Cable Facade - Colored Redstone Lamp (Cyan Frequency)
appliedenergistics2:item.ItemFacade:0, Cable Facade - Colored Redstone Lamp (Purple Frequency)
appliedenergistics2:item.ItemFacade:0, Cable Facade - Colored Redstone Lamp (Blue Frequency)
appliedenergistics2:item.ItemFacade:0, Cable Facade - Colored Redstone Lamp (Brown Frequency)
appliedenergistics2:item.ItemFacade:0, Cable Facade - Colored Redstone Lamp (Green Frequency)
appliedenergistics2:item.ItemFacade:0, Cable Facade - Colored Redstone Lamp (Red Frequency)
appliedenergistics2:item.ItemFacade:0, Cable Facade - Colored Redstone Lamp (Black Frequency)
appliedenergistics2:item.ItemFacade:0, Cable Facade - Colored Bricks (White Frequency)
appliedenergistics2:item.ItemFacade:0, Cable Facade - Colored Bricks (Orange Frequency)
appliedenergistics2:item.ItemFacade:0, Cable Facade - Colored Bricks (Magenta Frequency)
appliedenergistics2:item.ItemFacade:0, Cable Facade - Colored Bricks (Light Blue Frequency)
appliedenergistics2:item.ItemFacade:0, Cable Facade - Colored Bricks (Yellow Frequency)
appliedenergistics2:item.ItemFacade:0, Cable Facade - Colored Bricks (Lime Frequency)
appliedenergistics2:item.ItemFacade:0, Cable Facade - Colored Bricks (Pink Frequency)
appliedenergistics2:item.ItemFacade:0, Cable Facade - Colored Bricks (Gray Frequency)
appliedenergistics2:item.ItemFacade:0, Cable Facade - Colored Bricks (Light Gray Frequency)
appliedenergistics2:item.ItemFacade:0, Cable Facade - Colored Bricks (Cyan Frequency)
appliedenergistics2:item.ItemFacade:0, Cable Facade - Colored Bricks (Purple Frequency)
appliedenergistics2:item.ItemFacade:0, Cable Facade - Colored Bricks (Blue Frequency)
appliedenergistics2:item.ItemFacade:0, Cable Facade - Colored Bricks (Brown Frequency)
appliedenergistics2:item.ItemFacade:0, Cable Facade - Colored Bricks (Green Frequency)
appliedenergistics2:item.ItemFacade:0, Cable Facade - Colored Bricks (Red Frequency)
appliedenergistics2:item.ItemFacade:0, Cable Facade - Colored Bricks (Black Frequency)
appliedenergistics2:item.ItemFacade:0, Cable Facade - Colored Cobblestone (White Frequency)
appliedenergistics2:item.ItemFacade:0, Cable Facade - Colored Cobblestone (Orange Frequency)
appliedenergistics2:item.ItemFacade:0, Cable Facade - Colored Cobblestone (Magenta Frequency)
appliedenergistics2:item.ItemFacade:0, Cable Facade - Colored Cobblestone (Light Blue Frequency)
appliedenergistics2:item.ItemFacade:0, Cable Facade - Colored Cobblestone (Yellow Frequency)
appliedenergistics2:item.ItemFacade:0, Cable Facade - Colored Cobblestone (Lime Frequency)
appliedenergistics2:item.ItemFacade:0, Cable Facade - Colored Cobblestone (Pink Frequency)
appliedenergistics2:item.ItemFacade:0, Cable Facade - Colored Cobblestone (Gray Frequency)
appliedenergistics2:item.ItemFacade:0, Cable Facade - Colored Cobblestone (Light Gray Frequency)
appliedenergistics2:item.ItemFacade:0, Cable Facade - Colored Cobblestone (Cyan Frequency)
appliedenergistics2:item.ItemFacade:0, Cable Facade - Colored Cobblestone (Purple Frequency)
appliedenergistics2:item.ItemFacade:0, Cable Facade - Colored Cobblestone (Blue Frequency)
appliedenergistics2:item.ItemFacade:0, Cable Facade - Colored Cobblestone (Brown Frequency)
appliedenergistics2:item.ItemFacade:0, Cable Facade - Colored Cobblestone (Green Frequency)
appliedenergistics2:item.ItemFacade:0, Cable Facade - Colored Cobblestone (Red Frequency)
appliedenergistics2:item.ItemFacade:0, Cable Facade - Colored Cobblestone (Black Frequency)
appliedenergistics2:item.ItemFacade:0, Cable Facade - Colored Lapis Lazuli Block (White Frequency)
appliedenergistics2:item.ItemFacade:0, Cable Facade - Colored Lapis Lazuli Block (Orange Frequency)
appliedenergistics2:item.ItemFacade:0, Cable Facade - Colored Lapis Lazuli Block (Magenta Frequency)
appliedenergistics2:item.ItemFacade:0, Cable Facade - Colored Lapis Lazuli Block (Light Blue Frequency)
appliedenergistics2:item.ItemFacade:0, Cable Facade - Colored Lapis Lazuli Block (Yellow Frequency)
appliedenergistics2:item.ItemFacade:0, Cable Facade - Colored Lapis Lazuli Block (Lime Frequency)
appliedenergistics2:item.ItemFacade:0, Cable Facade - Colored Lapis Lazuli Block (Pink Frequency)
appliedenergistics2:item.ItemFacade:0, Cable Facade - Colored Lapis Lazuli Block (Gray Frequency)
appliedenergistics2:item.ItemFacade:0, Cable Facade - Colored Lapis Lazuli Block (Light Gray Frequency)
appliedenergistics2:item.ItemFacade:0, Cable Facade - Colored Lapis Lazuli Block (Cyan Frequency)
appliedenergistics2:item.ItemFacade:0, Cable Facade - Colored Lapis Lazuli Block (Purple Frequency)
appliedenergistics2:item.ItemFacade:0, Cable Facade - Colored Lapis Lazuli Block (Blue Frequency)
appliedenergistics2:item.ItemFacade:0, Cable Facade - Colored Lapis Lazuli Block (Brown Frequency)
appliedenergistics2:item.ItemFacade:0, Cable Facade - Colored Lapis Lazuli Block (Green Frequency)
appliedenergistics2:item.ItemFacade:0, Cable Facade - Colored Lapis Lazuli Block (Red Frequency)
appliedenergistics2:item.ItemFacade:0, Cable Facade - Colored Lapis Lazuli Block (Black Frequency)
appliedenergistics2:item.ItemFacade:0, Cable Facade - Colored Obsidian (White Frequency)
appliedenergistics2:item.ItemFacade:0, Cable Facade - Colored Obsidian (Orange Frequency)
appliedenergistics2:item.ItemFacade:0, Cable Facade - Colored Obsidian (Magenta Frequency)
appliedenergistics2:item.ItemFacade:0, Cable Facade - Colored Obsidian (Light Blue Frequency)
appliedenergistics2:item.ItemFacade:0, Cable Facade - Colored Obsidian (Yellow Frequency)
appliedenergistics2:item.ItemFacade:0, Cable Facade - Colored Obsidian (Lime Frequency)
appliedenergistics2:item.ItemFacade:0, Cable Facade - Colored Obsidian (Pink Frequency)
appliedenergistics2:item.ItemFacade:0, Cable Facade - Colored Obsidian (Gray Frequency)
appliedenergistics2:item.ItemFacade:0, Cable Facade - Colored Obsidian (Light Gray Frequency)
appliedenergistics2:item.ItemFacade:0, Cable Facade - Colored Obsidian (Cyan Frequency)
appliedenergistics2:item.ItemFacade:0, Cable Facade - Colored Obsidian (Purple Frequency)
appliedenergistics2:item.ItemFacade:0, Cable Facade - Colored Obsidian (Blue Frequency)
appliedenergistics2:item.ItemFacade:0, Cable Facade - Colored Obsidian (Brown Frequency)
appliedenergistics2:item.ItemFacade:0, Cable Facade - Colored Obsidian (Green Frequency)
appliedenergistics2:item.ItemFacade:0, Cable Facade - Colored Obsidian (Red Frequency)
appliedenergistics2:item.ItemFacade:0, Cable Facade - Colored Obsidian (Black Frequency)
appliedenergistics2:item.ItemFacade:0, Cable Facade - Colored Block of Redstone (White Frequency)
appliedenergistics2:item.ItemFacade:0, Cable Facade - Colored Block of Redstone (Orange Frequency)
appliedenergistics2:item.ItemFacade:0, Cable Facade - Colored Block of Redstone (Magenta Frequency)
appliedenergistics2:item.ItemFacade:0, Cable Facade - Colored Block of Redstone (Light Blue Frequency)
appliedenergistics2:item.ItemFacade:0, Cable Facade - Colored Block of Redstone (Yellow Frequency)
appliedenergistics2:item.ItemFacade:0, Cable Facade - Colored Block of Redstone (Lime Frequency)
appliedenergistics2:item.ItemFacade:0, Cable Facade - Colored Block of Redstone (Pink Frequency)
appliedenergistics2:item.ItemFacade:0, Cable Facade - Colored Block of Redstone (Gray Frequency)
appliedenergistics2:item.ItemFacade:0, Cable Facade - Colored Block of Redstone (Light Gray Frequency)
appliedenergistics2:item.ItemFacade:0, Cable Facade - Colored Block of Redstone (Cyan Frequency)
appliedenergistics2:item.ItemFacade:0, Cable Facade - Colored Block of Redstone (Purple Frequency)
appliedenergistics2:item.ItemFacade:0, Cable Facade - Colored Block of Redstone (Blue Frequency)
appliedenergistics2:item.ItemFacade:0, Cable Facade - Colored Block of Redstone (Brown Frequency)
appliedenergistics2:item.ItemFacade:0, Cable Facade - Colored Block of Redstone (Green Frequency)
appliedenergistics2:item.ItemFacade:0, Cable Facade - Colored Block of Redstone (Red Frequency)
appliedenergistics2:item.ItemFacade:0, Cable Facade - Colored Block of Redstone (Black Frequency)
appliedenergistics2:item.ItemFacade:0, Cable Facade - Colored Block of Coal (White Frequency)
appliedenergistics2:item.ItemFacade:0, Cable Facade - Colored Block of Coal (Orange Frequency)
appliedenergistics2:item.ItemFacade:0, Cable Facade - Colored Block of Coal (Magenta Frequency)
appliedenergistics2:item.ItemFacade:0, Cable Facade - Colored Block of Coal (Light Blue Frequency)
appliedenergistics2:item.ItemFacade:0, Cable Facade - Colored Block of Coal (Yellow Frequency)
appliedenergistics2:item.ItemFacade:0, Cable Facade - Colored Block of Coal (Lime Frequency)
appliedenergistics2:item.ItemFacade:0, Cable Facade - Colored Block of Coal (Pink Frequency)
appliedenergistics2:item.ItemFacade:0, Cable Facade - Colored Block of Coal (Gray Frequency)
appliedenergistics2:item.ItemFacade:0, Cable Facade - Colored Block of Coal (Light Gray Frequency)
appliedenergistics2:item.ItemFacade:0, Cable Facade - Colored Block of Coal (Cyan Frequency)
appliedenergistics2:item.ItemFacade:0, Cable Facade - Colored Block of Coal (Purple Frequency)
appliedenergistics2:item.ItemFacade:0, Cable Facade - Colored Block of Coal (Blue Frequency)
appliedenergistics2:item.ItemFacade:0, Cable Facade - Colored Block of Coal (Brown Frequency)
appliedenergistics2:item.ItemFacade:0, Cable Facade - Colored Block of Coal (Green Frequency)
appliedenergistics2:item.ItemFacade:0, Cable Facade - Colored Block of Coal (Red Frequency)
appliedenergistics2:item.ItemFacade:0, Cable Facade - Colored Block of Coal (Black Frequency)
appliedenergistics2:item.ItemFacade:0, Cable Facade - Compressed Cobblestone
appliedenergistics2:item.ItemFacade:0, Cable Facade - Double Compressed Cobblestone
appliedenergistics2:item.ItemFacade:0, Cable Facade - Triple Compressed Cobblestone
appliedenergistics2:item.ItemFacade:0, Cable Facade - Quadruple Compressed Cobblestone
appliedenergistics2:item.ItemFacade:0, Cable Facade - Quintuple Compressed Cobblestone
appliedenergistics2:item.ItemFacade:0, Cable Facade - Sextuple Compressed Cobblestone
appliedenergistics2:item.ItemFacade:0, Cable Facade - Septuple Compressed Cobblestone
appliedenergistics2:item.ItemFacade:0, Cable Facade - Octuple Compressed Cobblestone
appliedenergistics2:item.ItemFacade:0, Cable Facade - Compressed Dirt
appliedenergistics2:item.ItemFacade:0, Cable Facade - Double Compressed Dirt
appliedenergistics2:item.ItemFacade:0, Cable Facade - Triple Compressed Dirt
appliedenergistics2:item.ItemFacade:0, Cable Facade - Quadruple Compressed Dirt
appliedenergistics2:item.ItemFacade:0, Cable Facade - Compressed Gravel
appliedenergistics2:item.ItemFacade:0, Cable Facade - Double Compressed Gravel
appliedenergistics2:item.ItemFacade:0, Cable Facade - Compressed Sand
appliedenergistics2:item.ItemFacade:0, Cable Facade - Double Compressed Sand
appliedenergistics2:item.ItemFacade:0, Cable Facade - Conveyor Belt
appliedenergistics2:item.ItemFacade:0, Cable Facade - Lapis Caelestis Albus (White)
appliedenergistics2:item.ItemFacade:0, Cable Facade - Lapis Caelestis Aurantiacus (Orange)
appliedenergistics2:item.ItemFacade:0, Cable Facade - Lapis Caelestis Purpura Amethystinus (Magenta)
appliedenergistics2:item.ItemFacade:0, Cable Facade - Lapis Caelestis Caesicius (Light Blue)
appliedenergistics2:item.ItemFacade:0, Cable Facade - Lapis Caelestis Flavus (Yellow)
appliedenergistics2:item.ItemFacade:0, Cable Facade - Lapis Caelestis Viridis (Green)
appliedenergistics2:item.ItemFacade:0, Cable Facade - Lapis Caelestis Roseus (Pink)
appliedenergistics2:item.ItemFacade:0, Cable Facade - Lapis Caelestis Cinereus (Gray)
appliedenergistics2:item.ItemFacade:0, Cable Facade - Lapis Caelestis Lux Cinereus (Light Gray)
appliedenergistics2:item.ItemFacade:0, Cable Facade - Lapis Caelestis Callainus (Cyan)
appliedenergistics2:item.ItemFacade:0, Cable Facade - Lapis Caelestis Purpura (Purple)
appliedenergistics2:item.ItemFacade:0, Cable Facade - Lapis Caelestis Caeruleus (Blue)
appliedenergistics2:item.ItemFacade:0, Cable Facade - Lapis Caelestis Fuscus (Brown)
appliedenergistics2:item.ItemFacade:0, Cable Facade - Lapis Caelestis Paphiae Myrti (Dark Green)
appliedenergistics2:item.ItemFacade:0, Cable Facade - Lapis Caelestis Rufus (Red)
appliedenergistics2:item.ItemFacade:0, Cable Facade - Lapis Caelestis Nox (Black)
appliedenergistics2:item.ItemFacade:0, Cable Facade - Redstone Clock
appliedenergistics2:item.ItemFacade:0, Cable Facade - Beehive
appliedenergistics2:item.ItemFacade:0, Cable Facade - tile.sink.name
appliedenergistics2:item.ItemFacade:0, Cable Facade - tile.sink.name
appliedenergistics2:item.ItemFacade:0, Cable Facade - tile.sink.name
appliedenergistics2:item.ItemFacade:0, Cable Facade - tile.sink.name
appliedenergistics2:item.ItemFacade:0, Cable Facade - Salt Ore
appliedenergistics2:item.ItemFacade:0, Cable Facade - Compressed Salt Block
appliedenergistics2:item.ItemFacade:0, Cable Facade - Copper Ore
appliedenergistics2:item.ItemFacade:0, Cable Facade - Bauxite Ore
appliedenergistics2:item.ItemFacade:0, Cable Facade - Lead Ore
appliedenergistics2:item.ItemFacade:0, Cable Facade - Silver Ore
appliedenergistics2:item.ItemFacade:0, Cable Facade - Nickel Ore
appliedenergistics2:item.ItemFacade:0, Cable Facade - Block of Copper
appliedenergistics2:item.ItemFacade:0, Cable Facade - Block of Aluminium
appliedenergistics2:item.ItemFacade:0, Cable Facade - Block of Lead
appliedenergistics2:item.ItemFacade:0, Cable Facade - Block of Silver
appliedenergistics2:item.ItemFacade:0, Cable Facade - Block of Nickel
appliedenergistics2:item.ItemFacade:0, Cable Facade - Block of Constantan
appliedenergistics2:item.ItemFacade:0, Cable Facade - Block of Electrum
appliedenergistics2:item.ItemFacade:0, Cable Facade - Block of Steel
appliedenergistics2:item.ItemFacade:0, Cable Facade - Copper Wire Coil
appliedenergistics2:item.ItemFacade:0, Cable Facade - Electrum Wire Coil
appliedenergistics2:item.ItemFacade:0, Cable Facade - High-Voltage Wire Coil
appliedenergistics2:item.ItemFacade:0, Cable Facade - Treated Wood Planks
appliedenergistics2:item.ItemFacade:0, Cable Facade - Treated Wood Planks
appliedenergistics2:item.ItemFacade:0, Cable Facade - Treated Wood Planks
appliedenergistics2:item.ItemFacade:0, Cable Facade - Hempcrete
appliedenergistics2:item.ItemFacade:0, Cable Facade - Coke Brick
appliedenergistics2:item.ItemFacade:0, Cable Facade - Blast Brick
appliedenergistics2:item.ItemFacade:0, Cable Facade - Block of Coal Coke
appliedenergistics2:item.ItemFacade:0, Cable Facade - Concrete
appliedenergistics2:item.ItemFacade:0, Cable Facade - Concrete Tile
appliedenergistics2:item.ItemFacade:0, Cable Facade - Reinforced Blast Brick
appliedenergistics2:item.ItemFacade:0, Cable Facade - Hambone
appliedenergistics2:item.ItemFacade:0, Cable Facade - SDX
appliedenergistics2:item.ItemFacade:0, Cable Facade - SDX
appliedenergistics2:item.ItemFacade:0, Cable Facade - Congealed Blue Slime
appliedenergistics2:item.ItemFacade:0, Cable Facade - Congealed Green Slime
appliedenergistics2:item.ItemFacade:0, Cable Facade - Congealed Purple Slime
appliedenergistics2:item.ItemFacade:0, Cable Facade - Obsidian Brick
appliedenergistics2:item.ItemFacade:0, Cable Facade - Sandstone Brick
appliedenergistics2:item.ItemFacade:0, Cable Facade - Netherrack Brick
appliedenergistics2:item.ItemFacade:0, Cable Facade - Polished Stone Brick
appliedenergistics2:item.ItemFacade:0, Cable Facade - Iron Brick
appliedenergistics2:item.ItemFacade:0, Cable Facade - Gold Brick
appliedenergistics2:item.ItemFacade:0, Cable Facade - Lapis Brick
appliedenergistics2:item.ItemFacade:0, Cable Facade - Diamond Brick
appliedenergistics2:item.ItemFacade:0, Cable Facade - Redstone Brick
appliedenergistics2:item.ItemFacade:0, Cable Facade - Bone Brick
appliedenergistics2:item.ItemFacade:0, Cable Facade - Slime Brick
appliedenergistics2:item.ItemFacade:0, Cable Facade - Slime Brick
appliedenergistics2:item.ItemFacade:0, Cable Facade - Endstone Brick
appliedenergistics2:item.ItemFacade:0, Cable Facade - Obsidian Brick
appliedenergistics2:item.ItemFacade:0, Cable Facade - Fancy Obsidian Brick
appliedenergistics2:item.ItemFacade:0, Cable Facade - Fancy Sandstone Brick
appliedenergistics2:item.ItemFacade:0, Cable Facade - Fancy Netherrack Brick
appliedenergistics2:item.ItemFacade:0, Cable Facade - Fancy Polished Stone Brick
appliedenergistics2:item.ItemFacade:0, Cable Facade - Fancy Iron Brick
appliedenergistics2:item.ItemFacade:0, Cable Facade - Fancy Gold Brick
appliedenergistics2:item.ItemFacade:0, Cable Facade - Fancy Lapis Brick
appliedenergistics2:item.ItemFacade:0, Cable Facade - Fancy Diamond Brick
appliedenergistics2:item.ItemFacade:0, Cable Facade - Fancy Redstone Brick
appliedenergistics2:item.ItemFacade:0, Cable Facade - Fancy Bone Brick
appliedenergistics2:item.ItemFacade:0, Cable Facade - Fancy Slime Brick
appliedenergistics2:item.ItemFacade:0, Cable Facade - Fancy Slime Brick
appliedenergistics2:item.ItemFacade:0, Cable Facade - Fancy Endstone Brick
appliedenergistics2:item.ItemFacade:0, Cable Facade - Fancy Obsidian Brick
appliedenergistics2:item.ItemFacade:0, Cable Facade - Fancy Stone Brick
appliedenergistics2:item.ItemFacade:0, Cable Facade - Stone Road
appliedenergistics2:item.ItemFacade:0, Cable Facade - Alumite Brick
appliedenergistics2:item.ItemFacade:0, Cable Facade - Ardite Brick
appliedenergistics2:item.ItemFacade:0, Cable Facade - Cobalt Brick
appliedenergistics2:item.ItemFacade:0, Cable Facade - Manyullyn Brick
appliedenergistics2:item.ItemFacade:0, Cable Facade - Fancy Alumite Brick
appliedenergistics2:item.ItemFacade:0, Cable Facade - Fancy Ardite Brick
appliedenergistics2:item.ItemFacade:0, Cable Facade - Fancy Cobalt Brick
appliedenergistics2:item.ItemFacade:0, Cable Facade - Fancy Manyullyn Brick
appliedenergistics2:item.ItemFacade:0, Cable Facade - Cobalt Ore
appliedenergistics2:item.ItemFacade:0, Cable Facade - Ardite Ore
appliedenergistics2:item.ItemFacade:0, Cable Facade - Copper Ore
appliedenergistics2:item.ItemFacade:0, Cable Facade - Tin Ore
appliedenergistics2:item.ItemFacade:0, Cable Facade - Aluminum Ore
appliedenergistics2:item.ItemFacade:0, Cable Facade - Iron Gravel Ore
appliedenergistics2:item.ItemFacade:0, Cable Facade - Gold Gravel Ore
appliedenergistics2:item.ItemFacade:0, Cable Facade - Copper Gravel Ore
appliedenergistics2:item.ItemFacade:0, Cable Facade - Tin Gravel Ore
appliedenergistics2:item.ItemFacade:0, Cable Facade - Aluminum Gravel Ore
appliedenergistics2:item.ItemFacade:0, Cable Facade - Cobalt Gravel Ore
appliedenergistics2:item.ItemFacade:0, Cable Facade - Block of Cobalt
appliedenergistics2:item.ItemFacade:0, Cable Facade - Block of Ardite
appliedenergistics2:item.ItemFacade:0, Cable Facade - Block of Manyullyn
appliedenergistics2:item.ItemFacade:0, Cable Facade - Block of Copper
appliedenergistics2:item.ItemFacade:0, Cable Facade - Block of Bronze
appliedenergistics2:item.ItemFacade:0, Cable Facade - Block of Tin
appliedenergistics2:item.ItemFacade:0, Cable Facade - Block of Aluminum
appliedenergistics2:item.ItemFacade:0, Cable Facade - Block of Aluminum Brass
appliedenergistics2:item.ItemFacade:0, Cable Facade - Block of Alumite
appliedenergistics2:item.ItemFacade:0, Cable Facade - Block of Steel
appliedenergistics2:item.ItemFacade:0, Cable Facade - Block of Solid Ender
appliedenergistics2:item.ItemFacade:0, Cable Facade - Slimy Mud
appliedenergistics2:item.ItemFacade:0, Cable Facade - Grout
appliedenergistics2:item.ItemFacade:0, Cable Facade - Slimy Mud
appliedenergistics2:item.ItemFacade:0, Cable Facade - Graveyard Soil
appliedenergistics2:item.ItemFacade:0, Cable Facade - Consecrated Soil
appliedenergistics2:item.ItemFacade:0, Cable Facade - Blue Slimedirt
appliedenergistics2:item.ItemFacade:0, Cable Facade - Slime Soil
appliedenergistics2:item.ItemFacade:0, Cable Facade - Glue Block
appliedenergistics2:item.ItemFacade:0, Cable Facade - Rough Brownstone
appliedenergistics2:item.ItemFacade:0, Cable Facade - Brownstone Road
appliedenergistics2:item.ItemFacade:0, Cable Facade - Brownstone
appliedenergistics2:item.ItemFacade:0, Cable Facade - Brownstone Brick
appliedenergistics2:item.ItemFacade:0, Cable Facade - Brownstone Road
appliedenergistics2:item.ItemFacade:0, Cable Facade - Fancy Brownstone
appliedenergistics2:item.ItemFacade:0, Cable Facade - Chiseled Brownstone
appliedenergistics2:item.ItemFacade:0, Cable Facade - Fairy Block
appliedenergistics2:item.ItemFacade:0, Cable Facade - Pokefennium Block
appliedenergistics2:item.ItemFacade:0, Cable Facade - RedAurum Block
appliedenergistics2:item.ItemFacade:0, Cable Facade - End Stone Brick
appliedenergistics2:item.ItemFacade:0, Cable Facade - Ender Pearl Block
appliedenergistics2:item.ItemFacade:0, Cable Facade - Ender Pearl Brick
appliedenergistics2:item.ItemFacade:0, Cable Facade - Ender Toggler
appliedenergistics2:item.ItemFacade:0, Cable Facade - Raw Endium
appliedenergistics2:item.ItemFacade:0, Cable Facade - Block of Endium
appliedenergistics2:item.ItemFacade:0, Cable Facade - Black Quartz Block
appliedenergistics2:item.ItemFacade:0, Cable Facade - Red Quartz Block
appliedenergistics2:item.ItemFacade:0, Cable Facade - Green Quartz Block
appliedenergistics2:item.ItemFacade:0, Cable Facade - Brown Quartz Block
appliedenergistics2:item.ItemFacade:0, Cable Facade - Blue Quartz Block
appliedenergistics2:item.ItemFacade:0, Cable Facade - Purple Quartz Block
appliedenergistics2:item.ItemFacade:0, Cable Facade - Cyan Quartz Block
appliedenergistics2:item.ItemFacade:0, Cable Facade - Light Gray Quartz Block
appliedenergistics2:item.ItemFacade:0, Cable Facade - Gray Quartz Block
appliedenergistics2:item.ItemFacade:0, Cable Facade - Pink Quartz Block
appliedenergistics2:item.ItemFacade:0, Cable Facade - Lime Quartz Block
appliedenergistics2:item.ItemFacade:0, Cable Facade - Yellow Quartz Block
appliedenergistics2:item.ItemFacade:0, Cable Facade - Light Blue Quartz Block
appliedenergistics2:item.ItemFacade:0, Cable Facade - Magenta Quartz Block
appliedenergistics2:item.ItemFacade:0, Cable Facade - Orange Quartz Block
appliedenergistics2:item.ItemFacade:0, Cable Facade - White Quartz Block
appliedenergistics2:item.ItemFacade:0, Cable Facade - Black Chiselled Quartz Block
appliedenergistics2:item.ItemFacade:0, Cable Facade - Red Chiselled Quartz Block
appliedenergistics2:item.ItemFacade:0, Cable Facade - Green Chiselled Quartz Block
appliedenergistics2:item.ItemFacade:0, Cable Facade - Brown Chiselled Quartz Block
appliedenergistics2:item.ItemFacade:0, Cable Facade - Blue Chiselled Quartz Block
appliedenergistics2:item.ItemFacade:0, Cable Facade - Purple Chiselled Quartz Block
appliedenergistics2:item.ItemFacade:0, Cable Facade - Cyan Chiselled Quartz Block
appliedenergistics2:item.ItemFacade:0, Cable Facade - Light Gray Chiselled Quartz Block
appliedenergistics2:item.ItemFacade:0, Cable Facade - Gray Chiselled Quartz Block
appliedenergistics2:item.ItemFacade:0, Cable Facade - Pink Chiselled Quartz Block
appliedenergistics2:item.ItemFacade:0, Cable Facade - Lime Chiselled Quartz Block
appliedenergistics2:item.ItemFacade:0, Cable Facade - Yellow Chiselled Quartz Block
appliedenergistics2:item.ItemFacade:0, Cable Facade - Light Blue Chiselled Quartz Block
appliedenergistics2:item.ItemFacade:0, Cable Facade - Magenta Chiselled Quartz Block
appliedenergistics2:item.ItemFacade:0, Cable Facade - Orange Chiselled Quartz Block
appliedenergistics2:item.ItemFacade:0, Cable Facade - White Chiselled Quartz Block
appliedenergistics2:item.ItemFacade:0, Cable Facade - Black Pillar Quartz Block
appliedenergistics2:item.ItemFacade:0, Cable Facade - Red Pillar Quartz Block
appliedenergistics2:item.ItemFacade:0, Cable Facade - Green Pillar Quartz Block
appliedenergistics2:item.ItemFacade:0, Cable Facade - Brown Pillar Quartz Block
appliedenergistics2:item.ItemFacade:0, Cable Facade - Blue Pillar Quartz Block
appliedenergistics2:item.ItemFacade:0, Cable Facade - Purple Pillar Quartz Block
appliedenergistics2:item.ItemFacade:0, Cable Facade - Cyan Pillar Quartz Block
appliedenergistics2:item.ItemFacade:0, Cable Facade - Light Gray Pillar Quartz Block
appliedenergistics2:item.ItemFacade:0, Cable Facade - Gray Pillar Quartz Block
appliedenergistics2:item.ItemFacade:0, Cable Facade - Pink Pillar Quartz Block
appliedenergistics2:item.ItemFacade:0, Cable Facade - Lime Pillar Quartz Block
appliedenergistics2:item.ItemFacade:0, Cable Facade - Yellow Pillar Quartz Block
appliedenergistics2:item.ItemFacade:0, Cable Facade - Light Blue Pillar Quartz Block
appliedenergistics2:item.ItemFacade:0, Cable Facade - Magenta Pillar Quartz Block
appliedenergistics2:item.ItemFacade:0, Cable Facade - Orange Pillar Quartz Block
appliedenergistics2:item.ItemFacade:0, Cable Facade - White Pillar Quartz Block
appliedenergistics2:item.ItemFacade:0, Cable Facade - Soul TNT
appliedenergistics2:item.ItemFacade:0, Cable Facade - Focused Lava Cell
appliedenergistics2:item.ItemFacade:0, Cable Facade - Blaze Block
appliedenergistics2:item.ItemFacade:0, Cable Facade - Coke Oven Wall
appliedenergistics2:item.ItemFacade:0, Cable Facade - Heated Coke Oven Wall
appliedenergistics2:item.ItemFacade:0, Cable Facade - Coke Oven Port
appliedenergistics2:item.ItemFacade:0, Cable Facade - Fluix Wire Coil
appliedenergistics2:item.ItemFacade:0, Cable Facade - Dense Wire Coil
appliedenergistics2:item.ItemFacade:0, Cable Facade - Limestone Slab
appliedenergistics2:item.ItemFacade:0, Cable Facade - Burnt Limestone Slab
appliedenergistics2:item.ItemFacade:0, Cable Facade - Limestone Brick Slab
appliedenergistics2:item.ItemFacade:0, Cable Facade - Clay Roof Tile Slab
appliedenergistics2:item.ItemFacade:0, Cable Facade - Limestone Tile Slab
appliedenergistics2:item.ItemFacade:0, Cable Facade - Burnt Limestone Brick Slab
appliedenergistics2:item.ItemFacade:0, Cable Facade - Limestone Cobble Slab
appliedenergistics2:item.ItemFacade:0, Cable Facade - Burnt Limestone Cobble Slab
appliedenergistics2:item.ItemFacade:0, Cable Facade - Copper Ore
appliedenergistics2:item.ItemFacade:0, Cable Facade - Salt Ore
appliedenergistics2:item.ItemFacade:0, Cable Facade - Sulfur Ore
appliedenergistics2:item.ItemFacade:0, Cable Facade - Thorium Ore
appliedenergistics2:item.ItemFacade:0, Cable Facade - Tungsten Ore
appliedenergistics2:item.ItemFacade:0, Cable Facade - Uranium Ore
appliedenergistics2:item.ItemFacade:0, Cable Facade - Limestone
appliedenergistics2:item.ItemFacade:0, Cable Facade - Burnt Limestone
appliedenergistics2:item.ItemFacade:0, Cable Facade - Limestone Bricks
appliedenergistics2:item.ItemFacade:0, Cable Facade - Clay Roof Tiles
appliedenergistics2:item.ItemFacade:0, Cable Facade - Limestone Tiles
appliedenergistics2:item.ItemFacade:0, Cable Facade - Burnt Limestone Bricks
appliedenergistics2:item.ItemFacade:0, Cable Facade - Limestone Cobble
appliedenergistics2:item.ItemFacade:0, Cable Facade - Burnt Limestone Cobble
appliedenergistics2:item.ItemFacade:0, Cable Facade - Copper Block
appliedenergistics2:item.ItemFacade:0, Cable Facade - Tungsten Block
appliedenergistics2:item.ItemFacade:0, Cable Facade - Carbide Block
appliedenergistics2:item.ItemFacade:0, Cable Facade - Brass Block
appliedenergistics2:item.ItemFacade:0, Cable Facade - Zinc Block
appliedenergistics2:item.ItemFacade:0, Cable Facade - Salt Block
appliedenergistics2:item.ItemFacade:0, Cable Facade - Sulfur Block
appliedenergistics2:item.ItemFacade:0, Cable Facade - Zinc Ore
appliedenergistics2:item.ItemFacade:0, Cable Facade - Tar
appliedenergistics2:item.ItemFacade:0, Cable Facade - Osmium Ore
appliedenergistics2:item.ItemFacade:0, Cable Facade - Copper Ore
appliedenergistics2:item.ItemFacade:0, Cable Facade - Tin Ore
appliedenergistics2:item.ItemFacade:0, Cable Facade - §8Black Plastic Block
appliedenergistics2:item.ItemFacade:0, Cable Facade - §cRed Plastic Block
appliedenergistics2:item.ItemFacade:0, Cable Facade - §2Green Plastic Block
appliedenergistics2:item.ItemFacade:0, Cable Facade - §6Brown Plastic Block
appliedenergistics2:item.ItemFacade:0, Cable Facade - §1Blue Plastic Block
appliedenergistics2:item.ItemFacade:0, Cable Facade - §5Purple Plastic Block
appliedenergistics2:item.ItemFacade:0, Cable Facade - §3Cyan Plastic Block
appliedenergistics2:item.ItemFacade:0, Cable Facade - §7Light Grey Plastic Block
appliedenergistics2:item.ItemFacade:0, Cable Facade - §8Grey Plastic Block
appliedenergistics2:item.ItemFacade:0, Cable Facade - §dPink Plastic Block
appliedenergistics2:item.ItemFacade:0, Cable Facade - §aLime Plastic Block
appliedenergistics2:item.ItemFacade:0, Cable Facade - §eYellow Plastic Block
appliedenergistics2:item.ItemFacade:0, Cable Facade - §9Light Blue Plastic Block
appliedenergistics2:item.ItemFacade:0, Cable Facade - §dMagenta Plastic Block
appliedenergistics2:item.ItemFacade:0, Cable Facade - §6Orange Plastic Block
appliedenergistics2:item.ItemFacade:0, Cable Facade - §fWhite Plastic Block
appliedenergistics2:item.ItemFacade:0, Cable Facade - §8Black Slick Plastic Block
appliedenergistics2:item.ItemFacade:0, Cable Facade - §cRed Slick Plastic Block
appliedenergistics2:item.ItemFacade:0, Cable Facade - §2Green Slick Plastic Block
appliedenergistics2:item.ItemFacade:0, Cable Facade - §6Brown Slick Plastic Block
appliedenergistics2:item.ItemFacade:0, Cable Facade - §1Blue Slick Plastic Block
appliedenergistics2:item.ItemFacade:0, Cable Facade - §5Purple Slick Plastic Block
appliedenergistics2:item.ItemFacade:0, Cable Facade - §3Cyan Slick Plastic Block
appliedenergistics2:item.ItemFacade:0, Cable Facade - §7Light Grey Slick Plastic Block
appliedenergistics2:item.ItemFacade:0, Cable Facade - §8Grey Slick Plastic Block
appliedenergistics2:item.ItemFacade:0, Cable Facade - §dPink Slick Plastic Block
appliedenergistics2:item.ItemFacade:0, Cable Facade - §aLime Slick Plastic Block
appliedenergistics2:item.ItemFacade:0, Cable Facade - §eYellow Slick Plastic Block
appliedenergistics2:item.ItemFacade:0, Cable Facade - §9Light Blue Slick Plastic Block
appliedenergistics2:item.ItemFacade:0, Cable Facade - §dMagenta Slick Plastic Block
appliedenergistics2:item.ItemFacade:0, Cable Facade - §6Orange Slick Plastic Block
appliedenergistics2:item.ItemFacade:0, Cable Facade - §fWhite Slick Plastic Block
appliedenergistics2:item.ItemFacade:0, Cable Facade - §8Black Plastic Glow Block
appliedenergistics2:item.ItemFacade:0, Cable Facade - §cRed Plastic Glow Block
appliedenergistics2:item.ItemFacade:0, Cable Facade - §2Green Plastic Glow Block
appliedenergistics2:item.ItemFacade:0, Cable Facade - §6Brown Plastic Glow Block
appliedenergistics2:item.ItemFacade:0, Cable Facade - §1Blue Plastic Glow Block
appliedenergistics2:item.ItemFacade:0, Cable Facade - §5Purple Plastic Glow Block
appliedenergistics2:item.ItemFacade:0, Cable Facade - §3Cyan Plastic Glow Block
appliedenergistics2:item.ItemFacade:0, Cable Facade - §7Light Grey Plastic Glow Block
appliedenergistics2:item.ItemFacade:0, Cable Facade - §8Grey Plastic Glow Block
appliedenergistics2:item.ItemFacade:0, Cable Facade - §dPink Plastic Glow Block
appliedenergistics2:item.ItemFacade:0, Cable Facade - §aLime Plastic Glow Block
appliedenergistics2:item.ItemFacade:0, Cable Facade - §eYellow Plastic Glow Block
appliedenergistics2:item.ItemFacade:0, Cable Facade - §9Light Blue Plastic Glow Block
appliedenergistics2:item.ItemFacade:0, Cable Facade - §dMagenta Plastic Glow Block
appliedenergistics2:item.ItemFacade:0, Cable Facade - §6Orange Plastic Glow Block
appliedenergistics2:item.ItemFacade:0, Cable Facade - §fWhite Plastic Glow Block
appliedenergistics2:item.ItemFacade:0, Cable Facade - §8Black Reinforced Plastic Block
appliedenergistics2:item.ItemFacade:0, Cable Facade - §cRed Reinforced Plastic Block
appliedenergistics2:item.ItemFacade:0, Cable Facade - §2Green Reinforced Plastic Block
appliedenergistics2:item.ItemFacade:0, Cable Facade - §6Brown Reinforced Plastic Block
appliedenergistics2:item.ItemFacade:0, Cable Facade - §1Blue Reinforced Plastic Block
appliedenergistics2:item.ItemFacade:0, Cable Facade - §5Purple Reinforced Plastic Block
appliedenergistics2:item.ItemFacade:0, Cable Facade - §3Cyan Reinforced Plastic Block
appliedenergistics2:item.ItemFacade:0, Cable Facade - §7Light Grey Reinforced Plastic Block
appliedenergistics2:item.ItemFacade:0, Cable Facade - §8Grey Reinforced Plastic Block
appliedenergistics2:item.ItemFacade:0, Cable Facade - §dPink Reinforced Plastic Block
appliedenergistics2:item.ItemFacade:0, Cable Facade - §aLime Reinforced Plastic Block
appliedenergistics2:item.ItemFacade:0, Cable Facade - §eYellow Reinforced Plastic Block
appliedenergistics2:item.ItemFacade:0, Cable Facade - §9Light Blue Reinforced Plastic Block
appliedenergistics2:item.ItemFacade:0, Cable Facade - §dMagenta Reinforced Plastic Block
appliedenergistics2:item.ItemFacade:0, Cable Facade - §6Orange Reinforced Plastic Block
appliedenergistics2:item.ItemFacade:0, Cable Facade - §fWhite Reinforced Plastic Block
appliedenergistics2:item.ItemFacade:0, Cable Facade - §8Black Plastic Road
appliedenergistics2:item.ItemFacade:0, Cable Facade - §cRed Plastic Road
appliedenergistics2:item.ItemFacade:0, Cable Facade - §2Green Plastic Road
appliedenergistics2:item.ItemFacade:0, Cable Facade - §6Brown Plastic Road
appliedenergistics2:item.ItemFacade:0, Cable Facade - §1Blue Plastic Road
appliedenergistics2:item.ItemFacade:0, Cable Facade - §5Purple Plastic Road
appliedenergistics2:item.ItemFacade:0, Cable Facade - §3Cyan Plastic Road
appliedenergistics2:item.ItemFacade:0, Cable Facade - §7Light Grey Plastic Road
appliedenergistics2:item.ItemFacade:0, Cable Facade - §8Grey Plastic Road
appliedenergistics2:item.ItemFacade:0, Cable Facade - §dPink Plastic Road
appliedenergistics2:item.ItemFacade:0, Cable Facade - §aLime Plastic Road
appliedenergistics2:item.ItemFacade:0, Cable Facade - §eYellow Plastic Road
appliedenergistics2:item.ItemFacade:0, Cable Facade - §9Light Blue Plastic Road
appliedenergistics2:item.ItemFacade:0, Cable Facade - §dMagenta Plastic Road
appliedenergistics2:item.ItemFacade:0, Cable Facade - §6Orange Plastic Road
appliedenergistics2:item.ItemFacade:0, Cable Facade - §fWhite Plastic Road
appliedenergistics2:item.ItemFacade:0, Cable Facade - Salt Block
appliedenergistics2:item.ItemFacade:0, Cable Facade - Black Decay
appliedenergistics2:item.ItemFacade:0, Cable Facade - Crystal
appliedenergistics2:item.ItemFacade:0, Cable Facade - Nether Coal Ore
appliedenergistics2:item.ItemFacade:0, Cable Facade - Nether Platinum Ore
appliedenergistics2:item.ItemFacade:0, Cable Facade - Elevator
appliedenergistics2:item.ItemFacade:0, Cable Facade - Ore Conversion Table
appliedenergistics2:item.ItemFacade:0, Cable Facade - Sapphire Ore
appliedenergistics2:item.ItemFacade:0, Cable Facade - Fluxed Electrum Block
appliedenergistics2:item.ItemFacade:0, Cable Facade - Flux Crystal Block
appliedenergistics2:item.ItemFacade:0, Cable Facade - Block of Gelid Enderium
appliedenergistics2:item.ItemFacade:0, Cable Facade - Gelid Gem Block
appliedenergistics2:item.ItemFacade:0, Cable Facade - Lapis Quisque
appliedenergistics2:item.ItemFacade:0, Cable Facade - Machine Frame
appliedenergistics2:item.ItemFacade:0, Cable Facade - Machine Base
appliedenergistics2:item.ItemFacade:0, Cable Facade - Dimensional Shard Ore
appliedenergistics2:item.ItemFacade:0, Cable Facade - Dimensional Blank Block
appliedenergistics2:item.ItemFacade:0, Cable Facade - Dimensional Block
appliedenergistics2:item.ItemFacade:0, Cable Facade - Dimensional Small Blocks
appliedenergistics2:item.ItemFacade:0, Cable Facade - Dimensional Cross Block
appliedenergistics2:item.ItemFacade:0, Cable Facade - Dimensional Cross 2 Block
appliedenergistics2:item.ItemFacade:0, Cable Facade - Dimensional Pattern 1 Block
appliedenergistics2:item.ItemFacade:0, Cable Facade - Dimensional Pattern 2 Block
appliedenergistics2:item.ItemFacade:0, Cable Facade - Activity Probe
appliedenergistics2:item.ItemFacade:0, Cable Facade - Destination Analyzer
appliedenergistics2:item.ItemFacade:0, Cable Facade - Matter Booster
appliedenergistics2:item.ItemFacade:0, Cable Facade - Dungeon Bricks (Unbreakable)
appliedenergistics2:item.ItemFacade:0, Cable Facade - Mossy Dungeon Bricks (Unbreakable)
appliedenergistics2:item.ItemFacade:0, Cable Facade - Cracked Dungeon Bricks (Unbreakable)
appliedenergistics2:item.ItemFacade:0, Cable Facade - Runic Dungeon Bricks (Unbreakable)
appliedenergistics2:item.ItemFacade:0, Cable Facade - Mossy Runic Dungeon Bricks (Unbreakable)
appliedenergistics2:item.ItemFacade:0, Cable Facade - Cracked Runic Dungeon Bricks (Unbreakable)
appliedenergistics2:item.ItemFacade:0, Cable Facade - Demonic Bricks (Unbreakable)
appliedenergistics2:item.ItemFacade:0, Cable Facade - Runic Demonic Bricks (Unbreakable)
appliedenergistics2:item.ItemFacade:0, Cable Facade - Dungeon Bricks
appliedenergistics2:item.ItemFacade:0, Cable Facade - Mossy Dungeon Bricks
appliedenergistics2:item.ItemFacade:0, Cable Facade - Cracked Dungeon Bricks
appliedenergistics2:item.ItemFacade:0, Cable Facade - Runic Dungeon Bricks
appliedenergistics2:item.ItemFacade:0, Cable Facade - Mossy Runic Dungeon Bricks
appliedenergistics2:item.ItemFacade:0, Cable Facade - Cracked Runic Dungeon Bricks
appliedenergistics2:item.ItemFacade:0, Cable Facade - Demonic Bricks
appliedenergistics2:item.ItemFacade:0, Cable Facade - Runic Demonic Bricks
appliedenergistics2:item.ItemFacade:0, Cable Facade - Dungeon Bricks (Obsidian Infused)
appliedenergistics2:item.ItemFacade:0, Cable Facade - Mossy Dungeon Bricks (Obsidian Infused)
appliedenergistics2:item.ItemFacade:0, Cable Facade - Cracked Dungeon Bricks (Obsidian Infused)
appliedenergistics2:item.ItemFacade:0, Cable Facade - Runic Dungeon Bricks (Obsidian Infused)
appliedenergistics2:item.ItemFacade:0, Cable Facade - Mossy Runic Dungeon Bricks (Obsidian Infused)
appliedenergistics2:item.ItemFacade:0, Cable Facade - Cracked Runic Dungeon Bricks (Obsidian Infused)
appliedenergistics2:item.ItemFacade:0, Cable Facade - Dungeon Bricks (WitherBoss-Proof)
appliedenergistics2:item.ItemFacade:0, Cable Facade - Mossy Dungeon Bricks (WitherBoss-Proof)
appliedenergistics2:item.ItemFacade:0, Cable Facade - Cracked Dungeon Bricks (WitherBoss-Proof)
appliedenergistics2:item.ItemFacade:0, Cable Facade - Runic Dungeon Bricks (WitherBoss-Proof)
appliedenergistics2:item.ItemFacade:0, Cable Facade - Mossy Runic Dungeon Bricks (WitherBoss-Proof)
appliedenergistics2:item.ItemFacade:0, Cable Facade - Cracked Runic Dungeon Bricks (WitherBoss-Proof)
appliedenergistics2:item.ItemFacade:0, Cable Facade - Runic Pillar (Unbreakable)
appliedenergistics2:item.ItemFacade:0, Cable Facade - Runic Pillar
appliedenergistics2:item.ItemFacade:0, Cable Facade - Dungeon Keyhole
appliedenergistics2:item.ItemFacade:0, Cable Facade - Guardian Spawner
appliedenergistics2:item.ItemFacade:0, Cable Facade - Runic Dungeons Portal
appliedenergistics2:item.ItemFacade:0, Cable Facade - Dungeon Bricks (Unbreakable)
appliedenergistics2:item.ItemFacade:0, Cable Facade - Chaotic Sands
appliedenergistics2:item.ItemFacade:0, Cable Facade - Compressed Obsidian
appliedenergistics2:item.ItemFacade:0, Cable Facade - Ancient Bookshelf
appliedenergistics2:item.ItemFacade:0, Cable Facade - Runic Steel Block
appliedenergistics2:item.ItemFacade:0, Cable Facade - Dungeon Keyhole
appliedenergistics2:item.ItemFacade:0, Cable Facade - Salt Ore
appliedenergistics2:item.ItemFacade:0, Cable Facade - Mineral Mud Block
appliedenergistics2:item.ItemFacade:0, Cable Facade - Inventory Cable
appliedenergistics2:item.ItemFacade:0, Cable Facade - Reinforced Metal Block
appliedenergistics2:item.ItemFacade:0, Cable Facade - Oak Trim
appliedenergistics2:item.ItemFacade:0, Cable Facade - Spruce Trim
appliedenergistics2:item.ItemFacade:0, Cable Facade - Birch Trim
appliedenergistics2:item.ItemFacade:0, Cable Facade - Jungle Trim
appliedenergistics2:item.ItemFacade:0, Cable Facade - Acacia Trim
appliedenergistics2:item.ItemFacade:0, Cable Facade - Dark Oak Trim
appliedenergistics2:item.ItemFacade:0, Cable Facade - Redwood Trim
appliedenergistics2:item.ItemFacade:0, Cable Facade - Fir Trim
appliedenergistics2:item.ItemFacade:0, Cable Facade - Acacia Trim
appliedenergistics2:item.ItemFacade:0, Cable Facade - Cypress Trim
appliedenergistics2:item.ItemFacade:0, Cable Facade - Japanese Maple Trim
appliedenergistics2:item.ItemFacade:0, Cable Facade - Rainbow Eucalyptus Trim
appliedenergistics2:item.ItemFacade:0, Cable Facade - Autumn Trim
appliedenergistics2:item.ItemFacade:0, Cable Facade - Bald Cypress Trim
appliedenergistics2:item.ItemFacade:0, Cable Facade - Sakura Trim
appliedenergistics2:item.ItemFacade:0, Cable Facade - Yellow Trim
appliedenergistics2:item.ItemFacade:0, Cable Facade - White Trim
appliedenergistics2:item.ItemFacade:0, Cable Facade - Red Trim
appliedenergistics2:item.ItemFacade:0, Cable Facade - Grey Trim
appliedenergistics2:item.ItemFacade:0, Cable Facade - Greatwood Trim
appliedenergistics2:item.ItemFacade:0, Cable Facade - Silverwood Trim
appliedenergistics2:item.ItemFacade:0, Cable Facade - Rowan Trim
appliedenergistics2:item.ItemFacade:0, Cable Facade - Alder Trim
appliedenergistics2:item.ItemFacade:0, Cable Facade - Hawthorn Trim
appliedenergistics2:item.ItemFacade:0, Cable Facade - Treated Wood Trim
appliedenergistics2:item.ItemFacade:0, Cable Facade - Livingwood Trim
appliedenergistics2:item.ItemFacade:0, Cable Facade - Dreamwood Trim
appliedenergistics2:item.ItemFacade:0, Cable Facade - Eucalyptus Trim
appliedenergistics2:item.ItemFacade:0, Cable Facade - Sakura Trim
appliedenergistics2:item.ItemFacade:0, Cable Facade - Ghostwood Trim
appliedenergistics2:item.ItemFacade:0, Cable Facade - Redwood Trim
appliedenergistics2:item.ItemFacade:0, Cable Facade - Blood Trim
appliedenergistics2:item.ItemFacade:0, Cable Facade - Hopseed Trim
appliedenergistics2:item.ItemFacade:0, Cable Facade - Maple Trim
appliedenergistics2:item.ItemFacade:0, Cable Facade - Silverbell Trim
appliedenergistics2:item.ItemFacade:0, Cable Facade - Amaranth Trim
appliedenergistics2:item.ItemFacade:0, Cable Facade - Tigerwood Trim
appliedenergistics2:item.ItemFacade:0, Cable Facade - Willow Trim
appliedenergistics2:item.ItemFacade:0, Cable Facade - Darkwood Trim
appliedenergistics2:item.ItemFacade:0, Cable Facade - Fusewood Trim
appliedenergistics2:item.ItemFacade:0, Cable Facade - Block of Smokey Quartz
appliedenergistics2:item.ItemFacade:0, Cable Facade - Chiseled Smokey Quartz Block
appliedenergistics2:item.ItemFacade:0, Cable Facade - Pillar Smokey Quartz Block
appliedenergistics2:item.ItemFacade:0, Cable Facade - Smokey Quartz Slab
appliedenergistics2:item.ItemCrystalSeed:0, Certus Quartz Seed
appliedenergistics2:item.ItemCrystalSeed:600, Nether Quartz Seed
appliedenergistics2:item.ItemCrystalSeed:1200, Fluix Seed
appliedenergistics2:item.ItemCrystalSeed:0, Certus Quartz Seed
appliedenergistics2:item.ItemCrystalSeed:600, Nether Quartz Seed
appliedenergistics2:item.ItemCrystalSeed:1200, Fluix Seed
appliedenergistics2:item.ItemCrystalSeed:0, Certus Quartz Seed
appliedenergistics2:item.ItemCrystalSeed:600, Nether Quartz Seed
appliedenergistics2:item.ItemCrystalSeed:1200, Fluix Seed
appliedenergistics2:item.ItemEncodedPattern, Encoded Pattern
appliedenergistics2:item.ToolColorApplicator, Color Applicator
appliedenergistics2:item.ItemPaintBall:0, Paint Ball - White
appliedenergistics2:item.ItemPaintBall:1, Paint Ball - Orange
appliedenergistics2:item.ItemPaintBall:2, Paint Ball - Magenta
appliedenergistics2:item.ItemPaintBall:3, Paint Ball - Light Blue
appliedenergistics2:item.ItemPaintBall:4, Paint Ball - Yellow
appliedenergistics2:item.ItemPaintBall:5, Paint Ball - Lime
appliedenergistics2:item.ItemPaintBall:6, Paint Ball - Pink
appliedenergistics2:item.ItemPaintBall:7, Paint Ball - Gray
appliedenergistics2:item.ItemPaintBall:8, Paint Ball - Light Gray
appliedenergistics2:item.ItemPaintBall:9, Paint Ball - Cyan
appliedenergistics2:item.ItemPaintBall:10, Paint Ball - Purple
appliedenergistics2:item.ItemPaintBall:11, Paint Ball - Blue
appliedenergistics2:item.ItemPaintBall:12, Paint Ball - Brown
appliedenergistics2:item.ItemPaintBall:13, Paint Ball - Green
appliedenergistics2:item.ItemPaintBall:14, Paint Ball - Red
appliedenergistics2:item.ItemPaintBall:15, Paint Ball - Black
appliedenergistics2:item.ItemPaintBall:20, Paint Ball - Lumen White
appliedenergistics2:item.ItemPaintBall:21, Paint Ball - Lumen Orange
appliedenergistics2:item.ItemPaintBall:22, Paint Ball - Lumen Magenta
appliedenergistics2:item.ItemPaintBall:23, Paint Ball - Lumen Light Blue
appliedenergistics2:item.ItemPaintBall:24, Paint Ball - Lumen Yellow
appliedenergistics2:item.ItemPaintBall:25, Paint Ball - Lumen Lime
appliedenergistics2:item.ItemPaintBall:26, Paint Ball - Lumen Pink
appliedenergistics2:item.ItemPaintBall:27, Paint Ball - Lumen Gray
appliedenergistics2:item.ItemPaintBall:28, Paint Ball - Lumen Light Gray
appliedenergistics2:item.ItemPaintBall:29, Paint Ball - Lumen Cyan
appliedenergistics2:item.ItemPaintBall:30, Paint Ball - Lumen Purple
appliedenergistics2:item.ItemPaintBall:31, Paint Ball - Lumen Blue
appliedenergistics2:item.ItemPaintBall:32, Paint Ball - Lumen Brown
appliedenergistics2:item.ItemPaintBall:33, Paint Ball - Lumen Green
appliedenergistics2:item.ItemPaintBall:34, Paint Ball - Lumen Red
appliedenergistics2:item.ItemPaintBall:35, Paint Ball - Lumen Black
appliedenergistics2:item.ItemMultiMaterial:28, Advanced Card
appliedenergistics2:item.ItemMultiMaterial:44, Annihilation Core
appliedenergistics2:item.ItemMultiMaterial:25, Basic Card
appliedenergistics2:item.ItemMultiMaterial:52, Blank Pattern
appliedenergistics2:item.ItemMultiMaterial:23, Calculation Processor
appliedenergistics2:item.ItemMultiMaterial:13, Inscriber Calculation Press
appliedenergistics2:item.ItemMultiMaterial:16, Printed Calculation Circuit
appliedenergistics2:item.ItemMultiMaterial:27, Capacity Card
appliedenergistics2:item.ItemMultiMaterial:53, Crafting Card
appliedenergistics2:item.ItemMultiMaterial:29, Fuzzy Card
appliedenergistics2:item.ItemMultiMaterial:31, Inverter Card
appliedenergistics2:item.ItemMultiMaterial:26, Redstone Card
appliedenergistics2:item.ItemMultiMaterial:30, Acceleration Card
appliedenergistics2:item.ItemMultiMaterial:34, 128³ Spatial Component
appliedenergistics2:item.ItemMultiMaterial:33, 16³ Spatial Component
appliedenergistics2:item.ItemMultiMaterial:37, 16k ME Storage Component
appliedenergistics2:item.ItemMultiMaterial:35, 1k ME Storage Component
appliedenergistics2:item.ItemMultiMaterial:32, 2³ Spatial Component
appliedenergistics2:item.ItemMultiMaterial:36, 4k ME Storage Component
appliedenergistics2:item.ItemMultiMaterial:38, 64k ME Storage Component
appliedenergistics2:item.ItemMultiMaterial:0, Certus Quartz Crystal
appliedenergistics2:item.ItemMultiMaterial:1, Charged Certus Quartz Crystal
appliedenergistics2:item.ItemMultiMaterial:2, Certus Quartz Dust
appliedenergistics2:item.ItemMultiMaterial:39, ME Storage Housing
appliedenergistics2:item.ItemMultiMaterial:24, Engineering Processor
appliedenergistics2:item.ItemMultiMaterial:14, Inscriber Engineering Press
appliedenergistics2:item.ItemMultiMaterial:17, Printed Engineering Circuit
appliedenergistics2:item.ItemMultiMaterial:7, Fluix Crystal
appliedenergistics2:item.ItemMultiMaterial:8, Fluix Dust
appliedenergistics2:item.ItemMultiMaterial:9, Fluix Pearl
appliedenergistics2:item.ItemMultiMaterial:43, Formation Core
appliedenergistics2:item.ItemMultiMaterial:22, Logic Processor
appliedenergistics2:item.ItemMultiMaterial:15, Inscriber Logic Press
appliedenergistics2:item.ItemMultiMaterial:18, Printed Logic Circuit
appliedenergistics2:item.ItemMultiMaterial:6, Matter Ball
appliedenergistics2:item.ItemMultiMaterial:21, Inscriber Name Press
appliedenergistics2:item.ItemMultiMaterial:3, Nether Quartz Dust
appliedenergistics2:item.ItemMultiMaterial:10, Pure Certus Quartz Crystal
appliedenergistics2:item.ItemMultiMaterial:12, Pure Fluix Crystal
appliedenergistics2:item.ItemMultiMaterial:11, Pure Nether Quartz Crystal
appliedenergistics2:item.ItemMultiMaterial:48, Quantum Entangled Singularity
appliedenergistics2:item.ItemMultiMaterial:19, Inscriber Silicon Press
appliedenergistics2:item.ItemMultiMaterial:20, Printed Silicon
appliedenergistics2:item.ItemMultiMaterial:47, Singularity
appliedenergistics2:item.ItemMultiMaterial:45, Sky Stone Dust
appliedenergistics2:item.ItemMultiMaterial:41, Wireless Receiver
appliedenergistics2:item.ItemMultiMaterial:42, Wireless Booster
appliedenergistics2:item.ItemMultiPart:300, ME Annihilation Plane
appliedenergistics2:item.ItemMultiPart:120, Cable Anchor
appliedenergistics2:item.ItemMultiPart:20, ME Covered Cable - White
appliedenergistics2:item.ItemMultiPart:21, ME Covered Cable - Orange
appliedenergistics2:item.ItemMultiPart:22, ME Covered Cable - Magenta
appliedenergistics2:item.ItemMultiPart:23, ME Covered Cable - Light Blue
appliedenergistics2:item.ItemMultiPart:24, ME Covered Cable - Yellow
appliedenergistics2:item.ItemMultiPart:25, ME Covered Cable - Lime
appliedenergistics2:item.ItemMultiPart:26, ME Covered Cable - Pink
appliedenergistics2:item.ItemMultiPart:27, ME Covered Cable - Gray
appliedenergistics2:item.ItemMultiPart:28, ME Covered Cable - Light Gray
appliedenergistics2:item.ItemMultiPart:29, ME Covered Cable - Cyan
appliedenergistics2:item.ItemMultiPart:30, ME Covered Cable - Purple
appliedenergistics2:item.ItemMultiPart:31, ME Covered Cable - Blue
appliedenergistics2:item.ItemMultiPart:32, ME Covered Cable - Brown
appliedenergistics2:item.ItemMultiPart:33, ME Covered Cable - Green
appliedenergistics2:item.ItemMultiPart:34, ME Covered Cable - Red
appliedenergistics2:item.ItemMultiPart:35, ME Covered Cable - Black
appliedenergistics2:item.ItemMultiPart:36, ME Covered Cable - Fluix
appliedenergistics2:item.ItemMultiPart:60, ME Dense Cable - White
appliedenergistics2:item.ItemMultiPart:61, ME Dense Cable - Orange
appliedenergistics2:item.ItemMultiPart:62, ME Dense Cable - Magenta
appliedenergistics2:item.ItemMultiPart:63, ME Dense Cable - Light Blue
appliedenergistics2:item.ItemMultiPart:64, ME Dense Cable - Yellow
appliedenergistics2:item.ItemMultiPart:65, ME Dense Cable - Lime
appliedenergistics2:item.ItemMultiPart:66, ME Dense Cable - Pink
appliedenergistics2:item.ItemMultiPart:67, ME Dense Cable - Gray
appliedenergistics2:item.ItemMultiPart:68, ME Dense Cable - Light Gray
appliedenergistics2:item.ItemMultiPart:69, ME Dense Cable - Cyan
appliedenergistics2:item.ItemMultiPart:70, ME Dense Cable - Purple
appliedenergistics2:item.ItemMultiPart:71, ME Dense Cable - Blue
appliedenergistics2:item.ItemMultiPart:72, ME Dense Cable - Brown
appliedenergistics2:item.ItemMultiPart:73, ME Dense Cable - Green
appliedenergistics2:item.ItemMultiPart:74, ME Dense Cable - Red
appliedenergistics2:item.ItemMultiPart:75, ME Dense Cable - Black
appliedenergistics2:item.ItemMultiPart:76, ME Dense Cable - Fluix
appliedenergistics2:item.ItemMultiPart:0, ME Glass Cable - White
appliedenergistics2:item.ItemMultiPart:1, ME Glass Cable - Orange
appliedenergistics2:item.ItemMultiPart:2, ME Glass Cable - Magenta
appliedenergistics2:item.ItemMultiPart:3, ME Glass Cable - Light Blue
appliedenergistics2:item.ItemMultiPart:4, ME Glass Cable - Yellow
appliedenergistics2:item.ItemMultiPart:5, ME Glass Cable - Lime
appliedenergistics2:item.ItemMultiPart:6, ME Glass Cable - Pink
appliedenergistics2:item.ItemMultiPart:7, ME Glass Cable - Gray
appliedenergistics2:item.ItemMultiPart:8, ME Glass Cable - Light Gray
appliedenergistics2:item.ItemMultiPart:9, ME Glass Cable - Cyan
appliedenergistics2:item.ItemMultiPart:10, ME Glass Cable - Purple
appliedenergistics2:item.ItemMultiPart:11, ME Glass Cable - Blue
appliedenergistics2:item.ItemMultiPart:12, ME Glass Cable - Brown
appliedenergistics2:item.ItemMultiPart:13, ME Glass Cable - Green
appliedenergistics2:item.ItemMultiPart:14, ME Glass Cable - Red
appliedenergistics2:item.ItemMultiPart:15, ME Glass Cable - Black
appliedenergistics2:item.ItemMultiPart:16, ME Glass Cable - Fluix
appliedenergistics2:item.ItemMultiPart:40, ME Smart Cable - White
appliedenergistics2:item.ItemMultiPart:41, ME Smart Cable - Orange
appliedenergistics2:item.ItemMultiPart:42, ME Smart Cable - Magenta
appliedenergistics2:item.ItemMultiPart:43, ME Smart Cable - Light Blue
appliedenergistics2:item.ItemMultiPart:44, ME Smart Cable - Yellow
appliedenergistics2:item.ItemMultiPart:45, ME Smart Cable - Lime
appliedenergistics2:item.ItemMultiPart:46, ME Smart Cable - Pink
appliedenergistics2:item.ItemMultiPart:47, ME Smart Cable - Gray
appliedenergistics2:item.ItemMultiPart:48, ME Smart Cable - Light Gray
appliedenergistics2:item.ItemMultiPart:49, ME Smart Cable - Cyan
appliedenergistics2:item.ItemMultiPart:50, ME Smart Cable - Purple
appliedenergistics2:item.ItemMultiPart:51, ME Smart Cable - Blue
appliedenergistics2:item.ItemMultiPart:52, ME Smart Cable - Brown
appliedenergistics2:item.ItemMultiPart:53, ME Smart Cable - Green
appliedenergistics2:item.ItemMultiPart:54, ME Smart Cable - Red
appliedenergistics2:item.ItemMultiPart:55, ME Smart Cable - Black
appliedenergistics2:item.ItemMultiPart:56, ME Smart Cable - Fluix
appliedenergistics2:item.ItemMultiPart:420, ME Conversion Monitor
appliedenergistics2:item.ItemMultiPart:360, ME Crafting Terminal
appliedenergistics2:item.ItemMultiPart:200, Dark Illuminated Panel
appliedenergistics2:item.ItemMultiPart:260, ME Export Bus
appliedenergistics2:item.ItemMultiPart:320, ME Formation Plane
appliedenergistics2:item.ItemMultiPart:301, ME Identity Annihilation Plane
appliedenergistics2:item.ItemMultiPart:240, ME Import Bus
appliedenergistics2:item.ItemMultiPart:440, ME Interface
appliedenergistics2:item.ItemMultiPart:480, ME Interface Terminal
appliedenergistics2:item.ItemMultiPart:100, ME Inverted Toggle Bus
appliedenergistics2:item.ItemMultiPart:280, ME Level Emitter
appliedenergistics2:item.ItemMultiPart:160, Bright Illuminated Panel
appliedenergistics2:item.ItemMultiPart:465, P2P Tunnel - EU
appliedenergistics2:item.ItemMultiPart:462, P2P Tunnel - Item
appliedenergistics2:item.ItemMultiPart:467, P2P Tunnel - Light
appliedenergistics2:item.ItemMultiPart:463, P2P Tunnel - Fluid
appliedenergistics2:item.ItemMultiPart:460, P2P Tunnel - ME
appliedenergistics2:item.ItemMultiPart:466, P2P Tunnel - RF
appliedenergistics2:item.ItemMultiPart:461, P2P Tunnel - Redstone
appliedenergistics2:item.ItemMultiPart:340, ME Pattern Terminal
appliedenergistics2:item.ItemMultiPart:140, Quartz Fiber
appliedenergistics2:item.ItemMultiPart:180, Illuminated Panel
appliedenergistics2:item.ItemMultiPart:220, ME Storage Bus
appliedenergistics2:item.ItemMultiPart:400, ME Storage Monitor
appliedenergistics2:item.ItemMultiPart:380, ME Terminal
appliedenergistics2:item.ItemMultiPart:80, ME Toggle Bus
MineFactoryReloaded:hammer, Precision Sledgehammer
MineFactoryReloaded:plastic.boots, Plastic Boots
MineFactoryReloaded:rubber.raw, Raw Rubber
MineFactoryReloaded:rubber.bar, Rubber Drop
MineFactoryReloaded:plastic.raw, Raw Plastic
MineFactoryReloaded:plastic.sheet, Plastic Sheets
MineFactoryReloaded:plastic.helm, Plastic Helmet
MineFactoryReloaded:plastic.chest, Plastic Breastplate
MineFactoryReloaded:plastic.legs, Plastic Leggings
MineFactoryReloaded:glass.helm, Sunglasses
MineFactoryReloaded:upgrade.radius:0, Upgrade (Lapis)
MineFactoryReloaded:upgrade.radius:1, Upgrade (Tin)
MineFactoryReloaded:upgrade.radius:2, Upgrade (Iron)
MineFactoryReloaded:upgrade.radius:3, Upgrade (Copper)
MineFactoryReloaded:upgrade.radius:4, Upgrade (Bronze)
MineFactoryReloaded:upgrade.radius:5, Upgrade (Silver)
MineFactoryReloaded:upgrade.radius:6, Upgrade (Gold)
MineFactoryReloaded:upgrade.radius:7, Upgrade (Quartz)
MineFactoryReloaded:upgrade.radius:8, Upgrade (Diamond)
MineFactoryReloaded:upgrade.radius:9, Upgrade (Platinum)
MineFactoryReloaded:upgrade.radius:10, Upgrade (Emerald)
MineFactoryReloaded:upgrade.radius:11, Upgrade (Cobble)
MineFactoryReloaded:rednet.meter:0, RedNet Meter
MineFactoryReloaded:rednet.meter:1, RedNet Multimeter
MineFactoryReloaded:rednet.meter:2, Debugger
MineFactoryReloaded:rednet.memorycard, PRC Memory Card
MineFactoryReloaded:upgrade.logic:0, PRC LX-100 Logic Expansion Card
MineFactoryReloaded:upgrade.logic:1, PRC LX-300 Logic Expansion Card
MineFactoryReloaded:upgrade.logic:2, PRC LX-500 Logic Expansion Card
MineFactoryReloaded:meat.ingot.raw, Raw Meat Ingot
MineFactoryReloaded:meat.ingot.cooked, Cooked Meat Ingot
MineFactoryReloaded:meat.nugget.raw, Raw "Meat" Nugget
MineFactoryReloaded:meat.nugget.cooked, Cooked "Meat" Nugget
MineFactoryReloaded:pinkslime:0, Pink Slimeball
MineFactoryReloaded:pinkslime:1, Pink Slime Crystal
MineFactoryReloaded:syringe.empty, Empty Syringe
MineFactoryReloaded:syringe.health, Health Syringe
MineFactoryReloaded:syringe.growth, Growth Syringe
MineFactoryReloaded:syringe.zombie, Zombie Syringe
MineFactoryReloaded:syringe.slime, Slime Embiggening Syringe
MineFactoryReloaded:syringe.cure, De-Zombification Syringe
MineFactoryReloaded:safarinet.launcher, Safari Net Launcher
MineFactoryReloaded:safarinet.reusable, Safari Net (Reusable)
MineFactoryReloaded:safarinet.singleuse, Safari Net (Single-Use)
MineFactoryReloaded:safarinet.jailer, Jailer's Safari Net
MineFactoryReloaded:safarinet.jailer.fancy, Golden Jailer's Safari Net
MineFactoryReloaded:portaspawner, PortaSpawner
MineFactoryReloaded:xpextractor, XP Extractor
MineFactoryReloaded:straw, Straw
MineFactoryReloaded:milkbottle, Milk Bottle
MineFactoryReloaded:plastic.cup:0, Plastic Cup
MineFactoryReloaded:plastic.bag, Plastic Bag
MineFactoryReloaded:sugarcharcoal, Sugar Charcoal
MineFactoryReloaded:fertilizer, Industrial Fertilizer
MineFactoryReloaded:ceramicdye:0, Ceramic Dye (White)
MineFactoryReloaded:ceramicdye:1, Ceramic Dye (Orange)
MineFactoryReloaded:ceramicdye:2, Ceramic Dye (Magenta)
MineFactoryReloaded:ceramicdye:3, Ceramic Dye (Light Blue)
MineFactoryReloaded:ceramicdye:4, Ceramic Dye (Yellow)
MineFactoryReloaded:ceramicdye:5, Ceramic Dye (Lime)
MineFactoryReloaded:ceramicdye:6, Ceramic Dye (Pink)
MineFactoryReloaded:ceramicdye:7, Ceramic Dye (Gray)
MineFactoryReloaded:ceramicdye:8, Ceramic Dye (Light Gray)
MineFactoryReloaded:ceramicdye:9, Ceramic Dye (Cyan)
MineFactoryReloaded:ceramicdye:10, Ceramic Dye (Purple)
MineFactoryReloaded:ceramicdye:11, Ceramic Dye (Blue)
MineFactoryReloaded:ceramicdye:12, Ceramic Dye (Brown)
MineFactoryReloaded:ceramicdye:13, Ceramic Dye (Green)
MineFactoryReloaded:ceramicdye:14, Ceramic Dye (Red)
MineFactoryReloaded:ceramicdye:15, Ceramic Dye (Black)
MineFactoryReloaded:laserfocus:0, Laser Focus (White)
MineFactoryReloaded:laserfocus:1, Laser Focus (Orange)
MineFactoryReloaded:laserfocus:2, Laser Focus (Magenta)
MineFactoryReloaded:laserfocus:3, Laser Focus (Light Blue)
MineFactoryReloaded:laserfocus:4, Laser Focus (Yellow)
MineFactoryReloaded:laserfocus:5, Laser Focus (Lime)
MineFactoryReloaded:laserfocus:6, Laser Focus (Pink)
MineFactoryReloaded:laserfocus:7, Laser Focus (Gray)
MineFactoryReloaded:laserfocus:8, Laser Focus (Light Gray)
MineFactoryReloaded:laserfocus:9, Laser Focus (Cyan)
MineFactoryReloaded:laserfocus:10, Laser Focus (Purple)
MineFactoryReloaded:laserfocus:11, Laser Focus (Blue)
MineFactoryReloaded:laserfocus:12, Laser Focus (Brown)
MineFactoryReloaded:laserfocus:13, Laser Focus (Green)
MineFactoryReloaded:laserfocus:14, Laser Focus (Red)
MineFactoryReloaded:laserfocus:15, Laser Focus (Black)
MineFactoryReloaded:record.blank, Blank Record
MineFactoryReloaded:spyglass, Spyglass
MineFactoryReloaded:ruler, Ruler
MineFactoryReloaded:fishingrod, Fishing Rod
MineFactoryReloaded:potatolauncher, Potato Cannon
MineFactoryReloaded:needlegun, Needlegun
MineFactoryReloaded:needlegun.ammo.empty, Needlegun Magazine
MineFactoryReloaded:needlegun.ammo.standard, Needlegun Ammo (Needles)
MineFactoryReloaded:needlegun.ammo.pierce, Needlegun Ammo (Shrapnel)
MineFactoryReloaded:needlegun.ammo.lava, Needlegun Ammo (Lava)
MineFactoryReloaded:needlegun.ammo.sludge, Needlegun Ammo (Sludge)
MineFactoryReloaded:needlegun.ammo.sewage, Needlegun Ammo (Sewage)
MineFactoryReloaded:needlegun.ammo.fire, Needlegun Ammo (Fire)
MineFactoryReloaded:needlegun.ammo.anvil, Needlegun Ammo (Anvil)
MineFactoryReloaded:rocketlauncher, SPAMR Launcher
MineFactoryReloaded:rocket:0, Tracking Self-Propelled Anti Material Rocket
MineFactoryReloaded:rocket:1, Self-Propelled Anti Material Rocket
MineFactoryReloaded:bucket.sewage, Sewage Bucket
MineFactoryReloaded:bucket.sludge, Sludge Bucket
MineFactoryReloaded:bucket.essence, Essence Bucket
MineFactoryReloaded:bucket.biofuel, BioFuel Bucket
MineFactoryReloaded:bucket.meat, Meat Bucket
MineFactoryReloaded:bucket.pinkslime, Pink Slime Bucket
MineFactoryReloaded:bucket.chocolatemilk, Chocolate Milk Bucket
MineFactoryReloaded:bucket.mushroomsoup, Mushroom Soup Bucket
Baubles:Ring:0, Miner's Ring
Thaumcraft:WandCasting:0, Iron Capped Wooden Wand
Thaumcraft:WandCasting:9, Gold Banded Greatwood Wand
Thaumcraft:WandCasting:54, Thaumium Bossed Silverwood Wand
Thaumcraft:WandCasting:128, Thaumium Bossed Silverwood Scepter
Thaumcraft:WandCap:0, Iron Cap
Thaumcraft:WandCap:1, Gold Cap
Thaumcraft:WandCap:2, Charged Thaumium Cap
Thaumcraft:WandCap:6, Inert Thaumium Cap
Thaumcraft:WandCap:7, Charged Void metal Cap
Thaumcraft:WandCap:8, Inert Void metal Cap
Thaumcraft:WandRod:0, Greatwood Rod
Thaumcraft:WandRod:1, Obsidian Rod
Thaumcraft:WandRod:2, Silverwood Rod
Thaumcraft:WandRod:3, Icy Rod
Thaumcraft:WandRod:4, Quartz Rod
Thaumcraft:WandRod:5, Reed Rod
Thaumcraft:WandRod:6, Blazing Rod
Thaumcraft:WandRod:7, Bone Rod
Thaumcraft:WandRod:50, Greatwood Staff Core
Thaumcraft:WandRod:51, Obsidian Staff Core
Thaumcraft:WandRod:52, Silverwood Staff Core
Thaumcraft:WandRod:53, Icy Staff Core
Thaumcraft:WandRod:54, Quartz Staff Core
Thaumcraft:WandRod:55, Reed Staff Core
Thaumcraft:WandRod:56, Blazing Staff Core
Thaumcraft:WandRod:57, Bone Staff Core
Thaumcraft:WandRod:100, Staff Core of the Primal
Thaumcraft:FocusPouch, Focus Pouch
Thaumcraft:FocusFire, Wand Focus: Fire
Thaumcraft:FocusShock, Wand Focus: Shock
Thaumcraft:FocusHellbat, Wand Focus: Nine Hells
Thaumcraft:FocusFrost, Wand Focus: Frost
Thaumcraft:FocusTrade, Wand Focus: Equal Trade 
Thaumcraft:FocusExcavation, Wand Focus: Excavation
Thaumcraft:FocusPortableHole, Wand Focus: Portable Hole
Thaumcraft:FocusPech, Wand Focus: Pech's Curse
Thaumcraft:FocusWarding, Wand Focus: Warding
Thaumcraft:FocusPrimal, Wand Focus: Primal
Thaumcraft:ItemEssence:0, Glass Phial
Thaumcraft:ItemEssence:1, Phial of Essentia
Thaumcraft:ItemEssence:1, Phial of Essentia
Thaumcraft:ItemEssence:1, Phial of Essentia
Thaumcraft:ItemEssence:1, Phial of Essentia
Thaumcraft:ItemEssence:1, Phial of Essentia
Thaumcraft:ItemEssence:1, Phial of Essentia
Thaumcraft:ItemEssence:1, Phial of Essentia
Thaumcraft:ItemEssence:1, Phial of Essentia
Thaumcraft:ItemEssence:1, Phial of Essentia
Thaumcraft:ItemEssence:1, Phial of Essentia
Thaumcraft:ItemEssence:1, Phial of Essentia
Thaumcraft:ItemEssence:1, Phial of Essentia
Thaumcraft:ItemEssence:1, Phial of Essentia
Thaumcraft:ItemEssence:1, Phial of Essentia
Thaumcraft:ItemEssence:1, Phial of Essentia
Thaumcraft:ItemEssence:1, Phial of Essentia
Thaumcraft:ItemEssence:1, Phial of Essentia
Thaumcraft:ItemEssence:1, Phial of Essentia
Thaumcraft:ItemEssence:1, Phial of Essentia
Thaumcraft:ItemEssence:1, Phial of Essentia
Thaumcraft:ItemEssence:1, Phial of Essentia
Thaumcraft:ItemEssence:1, Phial of Essentia
Thaumcraft:ItemEssence:1, Phial of Essentia
Thaumcraft:ItemEssence:1, Phial of Essentia
Thaumcraft:ItemEssence:1, Phial of Essentia
Thaumcraft:ItemEssence:1, Phial of Essentia
Thaumcraft:ItemEssence:1, Phial of Essentia
Thaumcraft:ItemEssence:1, Phial of Essentia
Thaumcraft:ItemEssence:1, Phial of Essentia
Thaumcraft:ItemEssence:1, Phial of Essentia
Thaumcraft:ItemEssence:1, Phial of Essentia
Thaumcraft:ItemEssence:1, Phial of Essentia
Thaumcraft:ItemEssence:1, Phial of Essentia
Thaumcraft:ItemEssence:1, Phial of Essentia
Thaumcraft:ItemEssence:1, Phial of Essentia
Thaumcraft:ItemEssence:1, Phial of Essentia
Thaumcraft:ItemEssence:1, Phial of Essentia
Thaumcraft:ItemEssence:1, Phial of Essentia
Thaumcraft:ItemEssence:1, Phial of Essentia
Thaumcraft:ItemEssence:1, Phial of Essentia
Thaumcraft:ItemEssence:1, Phial of Essentia
Thaumcraft:ItemEssence:1, Phial of Essentia
Thaumcraft:ItemEssence:1, Phial of Essentia
Thaumcraft:ItemEssence:1, Phial of Essentia
Thaumcraft:ItemEssence:1, Phial of Essentia
Thaumcraft:ItemEssence:1, Phial of Essentia
Thaumcraft:ItemEssence:1, Phial of Essentia
Thaumcraft:ItemEssence:1, Phial of Essentia
Thaumcraft:ItemEssence:1, Phial of Essentia
Thaumcraft:ItemManaBean:0, Mana Bean
Thaumcraft:ItemWispEssence:0, Ethereal Essence
Thaumcraft:ItemWispEssence:0, Ethereal Essence
Thaumcraft:ItemWispEssence:0, Ethereal Essence
Thaumcraft:ItemWispEssence:0, Ethereal Essence
Thaumcraft:ItemWispEssence:0, Ethereal Essence
Thaumcraft:ItemWispEssence:0, Ethereal Essence
Thaumcraft:ItemWispEssence:0, Ethereal Essence
Thaumcraft:ItemWispEssence:0, Ethereal Essence
Thaumcraft:ItemWispEssence:0, Ethereal Essence
Thaumcraft:ItemWispEssence:0, Ethereal Essence
Thaumcraft:ItemWispEssence:0, Ethereal Essence
Thaumcraft:ItemWispEssence:0, Ethereal Essence
Thaumcraft:ItemWispEssence:0, Ethereal Essence
Thaumcraft:ItemWispEssence:0, Ethereal Essence
Thaumcraft:ItemWispEssence:0, Ethereal Essence
Thaumcraft:ItemWispEssence:0, Ethereal Essence
Thaumcraft:ItemWispEssence:0, Ethereal Essence
Thaumcraft:ItemWispEssence:0, Ethereal Essence
Thaumcraft:ItemWispEssence:0, Ethereal Essence
Thaumcraft:ItemWispEssence:0, Ethereal Essence
Thaumcraft:ItemWispEssence:0, Ethereal Essence
Thaumcraft:ItemWispEssence:0, Ethereal Essence
Thaumcraft:ItemWispEssence:0, Ethereal Essence
Thaumcraft:ItemWispEssence:0, Ethereal Essence
Thaumcraft:ItemWispEssence:0, Ethereal Essence
Thaumcraft:ItemWispEssence:0, Ethereal Essence
Thaumcraft:ItemWispEssence:0, Ethereal Essence
Thaumcraft:ItemWispEssence:0, Ethereal Essence
Thaumcraft:ItemWispEssence:0, Ethereal Essence
Thaumcraft:ItemWispEssence:0, Ethereal Essence
Thaumcraft:ItemWispEssence:0, Ethereal Essence
Thaumcraft:ItemWispEssence:0, Ethereal Essence
Thaumcraft:ItemWispEssence:0, Ethereal Essence
Thaumcraft:ItemWispEssence:0, Ethereal Essence
Thaumcraft:ItemWispEssence:0, Ethereal Essence
Thaumcraft:ItemWispEssence:0, Ethereal Essence
Thaumcraft:ItemWispEssence:0, Ethereal Essence
Thaumcraft:ItemWispEssence:0, Ethereal Essence
Thaumcraft:ItemWispEssence:0, Ethereal Essence
Thaumcraft:ItemWispEssence:0, Ethereal Essence
Thaumcraft:ItemWispEssence:0, Ethereal Essence
Thaumcraft:ItemWispEssence:0, Ethereal Essence
Thaumcraft:ItemWispEssence:0, Ethereal Essence
Thaumcraft:ItemWispEssence:0, Ethereal Essence
Thaumcraft:ItemWispEssence:0, Ethereal Essence
Thaumcraft:ItemWispEssence:0, Ethereal Essence
Thaumcraft:ItemWispEssence:0, Ethereal Essence
Thaumcraft:ItemWispEssence:0, Ethereal Essence
Thaumcraft:ItemWispEssence:0, Ethereal Essence
Thaumcraft:ItemResource:0, Alumentum
Thaumcraft:ItemResource:1, Nitor
Thaumcraft:ItemResource:2, Thaumium Ingot
Thaumcraft:ItemResource:3, Quicksilver
Thaumcraft:ItemResource:4, Magic Tallow
Thaumcraft:ItemResource:6, Amber
Thaumcraft:ItemResource:7, Enchanted Fabric
Thaumcraft:ItemResource:8, Vis Filter
Thaumcraft:ItemResource:9, Knowledge Fragment
Thaumcraft:ItemResource:10, Mirrored Glass
Thaumcraft:ItemResource:11, Tainted Goo
Thaumcraft:ItemResource:12, Taint Tendril
Thaumcraft:ItemResource:13, Jar Label
Thaumcraft:ItemResource:14, Salis Mundus
Thaumcraft:ItemResource:15, Primal Charm
Thaumcraft:ItemResource:16, Void metal Ingot
Thaumcraft:ItemResource:17, Void Seed
Thaumcraft:ItemResource:18, Gold Coin
Thaumcraft:ItemShard:0, Air Shard
Thaumcraft:ItemShard:1, Fire Shard
Thaumcraft:ItemShard:2, Water Shard
Thaumcraft:ItemShard:3, Earth Shard
Thaumcraft:ItemShard:4, Order Shard
Thaumcraft:ItemShard:5, Entropy Shard
Thaumcraft:ItemShard:6, Balanced Shard
Thaumcraft:ItemResearchNotes:0, Research Notes
Thaumcraft:ItemInkwell, Scribing Tools
Thaumcraft:ItemThaumonomicon:0, Thaumonomicon
Thaumcraft:ItemThaumometer, Thaumometer
Thaumcraft:ItemGoggles, Goggles of Revealing
Thaumcraft:ItemHelmetThaumium, Thaumium Helm
Thaumcraft:ItemChestplateThaumium, Thaumium Chestplate
Thaumcraft:ItemLeggingsThaumium, Thaumium Leggings
Thaumcraft:ItemBootsThaumium, Thaumium Boots
Thaumcraft:ItemShovelThaumium, Thaumium Shovel
Thaumcraft:ItemPickThaumium, Thaumium Pickaxe
Thaumcraft:ItemAxeThaumium, Thaumium Axe
Thaumcraft:ItemSwordThaumium, Thaumium Sword
Thaumcraft:ItemHoeThaumium, Thaumium Hoe
Thaumcraft:ItemArcaneDoor, Arcane Door
Thaumcraft:ItemNugget:0, Iron Nugget
Thaumcraft:ItemNugget:5, Quicksilver Drop
Thaumcraft:ItemNugget:21, Native Cinnabar Cluster
Thaumcraft:ItemNugget:6, Thaumium Nugget
Thaumcraft:ItemNugget:7, Void metal Nugget
Thaumcraft:ItemNugget:16, Native Iron Cluster
Thaumcraft:ItemNugget:31, Native Gold Cluster
Thaumcraft:BootsTraveller, Boots of the Traveler
Thaumcraft:ItemNuggetChicken, Chicken Nugget
Thaumcraft:ItemNuggetBeef, Beef Nugget
Thaumcraft:ItemNuggetPork, Pork Nugget
Thaumcraft:ItemNuggetFish, Fish Nugget
Thaumcraft:TripleMeatTreat, Triple Meat Treat
Thaumcraft:ItemSwordElemental, Sword of the Zephyr
Thaumcraft:ItemShovelElemental, Shovel of the Earthmover
Thaumcraft:ItemPickaxeElemental, Pickaxe of the Core
Thaumcraft:ItemAxeElemental, Axe of the Stream
Thaumcraft:ItemHoeElemental, Hoe of Growth
Thaumcraft:ItemChestplateRobe, Thaumaturge's Robe
Thaumcraft:ItemLeggingsRobe, Thaumaturge's Leggings
Thaumcraft:ItemBootsRobe, Thaumaturge's Boots
Thaumcraft:ArcaneDoorKey:0, Iron Arcane Key
Thaumcraft:ArcaneDoorKey:1, Gold Arcane Key
Thaumcraft:HandMirror, Magic Hand Mirror
Thaumcraft:HoverHarness, Thaumostatic Harness
Thaumcraft:BlockJarFilledItem, Jar of Essentia
Thaumcraft:BlockJarNodeItem, Node in a Jar
Thaumcraft:TrunkSpawner:0, Traveling Trunk
Thaumcraft:ItemGolemPlacer:0, Straw Golem
Thaumcraft:ItemGolemPlacer:1, Wood Golem
Thaumcraft:ItemGolemPlacer:2, Tallow Golem
Thaumcraft:ItemGolemPlacer:3, Clay Golem
Thaumcraft:ItemGolemPlacer:4, Flesh Golem
Thaumcraft:ItemGolemPlacer:5, Stone Golem
Thaumcraft:ItemGolemPlacer:6, Iron Golem
Thaumcraft:ItemGolemPlacer:7, Thaumium Golem
Thaumcraft:ItemGolemCore:100, Golem Animation Core
Thaumcraft:ItemGolemCore:0, Golem Animation Core
Thaumcraft:ItemGolemCore:1, Golem Animation Core
Thaumcraft:ItemGolemCore:2, Golem Animation Core
Thaumcraft:ItemGolemCore:3, Golem Animation Core
Thaumcraft:ItemGolemCore:4, Golem Animation Core
Thaumcraft:ItemGolemCore:5, Golem Animation Core
Thaumcraft:ItemGolemCore:6, Golem Animation Core
Thaumcraft:ItemGolemCore:7, Golem Animation Core
Thaumcraft:ItemGolemCore:8, Golem Animation Core
Thaumcraft:ItemGolemCore:9, Golem Animation Core
Thaumcraft:ItemGolemCore:10, Golem Animation Core
Thaumcraft:ItemGolemCore:11, Golem Animation Core
Thaumcraft:ItemGolemUpgrade:0, Golem Upgrade: Air
Thaumcraft:ItemGolemUpgrade:1, Golem Upgrade: Earth
Thaumcraft:ItemGolemUpgrade:2, Golem Upgrade: Fire
Thaumcraft:ItemGolemUpgrade:3, Golem Upgrade: Water
Thaumcraft:ItemGolemUpgrade:4, Golem Upgrade: Order
Thaumcraft:ItemGolemUpgrade:5, Golem Upgrade: Entropy
Thaumcraft:GolemBell, Golemancer's Bell
Thaumcraft:ItemGolemDecoration:0, Accessory: Top Hat
Thaumcraft:ItemGolemDecoration:1, Accessory: Spectacles
Thaumcraft:ItemGolemDecoration:2, Accessory: Bowtie
Thaumcraft:ItemGolemDecoration:3, Accessory: Fez
Thaumcraft:ItemGolemDecoration:4, Accessory: Dart Launcher
Thaumcraft:ItemGolemDecoration:5, Accessory: Visor
Thaumcraft:ItemGolemDecoration:6, Accessory: Iron Plating
Thaumcraft:ItemGolemDecoration:7, Accessory: Mace Arm
Thaumcraft:ItemBowBone, Bow of Bone
Thaumcraft:PrimalArrow:0, Air Arrow
Thaumcraft:PrimalArrow:1, Fire Arrow
Thaumcraft:PrimalArrow:2, Water Arrow
Thaumcraft:PrimalArrow:3, Earth Arrow
Thaumcraft:PrimalArrow:4, Order Arrow
Thaumcraft:PrimalArrow:5, Entropy Arrow
Thaumcraft:ItemResonator, Essentia Resonator
Thaumcraft:ItemBaubleBlanks:0, Mundane Amulet
Thaumcraft:ItemBaubleBlanks:1, Mundane Ring
Thaumcraft:ItemBaubleBlanks:2, Mundane Belt
Thaumcraft:ItemAmuletRunic:0, Amulet of Runic Shielding
Thaumcraft:ItemAmuletRunic:1, Amulet of Emergency Shielding
Thaumcraft:ItemRingRunic:0, Ring of Protection
Thaumcraft:ItemRingRunic:1, Ring of Runic Shielding
Thaumcraft:ItemRingRunic:2, Charged Ring of Shielding
Thaumcraft:ItemRingRunic:3, Revitalizing Ring of Shielding
Thaumcraft:ItemGirdleRunic:0, Girdle of Runic Shielding
Thaumcraft:ItemGirdleRunic:1, Kinetic Girdle of Shielding
Thaumcraft:ItemAmuletVis:0, Vis Stone
Thaumcraft:ItemAmuletVis:1, Amulet of Vis Storage
Thaumcraft:ItemGirdleHover:0, Thaumostatic Girdle
Thaumcraft:ItemZombieBrain, Zombie Brain
Thaumcraft:ItemBathSalts, Purifying Bath Salts
Thaumcraft:ItemCrystalEssence:0, Crystallized Essence
Thaumcraft:ItemBucketDeath, Bucket of Liquid Death
Thaumcraft:ItemBucketPure, Bucket of Purifying Fluid
Thaumcraft:ItemHelmetFortress, Thaumium Fortress Helm
Thaumcraft:ItemChestplateFortress, Thaumium Fortress Cuirass
Thaumcraft:ItemLeggingsFortress, Thaumium Fortress Thigh Guards
Thaumcraft:ItemEldritchObject:0, Eldritch Eye
Thaumcraft:ItemEldritchObject:1, Crimson Rites
Thaumcraft:ItemEldritchObject:2, Runed Tablet
Thaumcraft:ItemEldritchObject:3, Primordial Pearl
Thaumcraft:ItemEldritchObject:4, Eldritch Obelisk Placer
Thaumcraft:ItemHelmetVoid, Void Helm
Thaumcraft:ItemChestplateVoid, Void Chestplate
Thaumcraft:ItemLeggingsVoid, Void Leggings
Thaumcraft:ItemBootsVoid, Void Boots
Thaumcraft:ItemShovelVoid, Void Shovel
Thaumcraft:ItemPickVoid, Void Pickaxe
Thaumcraft:ItemAxeVoid, Void Axe
Thaumcraft:ItemSwordVoid, Void Sword
Thaumcraft:ItemHoeVoid, Void Hoe
Thaumcraft:ItemHelmetVoidFortress, Void Thaumaturge Hood
Thaumcraft:ItemChestplateVoidFortress, Void Thaumaturge Robe
Thaumcraft:ItemLeggingsVoidFortress, Void Thaumaturge Leggings
Thaumcraft:ItemSanitySoap, Sanitizing Soap
Thaumcraft:ItemSanityChecker, Sanity Checker
Thaumcraft:ItemBottleTaint, Bottled Taint
Thaumcraft:ItemHelmetCultistRobe, Crimson Cult Hood
Thaumcraft:ItemChestplateCultistRobe, Crimson Cult Robe
Thaumcraft:ItemLeggingsCultistRobe, Crimson Cult Leggings
Thaumcraft:ItemBootsCultist, Crimson Cult Boots
Thaumcraft:ItemHelmetCultistPlate, Crimson Cult Helm
Thaumcraft:ItemChestplateCultistPlate, Crimson Cult Chestplate
Thaumcraft:ItemLeggingsCultistPlate, Crimson Cult Greaves
Thaumcraft:ItemHelmetCultistLeaderPlate, Crimson Praetor Helm
Thaumcraft:ItemChestplateCultistLeaderPlate, Crimson Praetor Chestplate
Thaumcraft:ItemLeggingsCultistLeaderPlate, Crimson Praetor Greaves
Thaumcraft:ItemSwordCrimson, Crimson Blade
Thaumcraft:ItemLootBag:0, Common Treasure
Thaumcraft:ItemLootBag:1, Uncommon Treasure
Thaumcraft:ItemLootBag:2, Rare Treasure
Thaumcraft:ItemCompassStone:0, Sinister Lodestone
Thaumcraft:ItemPrimalCrusher, Primal Crusher
AWWayofTime:weakBloodOrb, Weak Blood Orb
AWWayofTime:apprenticeBloodOrb, Apprentice Blood Orb
AWWayofTime:magicianBloodOrb, Magician's Blood Orb
AWWayofTime:energyBlaster, Energy Blaster
AWWayofTime:energySword, Bound Blade
AWWayofTime:lavaCrystal, Lava Crystal
AWWayofTime:waterSigil, Water Sigil
AWWayofTime:lavaSigil, Lava Sigil
AWWayofTime:voidSigil, Void Sigil
AWWayofTime:blankSlate, Blank Slate
AWWayofTime:reinforcedSlate, Reinforced Slate
AWWayofTime:sacrificialKnife, Sacrificial Knife
AWWayofTime:daggerOfSacrifice, Dagger of Sacrifice
AWWayofTime:airSigil, Air Sigil
AWWayofTime:sigilOfTheFastMiner, Sigil of the Fast Miner
AWWayofTime:sigilOfElementalAffinity, Sigil of Elemental Affinity
AWWayofTime:sigilOfHaste, Sigil of Haste
AWWayofTime:sigilOfHolding, Sigil of Holding
AWWayofTime:divinationSigil, Divination Sigil
AWWayofTime:waterScribeTool, Elemental Inscription Tool: Water
AWWayofTime:fireScribeTool, Elemental Inscription Tool: Fire
AWWayofTime:earthScribeTool, Elemental Inscription Tool: Earth
AWWayofTime:airScribeTool, Elemental Inscription Tool: Air
AWWayofTime:activationCrystal:0, Weak Activation Crystal
AWWayofTime:activationCrystal:1, Awakened Activation Crystal
AWWayofTime:activationCrystal:2, Creative Activation Crystal
AWWayofTime:boundPickaxe, Bound Pickaxe
AWWayofTime:boundAxe, Bound Axe
AWWayofTime:boundShovel, Bound Shovel
AWWayofTime:boundHelmet, Bound Helmet
AWWayofTime:boundPlate, Bound Plate
AWWayofTime:boundLeggings, Bound Leggings
AWWayofTime:boundBoots, Bound Boots
AWWayofTime:weakBloodShard, Weak Blood Shard
AWWayofTime:growthSigil, Sigil of the Green Grove
AWWayofTime:blankSpell, Unbound Crystal
AWWayofTime:masterBloodOrb, Master Blood Orb
AWWayofTime:alchemyFlask, Potion Flask
AWWayofTime:standardBindingAgent, Standard Binding Agent
AWWayofTime:mundanePowerCatalyst, Mundane Power Catalyst
AWWayofTime:averagePowerCatalyst, Average Power Catalyst
AWWayofTime:greaterPowerCatalyst, Greater Power Catalyst
AWWayofTime:mundaneLengtheningCatalyst, Mundane Lengthening Catalyst
AWWayofTime:averageLengtheningCatalyst, Average Lengthening Catalyst
AWWayofTime:greaterLengtheningCatalyst, Greater Lengthening Catalyst
AWWayofTime:incendium, Incendium
AWWayofTime:magicales, Magicales
AWWayofTime:sanctus, Sanctus
AWWayofTime:aether, Aether
AWWayofTime:simpleCatalyst, Simple Catalyst
AWWayofTime:crepitous, Crepitous
AWWayofTime:crystallos, Crystallos
AWWayofTime:terrae, Terrae
AWWayofTime:aquasalus, Aquasalus
AWWayofTime:tennebrae, Tenebrae
AWWayofTime:demonBloodShard, Demon Blood Shard
AWWayofTime:archmageBloodOrb, Archmage's Blood Orb
AWWayofTime:transcendentBloodOrb, Transcendent Blood Orb
AWWayofTime:sigilOfWind, Sigil of the Whirlwind
AWWayofTime:telepositionFocus, Teleposition Focus
AWWayofTime:enhancedTelepositionFocus, Enhanced Teleposition Focus
AWWayofTime:reinforcedTelepositionFocus, Reinforced Teleposition Focus
AWWayofTime:demonicTelepositionFocus, Demonic Teleposition Focus
AWWayofTime:imbuedSlate, Imbued Slate
AWWayofTime:demonicSlate, Demonic Slate
AWWayofTime:duskScribeTool, Elemental Inscription Tool: Dusk
AWWayofTime:sigilOfTheBridge, Sigil of the Phantom Bridge
AWWayofTime:armourInhibitor, Armour Inhibitor
AWWayofTime:creativeFiller, Orb of Testing
AWWayofTime:demonPlacer:0, Demon Crystal
AWWayofTime:creativeDagger, Creative Sacrificial Knife
AWWayofTime:weakFillingAgent, Weak Filling Agent
AWWayofTime:standardFillingAgent, Standard Filling Agent
AWWayofTime:enhancedFillingAgent, Enhanced Filling Agent
AWWayofTime:weakBindingAgent, Weak Binding Agent
AWWayofTime:itemRitualDiviner:0, Ritual Diviner
AWWayofTime:itemRitualDiviner:1, Ritual Diviner
AWWayofTime:itemRitualDiviner:2, Ritual Diviner
AWWayofTime:sigilOfMagnetism, Sigil of Magnetism
AWWayofTime:itemKeyOfDiablo:0, Key of Binding
AWWayofTime:itemKeyOfDiablo:0, Key of Binding
AWWayofTime:energyBazooka, Energy Bazooka
AWWayofTime:itemBloodLightSigil, Sigil of the Blood Lamp
AWWayofTime:itemComplexSpellCrystal, Complex Spell Crystal
AWWayofTime:sigilOfSupression, Sigil of Supression
AWWayofTime:sigilOfEnderSeverance, Sigil of Ender Severance
AWWayofTime:fluidSigil, 
AWWayofTime:seerSigil, Sigil of Sight
AWWayofTime:customTool, Dynamic Mace
AWWayofTime:bucketLife, Bucket of Life
AWWayofTime:itemCombinationalCatalyst, Combinational Catalyst
AWWayofTime:itemAttunedCrystal:0, Alchemic Router
AWWayofTime:itemTankSegmenter:0, Alchemic Segmenter
AWWayofTime:itemDestinationClearer, Alchemic Cleanser
AWWayofTime:bloodMagicBaseItems:0, Quartz Rod
AWWayofTime:bloodMagicBaseItems:1, Empty Core
AWWayofTime:bloodMagicBaseItems:2, Magicales Cable
AWWayofTime:bloodMagicBaseItems:3, Wooden Brace
AWWayofTime:bloodMagicBaseItems:4, Stone Brace
AWWayofTime:bloodMagicBaseItems:5, Projectile Core
AWWayofTime:bloodMagicBaseItems:6, Self Core
AWWayofTime:bloodMagicBaseItems:7, Melee Core
AWWayofTime:bloodMagicBaseItems:8, Paradigm Plate
AWWayofTime:bloodMagicBaseItems:9, Output Spell Cable
AWWayofTime:bloodMagicBaseItems:10, Fire Core
AWWayofTime:bloodMagicBaseItems:11, Icy Core
AWWayofTime:bloodMagicBaseItems:12, Gusty Core
AWWayofTime:bloodMagicBaseItems:13, Earthen Core
AWWayofTime:bloodMagicBaseItems:14, Input Spell Cable
AWWayofTime:bloodMagicBaseItems:15, Cracked Runic Plate
AWWayofTime:bloodMagicBaseItems:16, Runic Plate
AWWayofTime:bloodMagicBaseItems:17, Imbued Runic Plate
AWWayofTime:bloodMagicBaseItems:18, Unattuned Core
AWWayofTime:bloodMagicBaseItems:19, Offensive Core
AWWayofTime:bloodMagicBaseItems:20, Defensive Core
AWWayofTime:bloodMagicBaseItems:21, Environmental Core
AWWayofTime:bloodMagicBaseItems:22, Power Core
AWWayofTime:bloodMagicBaseItems:23, Reduction Core
AWWayofTime:bloodMagicBaseItems:24, Potency Core
AWWayofTime:bloodMagicBaseItems:25, Obsidian Brace
AWWayofTime:bloodMagicBaseItems:26, Tool Core
AWWayofTime:bloodMagicBaseItems:27, Ethereal Slate
AWWayofTime:bloodMagicBaseItems:28, Life Shard
AWWayofTime:bloodMagicBaseItems:29, Soul Shard
AWWayofTime:bloodMagicBaseItems:30, Soul Runic Plate
AWWayofTime:bloodMagicBaseItems:31, Living Brace
AWWayofTime:bloodMagicBaseItems:32, Ender Shard
AWWayofTime:bloodMagicBaseAlchemyItems:0, Offensa
AWWayofTime:bloodMagicBaseAlchemyItems:1, Praesidium
AWWayofTime:bloodMagicBaseAlchemyItems:2, Orbis Terrae
AWWayofTime:bloodMagicBaseAlchemyItems:3, Strengthened Catalyst
AWWayofTime:bloodMagicBaseAlchemyItems:4, Concentrated Catalyst
AWWayofTime:bloodMagicBaseAlchemyItems:5, Fractured Bone
AWWayofTime:bloodMagicBaseAlchemyItems:6, Virtus
AWWayofTime:bloodMagicBaseAlchemyItems:7, Reductus
AWWayofTime:bloodMagicBaseAlchemyItems:8, Potentia
AWWayofTime:dawnScribeTool, Elemental Inscription Tool: Dawn
AWWayofTime:itemBloodPack, Blood Letter's Pack
AWWayofTime:itemHarvestSigil, Harvest Goddess Sigil
AWWayofTime:itemCompressionSigil, Sigil of Compression
AWWayofTime:itemAssassinSigil, Sigil of the Assassin
AWWayofTime:boundHelmetWater, Water Omega Helmet
AWWayofTime:boundPlateWater, Water Omega Plate
AWWayofTime:boundLeggingsWater, Water Omega Leggings
AWWayofTime:boundBootsWater, Water Omega Boots
AWWayofTime:boundHelmetEarth, Earth Omega Helmet
AWWayofTime:boundPlateEarth, Earth Omega Plate
AWWayofTime:boundLeggingsEarth, Earth Omega Leggings
AWWayofTime:boundBootsEarth, Earth Omega Boots
AWWayofTime:boundHelmetWind, Wind Omega Helmet
AWWayofTime:boundPlateWind, Wind Omega Plate
AWWayofTime:boundLeggingsWind, Wind Omega Leggings
AWWayofTime:boundBootsWind, Wind Omega Boots
AWWayofTime:boundHelmetFire, Fire Omega Helmet
AWWayofTime:boundPlateFire, Fire Omega Plate
AWWayofTime:boundLeggingsFire, Fire Omega Leggings
AWWayofTime:boundBootsFire, Fire Omega Boots
AWWayofTime:inputRoutingFocus, Input Routing Focus
AWWayofTime:outputRoutingFocus, item.outputRoutingFocus.name
AWWayofTime:bloodMagicIncenseItem:0, Wood Ash
AWWayofTime:bloodMagicIncenseItem:1, Byrrus
AWWayofTime:bloodMagicIncenseItem:2, Livens
AWWayofTime:bloodMagicIncenseItem:3, Viridis
AWWayofTime:bloodMagicIncenseItem:4, Purpura
AWWayofTime:ritualDismantler, Ritual Dismantler
BuildCraft|Core:wrenchItem, Wrench
BuildCraft|Core:mapLocation, Map Location
BuildCraft|Core:list:0, List
BuildCraft|Core:list:1, List
BuildCraft|Core:debugger, Debugger
BuildCraft|Core:woodenGearItem, Wood Gear
BuildCraft|Core:stoneGearItem, Stone Gear
BuildCraft|Core:ironGearItem, Iron Gear
BuildCraft|Core:goldGearItem, Gold Gear
BuildCraft|Core:diamondGearItem, Diamond Gear
BuildCraft|Core:paintbrush, Paintbrush
IC2:itemHarz, ic2.itemHarz.name
IC2:itemRubber, ic2.itemRubber.name
IC2:itemFluidCell, ic2.itemFluidCell.name
IC2:itemupgradekit:0, MFSU Upgrade Kit
IC2:itemRecipePart:0, Coil
IC2:itemRecipePart:1, Electric Motor
IC2:itemRecipePart:2, Power Unit
IC2:itemRecipePart:3, Small Power Unit
IC2:itemRecipePart:4, Crystal Memory (raw)
IC2:itemRecipePart:5, Heat Conductor
IC2:itemRecipePart:6, Copper Boiler
IC2:itemRecipePart:7, Wood Rotor Blade
IC2:itemRecipePart:8, Iron Rotor Blade
IC2:itemRecipePart:9, Carbon Rotor Blade
IC2:itemRecipePart:10, Steel Rotor Blade
IC2:itemRecipePart:11, Shaft (Iron)
IC2:itemRecipePart:12, Shaft (Refined Iron)
IC2:itemCasing:0, Copper Item Casing
IC2:itemCasing:1, Tin Item Casing
IC2:itemCasing:2, Bronze Item Casing
IC2:itemCasing:3, Gold Item Casing
IC2:itemCasing:4, Iron Item Casing
IC2:itemCasing:5, Refined Iron Item Casing
IC2:itemCasing:6, Lead Item Casing
IC2:itemCrushedOre:0, Crushed Iron Ore
IC2:itemCrushedOre:1, Crushed Copper Ore
IC2:itemCrushedOre:2, Crushed Gold Ore
IC2:itemCrushedOre:3, Crushed Tin Ore
IC2:itemCrushedOre:4, Crushed Uranium Ore
IC2:itemCrushedOre:5, Crushed Silver Ore
IC2:itemCrushedOre:6, Crushed Lead Ore
IC2:itemPurifiedCrushedOre:0, Purified Crushed Iron Ore
IC2:itemPurifiedCrushedOre:1, Purified Crushed Copper Ore
IC2:itemPurifiedCrushedOre:2, Purified Crushed Gold Ore
IC2:itemPurifiedCrushedOre:3, Purified Crushed Tin Ore
IC2:itemPurifiedCrushedOre:4, Purified Crushed Uranium Ore
IC2:itemPurifiedCrushedOre:5, Purified Crushed Silver Ore
IC2:itemPurifiedCrushedOre:6, Purified Crushed Lead Ore
IC2:itemPlates:0, Copper Plate
IC2:itemPlates:1, Tin Plate
IC2:itemPlates:2, Bronze Plate
IC2:itemPlates:3, Gold Plate
IC2:itemPlates:4, Iron Plate
IC2:itemPlates:5, Refined Iron Plate
IC2:itemPlates:6, Lead Plate
IC2:itemPlates:7, Obsidian Plate
IC2:itemPlates:8, Lapis Lazuli Plate
IC2:itemDensePlates:0, Dense Copper Plate
IC2:itemDensePlates:1, Dense Tin Plate
IC2:itemDensePlates:2, Dense Bronze Plate
IC2:itemDensePlates:3, Dense Gold Plate
IC2:itemDensePlates:4, Dense Iron Plate
IC2:itemDensePlates:5, Dense Refined Iron Plate
IC2:itemDensePlates:6, Dense Lead Plate
IC2:itemDensePlates:7, Dense Obsidian Plate
IC2:itemDensePlates:8, Dense Lapis Lazuli Plate
IC2:itemTurningBlanks:349525, Iron Turning Blank
IC2:itemTurningBlanksWood:209715, Wooden Turning Blank
IC2:itemDustSmall:0, Tiny Pile of Iron Dust
IC2:itemDustSmall:1, Tiny Pile of Copper Dust
IC2:itemDustSmall:2, Tiny Pile of Gold Dust
IC2:itemDustSmall:3, Tiny Pile of Tin Dust
IC2:itemDustSmall:4, Tiny Pile of Silver Dust
IC2:itemDustSmall:5, Tiny Pile of Lead Dust
IC2:itemDustSmall:6, Tiny Pile of Sulfur Dust
IC2:itemDustSmall:7, Tiny Pile of Lithium Dust
IC2:itemDustSmall:8, Tiny Pile of Bronze Dust
IC2:itemDustSmall:9, Tiny Pile of Lapis Dust
IC2:itemDustSmall:10, Tiny Pile of Obsidian Dust
IC2:itemDust:0, Bronze Dust
IC2:itemDust:1, Clay Dust
IC2:itemDust:2, Coal Dust
IC2:itemDust:3, Copper Dust
IC2:itemDust:4, Gold Dust
IC2:itemDust:5, Iron Dust
IC2:itemDust:6, Silver Dust
IC2:itemDust:7, Tin Dust
IC2:itemDust:8, Hydrated Coal Dust
IC2:itemDust:9, Stone Dust
IC2:itemDust:10, Lead Dust
IC2:itemDust:11, Obsidian Dust
IC2:itemDust:12, Lapis Lazuli Dust
IC2:itemDust:13, Sulfur Dust
IC2:itemDust:14, Lithium Dust
IC2:itemDust2:0, Silicon dioxide
IC2:itemDust2:1, Diamond Dust
IC2:itemDust2:2, Energium Dust
IC2:itemDust2:3, Ashes
IC2:itemIngot:0, Copper Ingot
IC2:itemIngot:1, Tin Ingot
IC2:itemIngot:2, Bronze Ingot
IC2:itemIngot:3, Refined Iron Ingot
IC2:itemIngot:4, Mixed Metal Ingot
IC2:itemIngot:5, Lead Ingot
IC2:itemIngot:6, Silver Ingot
IC2:reactorLithiumCell, ic2.reactorLithiumCell.name
IC2:itemTritiumCell, ic2.itemTritiumCell.name
IC2:itemUran, ic2.itemUran.name
IC2:itemMOX, ic2.itemMOX.name
IC2:itemPlutonium, ic2.itemPlutonium.name
IC2:itemPlutoniumSmall, ic2.itemPlutoniumSmall.name
IC2:itemUran235, ic2.itemUran235.name
IC2:itemUran235small, ic2.itemUran235small.name
IC2:itemUran238, ic2.itemUran238.name
IC2:itemFuelRod, ic2.itemFuelRod.name
IC2:itemRTGPellet, ic2.itemRTGPellet.name
IC2:itemPartCircuit, ic2.itemPartCircuit.name
IC2:itemPartCircuitAdv, ic2.itemPartCircuitAdv.name
IC2:itemPartAlloy, ic2.itemPartAlloy.name
IC2:itemPartCarbonFibre, ic2.itemPartCarbonFibre.name
IC2:itemPartCarbonMesh, ic2.itemPartCarbonMesh.name
IC2:itemPartCarbonPlate, ic2.itemPartCarbonPlate.name
IC2:itemOreIridium, ic2.itemOreIridium.name
IC2:itemPartIridium, ic2.itemPartIridium.name
IC2:itemShardIridium, ic2.itemShardIridium.name
IC2:itemTreetap, ic2.itemTreetap.name
IC2:itemToolBronzePickaxe, ic2.itemToolBronzePickaxe.name
IC2:itemToolBronzeAxe, ic2.itemToolBronzeAxe.name
IC2:itemToolBronzeSword, ic2.itemToolBronzeSword.name
IC2:itemToolBronzeSpade, ic2.itemToolBronzeSpade.name
IC2:itemToolBronzeHoe, ic2.itemToolBronzeHoe.name
IC2:itemToolWrench, ic2.itemToolWrench.name
IC2:itemToolCutter, ic2.itemToolCutter.name
IC2:itemFoamSprayer, ic2.itemFoamSprayer.name
IC2:itemToolbox, ic2.itemToolbox.name
IC2:itemContainmentbox, ic2.itemContainmentbox.name
IC2:itemToolForgeHammer, ic2.itemToolForgeHammer.name
IC2:itemLathingTool, ic2.itemLathingTool.name
IC2:itemcrystalmemory, ic2.itemcrystalmemory.name
IC2:itemToolDrill, ic2.itemToolDrill.name
IC2:itemToolDDrill, ic2.itemToolDDrill.name
IC2:itemToolIridiumDrill, ic2.itemToolIridiumDrill.name
IC2:itemToolChainsaw, ic2.itemToolChainsaw.name
IC2:itemToolWrenchElectric, ic2.itemToolWrenchElectric.name
IC2:itemTreetapElectric, ic2.itemTreetapElectric.name
IC2:itemToolMiningLaser, ic2.itemToolMiningLaser.name
IC2:itemToolMEter, ic2.itemToolMEter.name
IC2:itemScanner, ic2.itemScanner.name
IC2:itemScannerAdv, ic2.itemScannerAdv.name
IC2:obscurator, ic2.obscurator.name
IC2:itemFreq, ic2.itemFreq.name
IC2:itemNanoSaber, ic2.itemNanoSaber.name
IC2:plasmaLauncher, ic2.plasmaLauncher.name
IC2:windmeter, ic2.windmeter.name
IC2:itemArmorHazmatHelmet, ic2.itemArmorHazmatHelmet.name
IC2:itemArmorHazmatChestplate, ic2.itemArmorHazmatChestplate.name
IC2:itemArmorHazmatLeggings, ic2.itemArmorHazmatLeggings.name
IC2:itemArmorRubBoots, ic2.itemArmorRubBoots.name
IC2:itemArmorBronzeHelmet, ic2.itemArmorBronzeHelmet.name
IC2:itemArmorBronzeChestplate, ic2.itemArmorBronzeChestplate.name
IC2:itemArmorBronzeLegs, ic2.itemArmorBronzeLegs.name
IC2:itemArmorBronzeBoots, ic2.itemArmorBronzeBoots.name
IC2:itemArmorAlloyChestplate, ic2.itemArmorAlloyChestplate.name
IC2:itemArmorNanoHelmet, ic2.itemArmorNanoHelmet.name
IC2:itemArmorNanoChestplate, ic2.itemArmorNanoChestplate.name
IC2:itemArmorNanoLegs, ic2.itemArmorNanoLegs.name
IC2:itemArmorNanoBoots, ic2.itemArmorNanoBoots.name
IC2:itemArmorQuantumHelmet, ic2.itemArmorQuantumHelmet.name
IC2:itemArmorQuantumChestplate, ic2.itemArmorQuantumChestplate.name
IC2:itemArmorQuantumLegs, ic2.itemArmorQuantumLegs.name
IC2:itemArmorQuantumBoots, ic2.itemArmorQuantumBoots.name
IC2:itemArmorJetpack, ic2.itemArmorJetpack.name
IC2:itemArmorJetpackElectric, ic2.itemArmorJetpackElectric.name
IC2:itemArmorBatpack, ic2.itemArmorBatpack.name
IC2:itemArmorAdvBatpack, ic2.itemArmorAdvBatpack.name
IC2:itemArmorEnergypack, ic2.itemArmorEnergypack.name
IC2:itemArmorCFPack, ic2.itemArmorCFPack.name
IC2:itemSolarHelmet, ic2.itemSolarHelmet.name
IC2:itemStaticBoots, ic2.itemStaticBoots.name
IC2:itemNightvisionGoggles, ic2.itemNightvisionGoggles.name
IC2:itemBatREDischarged, ic2.itemBatREDischarged.name
IC2:itemBatRE, ic2.itemBatRE.name
IC2:itemAdvBat, ic2.itemAdvBat.name
IC2:itemBatCrystal, ic2.itemBatCrystal.name
IC2:itemBatLamaCrystal, ic2.itemBatLamaCrystal.name
IC2:itemBatSU, ic2.itemBatSU.name
IC2:itemBatChargeRE, ic2.itemBatChargeRE.name
IC2:itemBatChargeAdv, ic2.itemBatChargeAdv.name
IC2:itemBatChargeCrystal, ic2.itemBatChargeCrystal.name
IC2:itemBatChargeLamaCrystal, ic2.itemBatChargeLamaCrystal.name
IC2:itemCable:0, Insulated Copper Cable
IC2:itemCable:1, Copper Cable
IC2:itemCable:2, Gold Cable
IC2:itemCable:3, Insulated Gold Cable
IC2:itemCable:5, HV Cable
IC2:itemCable:6, Insulated HV Cable
IC2:itemCable:9, Glass Fibre Cable
IC2:itemCable:10, Tin Cable
IC2:itemCable:11, EU-Detector Cable
IC2:itemCable:12, EU-Splitter Cable
IC2:itemCable:13, Insulated Tin Cable
IC2:itemCellEmpty:0, Empty Cell
IC2:itemCellEmpty:1, Water Cell
IC2:itemCellEmpty:2, Lava Cell
IC2:itemCellEmpty:3, UuMatter Cell
IC2:itemCellEmpty:4, Construction Foam Cell
IC2:itemCellEmpty:5, Compressed Air Cell
IC2:itemCellEmpty:6, Biomass Cell
IC2:itemCellEmpty:7, Biogas Cell
IC2:itemCellEmpty:8, Electrolyzed Water Cell
IC2:itemCellEmpty:9, Coolant Cell
IC2:itemCellEmpty:10, Hot Coolant Cell
IC2:itemCellEmpty:11, Pahoehoe Lava Cell
IC2:itemCellEmpty:12, Distilled Water Cell
IC2:itemCellEmpty:13, Superheated Steam Cell
IC2:itemCellEmpty:14, Steam Cell
IC2:itemTinCan, ic2.itemTinCan.name
IC2:itemTinCanFilled, ic2.itemTinCanFilled.name
IC2:reactorMOXSimple, ic2.reactorMOXSimple.name
IC2:reactorMOXDual, ic2.reactorMOXDual.name
IC2:reactorMOXQuad, ic2.reactorMOXQuad.name
IC2:reactorUraniumSimple, ic2.reactorUraniumSimple.name
IC2:reactorUraniumDual, ic2.reactorUraniumDual.name
IC2:reactorUraniumQuad, ic2.reactorUraniumQuad.name
IC2:reactorMOXSimpledepleted, ic2.reactorMOXSimpledepleted.name
IC2:reactorMOXDualdepleted, ic2.reactorMOXDualdepleted.name
IC2:reactorMOXQuaddepleted, ic2.reactorMOXQuaddepleted.name
IC2:reactorUraniumSimpledepleted, ic2.reactorUraniumSimpledepleted.name
IC2:reactorUraniumDualdepleted, ic2.reactorUraniumDualdepleted.name
IC2:reactorUraniumQuaddepleted, ic2.reactorUraniumQuaddepleted.name
IC2:reactorCoolantSimple, ic2.reactorCoolantSimple.name
IC2:reactorCoolantTriple, ic2.reactorCoolantTriple.name
IC2:reactorCoolantSix, ic2.reactorCoolantSix.name
IC2:reactorPlating, ic2.reactorPlating.name
IC2:reactorPlatingHeat, ic2.reactorPlatingHeat.name
IC2:reactorPlatingExplosive, ic2.reactorPlatingExplosive.name
IC2:reactorHeatSwitch, ic2.reactorHeatSwitch.name
IC2:reactorHeatSwitchCore, ic2.reactorHeatSwitchCore.name
IC2:reactorHeatSwitchSpread, ic2.reactorHeatSwitchSpread.name
IC2:reactorHeatSwitchDiamond, ic2.reactorHeatSwitchDiamond.name
IC2:reactorVent, ic2.reactorVent.name
IC2:reactorVentCore, ic2.reactorVentCore.name
IC2:reactorVentGold, ic2.reactorVentGold.name
IC2:reactorVentSpread, ic2.reactorVentSpread.name
IC2:reactorVentDiamond, ic2.reactorVentDiamond.name
IC2:reactorReflector, ic2.reactorReflector.name
IC2:reactorReflectorThick, ic2.reactorReflectorThick.name
IC2:reactorCondensator, ic2.reactorCondensator.name
IC2:reactorCondensatorLap, ic2.reactorCondensatorLap.name
IC2:itemTFBP, ic2.itemTFBP.name
IC2:itemTFBPCultivation, ic2.itemTFBPCultivation.name
IC2:itemTFBPIrrigation, ic2.itemTFBPIrrigation.name
IC2:itemTFBPChilling, ic2.itemTFBPChilling.name
IC2:itemTFBPDesertification, ic2.itemTFBPDesertification.name
IC2:itemTFBPFlatification, ic2.itemTFBPFlatification.name
IC2:itemTFBPMushroom, ic2.itemTFBPMushroom.name
IC2:itemPartCoalBall, ic2.itemPartCoalBall.name
IC2:itemPartCoalBlock, ic2.itemPartCoalBlock.name
IC2:itemPartCoalChunk, ic2.itemPartCoalChunk.name
IC2:itemPartIndustrialDiamond, ic2.itemPartIndustrialDiamond.name
IC2:itemSlag, ic2.itemSlag.name
IC2:itemScrap, ic2.itemScrap.name
IC2:itemScrapbox, ic2.itemScrapbox.name
IC2:itemFuelPlantBall, ic2.itemFuelPlantBall.name
IC2:itemBiochaff, ic2.itemBiochaff.name
IC2:itemToolPainter, ic2.itemToolPainter.name
IC2:itemToolPainterBlack, ic2.itemToolPainterBlack.name
IC2:itemToolPainterRed, ic2.itemToolPainterRed.name
IC2:itemToolPainterGreen, ic2.itemToolPainterGreen.name
IC2:itemToolPainterBrown, ic2.itemToolPainterBrown.name
IC2:itemToolPainterBlue, ic2.itemToolPainterBlue.name
IC2:itemToolPainterPurple, ic2.itemToolPainterPurple.name
IC2:itemToolPainterCyan, ic2.itemToolPainterCyan.name
IC2:itemToolPainterLightGrey, ic2.itemToolPainterLightGrey.name
IC2:itemToolPainterDarkGrey, ic2.itemToolPainterDarkGrey.name
IC2:itemToolPainterPink, ic2.itemToolPainterPink.name
IC2:itemToolPainterLime, ic2.itemToolPainterLime.name
IC2:itemToolPainterYellow, ic2.itemToolPainterYellow.name
IC2:itemToolPainterCloud, ic2.itemToolPainterCloud.name
IC2:itemToolPainterMagenta, ic2.itemToolPainterMagenta.name
IC2:itemToolPainterOrange, ic2.itemToolPainterOrange.name
IC2:itemToolPainterWhite, ic2.itemToolPainterWhite.name
IC2:itemDynamite, ic2.itemDynamite.name
IC2:itemDynamiteSticky, ic2.itemDynamiteSticky.name
IC2:itemRemote, ic2.itemRemote.name
IC2:upgradeModule:0, Overclocker Upgrade
IC2:upgradeModule:1, Transformer Upgrade
IC2:upgradeModule:2, Energy Storage Upgrade
IC2:upgradeModule:3, Ejector Upgrade
IC2:upgradeModule:4, Fluid Ejector Upgrade
IC2:upgradeModule:5, Redstone Signal Inverter Upgrade
IC2:upgradeModule:6, Pulling Upgrade
IC2:itemCoin, ic2.itemCoin.name
IC2:itemDoorAlloy, ic2.itemDoorAlloy.name
IC2:itemPartCFPowder, ic2.itemPartCFPowder.name
IC2:itemGrinPowder, ic2.itemGrinPowder.name
IC2:itemDebug, ic2.itemDebug.name
IC2:itemBoat:0, Carbon Fiber Canoe
IC2:itemBoat:1, Rubber Dinghy
IC2:itemBoat:2, Damaged Rubber Dinghy
IC2:itemBoat:3, Electric Boat
IC2:itemWeedingTrowel, ic2.itemWeedingTrowel.name
IC2:itemWeed, ic2.itemWeed.name
IC2:itemCropSeed, ic2.itemCropSeed.name
IC2:itemCropnalyzer, ic2.itemCropnalyzer.name
IC2:itemFertilizer, ic2.itemFertilizer.name
IC2:itemCellHydrant, ic2.itemCellHydrant.name
IC2:itemToolHoe, ic2.itemToolHoe.name
IC2:itemTerraWart, ic2.itemTerraWart.name
IC2:itemWeedEx, ic2.itemWeedEx.name
IC2:itemMugEmpty, ic2.itemMugEmpty.name
IC2:itemCofeeBeans, ic2.itemCofeeBeans.name
IC2:itemCofeePowder, ic2.itemCofeePowder.name
IC2:itemMugCoffee:0, Cold Coffee
IC2:itemMugCoffee:1, Dark Coffee
IC2:itemMugCoffee:2, Coffee
IC2:itemHops, ic2.itemHops.name
IC2:itemBarrel, ic2.itemBarrel.name
IC2:itemMugBooze, ic2.itemMugBooze.name
IC2:itemwoodrotor, ic2.itemwoodrotor.name
IC2:itemironrotor, ic2.itemironrotor.name
IC2:itemsteelrotor, ic2.itemsteelrotor.name
IC2:itemwcarbonrotor, ic2.itemwcarbonrotor.name
IC2:itemSteamTurbine, ic2.itemSteamTurbine.name
IC2:itemSteamTurbineBlade, ic2.itemSteamTurbineBlade.name
IC2:itemIronBlockCuttingBlade, ic2.itemIronBlockCuttingBlade.name
IC2:itemAdvIronBlockCuttingBlade, ic2.itemAdvIronBlockCuttingBlade.name
IC2:itemDiamondBlockCuttingBlade, ic2.itemDiamondBlockCuttingBlade.name
Railcraft:fluid.creosote.bucket, Creosote Bucket
Railcraft:fluid.creosote.bottle, Creosote Bottle
Railcraft:fluid.creosote.can, Creosote Can
Railcraft:fluid.creosote.cell, Creosote Cell
Railcraft:fluid.creosote.wax, Creosote Capsule
Railcraft:fluid.creosote.refactory, Creosote Capsule
Railcraft:fluid.steam.bottle, Steam Bottle
Railcraft:tool.crowbar, Crowbar
Railcraft:tool.crowbar.reinforced, Reinforced Crowbar
Railcraft:tool.magnifying.glass, Magnifying Glass
Railcraft:armor.goggles, Trackman's Goggles
Railcraft:part.circuit:0, Controller Circuit
Railcraft:part.circuit:1, Receiver Circuit
Railcraft:part.circuit:2, Signal Circuit
Railcraft:tool.steel.shears, Steel Shears
Railcraft:tool.steel.sword, Steel Sword
Railcraft:tool.steel.shovel, Steel Shovel
Railcraft:tool.steel.pickaxe, Steel Pickaxe
Railcraft:tool.steel.axe, Steel Axe
Railcraft:tool.steel.hoe, Steel Hoe
Railcraft:armor.steel.helmet, Steel Helmet
Railcraft:armor.steel.plate, Steel Chestplate
Railcraft:armor.steel.legs, Steel Leggings
Railcraft:armor.steel.boots, Steel Boots
Railcraft:armor.overalls, Engineer's Overalls
Railcraft:nugget:0, Iron Nugget
Railcraft:nugget:1, Steel Nugget
Railcraft:nugget:2, Copper Nugget
Railcraft:nugget:3, Tin Nugget
Railcraft:nugget:4, Lead Nugget
Railcraft:ingot:0, Steel Ingot
Railcraft:ingot:1, Copper Ingot
Railcraft:ingot:2, Tin Ingot
Railcraft:ingot:3, Lead Ingot
Railcraft:part.railbed:0, Wooden Railbed
Railcraft:part.railbed:1, Stone Railbed
Railcraft:part.tie:0, Wooden Tie
Railcraft:part.tie:1, Stone Tie
Railcraft:part.rebar, Rebar
Railcraft:part.rail:0, Standard Rail
Railcraft:part.rail:1, Advanced Rail
Railcraft:part.rail:2, Wooden Rail
Railcraft:part.rail:3, H.S. Rail
Railcraft:part.rail:4, Reinforced Rail
Railcraft:part.rail:5, Electric Rail
Railcraft:fuel.coke, Coal Coke
Railcraft:part.plate:0, Iron Plate
Railcraft:part.plate:1, Steel Plate
Railcraft:part.plate:2, Tin Plate
Railcraft:part.plate:3, Copper Plate
Railcraft:part.plate:4, item.railcraft.part.plate.lead.name
Railcraft:dust:0, Obsidian Dust
Railcraft:dust:1, Sulfur
Railcraft:dust:2, Saltpeter
Railcraft:dust:3, Charcoal Dust
Railcraft:part.gear:0, Gold-Plate Gear
Railcraft:part.gear:1, Iron Gear
Railcraft:part.gear:2, Steel Gear
Railcraft:part.gear:3, Tin Gear Bushing
Railcraft:cart.tnt.wood:0, Wooden TNT Cart
Railcraft:cart.work:0, Work Cart
Railcraft:tool.surveyor:0, Signal Block Surveyor
Railcraft:tool.signal.tuner:0, Signal Tuner
Railcraft:tool.signal.label, Signal Label
Railcraft:part.signal.lamp, Signal Lamp
Railcraft:part.bleached.clay, Bleached Clay
Railcraft:cart.bore:0, Tunnel Bore
Railcraft:borehead.diamond, Diamond Bore Head
Railcraft:borehead.steel, Steel Bore Head
Railcraft:borehead.iron, Iron Bore Head
Railcraft:cart.track.relayer:0, Track Relayer Cart
Railcraft:cart.undercutter:0, Undercutter Cart
Railcraft:cart.track.layer:0, Track Layer Cart
Railcraft:cart.track.remover:0, Track Remover Cart
Railcraft:cart.tank:0, Tank Cart
Railcraft:cart.cargo:0, Cargo Cart
Railcraft:upgrade.lapotron, item.railcraft.upgrade.lapotron.name
Railcraft:cart.energy.batbox:0, Batbox Cart
Railcraft:cart.energy.mfe:0, MFE Cart
Railcraft:cart.energy.cesu:0, CESU Cart
Railcraft:tool.crowbar.magic, Thaumium Crowbar
Railcraft:tool.crowbar.void, Void metal Crowbar
Railcraft:cart.anchor:0, Anchor Cart
Railcraft:cart.anchor.personal:0, Personal Anchor Cart
Railcraft:cart.anchor.admin:0, Admin Anchor Cart
Railcraft:cart.pumpkin:0, Pumpkin Cart
Railcraft:cart.gift:0, Gift Cart
Railcraft:tool.whistle.tuner, Whistle Tuner
Railcraft:routing.table, Routing Table
Railcraft:routing.ticket.gold, Golden Railway Ticket
Railcraft:routing.ticket, Railway Ticket
Railcraft:emblem, Emblem
Railcraft:firestone.raw, Raw Firestone
Railcraft:firestone.cut, Cut Firestone
Railcraft:firestone.refined, Refined Firestone
Railcraft:firestone.cracked, Cracked Firestone
Railcraft:tool.electric.meter, Electric Meter
Railcraft:part.turbine.rotor, Turbine Rotor
Railcraft:part.turbine.disk, Turbine Disk
Railcraft:part.turbine.blade, Turbine Blade
Railcraft:cart.redstone.flux:0, Redstone Flux Cart
TwilightForest:item.nagaScale, Naga Scale
TwilightForest:item.plateNaga, Naga Scale Tunic
TwilightForest:item.legsNaga, Naga Scale Leggings
TwilightForest:item.scepterTwilight, Scepter of Twilight
TwilightForest:item.scepterLifeDrain, Scepter of Life Draining
TwilightForest:item.scepterZombie, Zombie Scepter
TwilightForest:item.oreMeter, Ore Meter [WIP]
TwilightForest:item.magicMap:0, Magic Map #0
TwilightForest:item.mazeMap:0, Maze Map #0
TwilightForest:item.oreMap:0, Maze/Ore Map #0
TwilightForest:item.tfFeather, Raven's Feather
TwilightForest:item.magicMapFocus, Magic Map Focus
TwilightForest:item.mazeMapFocus, Maze Map Focus
TwilightForest:item.liveRoot, Liveroot
TwilightForest:item.ironwoodRaw, Raw Ironwood Materials
TwilightForest:item.ironwoodIngot, Ironwood Ingot
TwilightForest:item.ironwoodHelm, Ironwood Helm
TwilightForest:item.ironwoodPlate, Ironwood Plate
TwilightForest:item.ironwoodLegs, Ironwood Legs
TwilightForest:item.ironwoodBoots, Ironwood Boots
TwilightForest:item.ironwoodSword, Ironwood Sword
TwilightForest:item.ironwoodShovel, Ironwood Shovel
TwilightForest:item.ironwoodPick, Ironwood Pick
TwilightForest:item.ironwoodAxe, Ironwood Axe
TwilightForest:item.ironwoodHoe, Ironwood Hoe
TwilightForest:item.torchberries, Torchberries
TwilightForest:item.venisonRaw, Raw Venison
TwilightForest:item.venisonCooked, Venison Steak
TwilightForest:item.hydraChop, Hydra Chop
TwilightForest:item.fieryBlood, Fiery Blood
TwilightForest:item.trophy:0, Hydra Trophy
TwilightForest:item.trophy:1, Naga Trophy
TwilightForest:item.trophy:2, Lich Trophy
TwilightForest:item.trophy:3, Ur-ghast Trophy
TwilightForest:item.trophy:4, Snow Queen Trophy
TwilightForest:item.fieryIngot, Fiery Ingot
TwilightForest:item.fieryHelm, Fiery Helm
TwilightForest:item.fieryPlate, Fiery Plate
TwilightForest:item.fieryLegs, Fiery Legs
TwilightForest:item.fieryBoots, Fiery Boots
TwilightForest:item.fierySword, Fiery Sword
TwilightForest:item.fieryPick, Fiery Pick
TwilightForest:item.steeleafIngot, Steeleaf
TwilightForest:item.steeleafHelm, Steeleaf Helm
TwilightForest:item.steeleafPlate, Steeleaf Plate
TwilightForest:item.steeleafLegs, Steeleaf Legs
TwilightForest:item.steeleafBoots, Steeleaf Boots
TwilightForest:item.steeleafSword, Steeleaf Sword
TwilightForest:item.steeleafShovel, Steeleaf Shovel
TwilightForest:item.steeleafPick, Steeleaf Pick
TwilightForest:item.steeleafAxe, Steeleaf Axe
TwilightForest:item.steeleafHoe, Steeleaf Hoe
TwilightForest:item.minotaurAxe, Minotaur Axe
TwilightForest:item.mazebreakerPick, Mazebreaker
TwilightForest:item.transformPowder, Transformation Powder
TwilightForest:item.meefRaw, Raw Meef
TwilightForest:item.meefSteak, Meef Steak
TwilightForest:item.meefStroganoff, Meef Stroganoff
TwilightForest:item.mazeWafer, Maze Wafer
TwilightForest:item.emptyMagicMap, Blank Magic Map
TwilightForest:item.emptyMazeMap, Blank Maze Map
TwilightForest:item.emptyOreMap, Blank Maze/Ore Map
TwilightForest:item.oreMagnet, Ore Magnet
TwilightForest:item.crumbleHorn, Crumble Horn
TwilightForest:item.peacockFan, Peacock Feather Fan
TwilightForest:item.moonwormQueen, Moonworm Queen
TwilightForest:item.charmOfLife1, Charm of Life I
TwilightForest:item.charmOfLife2, Charm of Life II
TwilightForest:item.charmOfKeeping1, Charm of Keeping I
TwilightForest:item.charmOfKeeping2, Charm of Keeping II
TwilightForest:item.charmOfKeeping3, Charm of Keeping III
TwilightForest:item.towerKey, Tower Key
TwilightForest:item.borerEssence, Borer Essence
TwilightForest:item.carminite, Carminite
TwilightForest:item.experiment115, Experiment 115
TwilightForest:item.armorShards, Armor Shard
TwilightForest:item.knightMetal, Knightmetal Ingot
TwilightForest:item.shardCluster, Armor Shard Cluster
TwilightForest:item.knightlyHelm, Knightly Helm
TwilightForest:item.knightlyPlate, Knightly Plate
TwilightForest:item.knightlyLegs, Knightly Greaves
TwilightForest:item.knightlyBoots, Knightly Boots
TwilightForest:item.knightlySword, Knightly Sword
TwilightForest:item.knightlyPick, Knightly Pick
TwilightForest:item.knightlyAxe, Knightly Axe
TwilightForest:item.phantomHelm, Phantom Helm
TwilightForest:item.phantomPlate, Phantom Plate
TwilightForest:item.lampOfCinders, Lamp of Cinders
TwilightForest:item.fieryTears, Fiery Tears
TwilightForest:item.alphaFur, Alpha Yeti Fur
TwilightForest:item.yetiHelm, Yeti Horned Helm
TwilightForest:item.yetiPlate, Yeti Jacket
TwilightForest:item.yetiLegs, Yeti Leggings
TwilightForest:item.yetiBoots, Yeti Boots
TwilightForest:item.iceBomb, Ice Bomb
TwilightForest:item.arcticFur, Arctic Fur
TwilightForest:item.arcticHelm, Arctic Hood
TwilightForest:item.arcticPlate, Arctic Jacket
TwilightForest:item.arcticLegs, Arctic Leggings
TwilightForest:item.arcticBoots, Arctic Boots
TwilightForest:item.magicBeans, Magic Beans
TwilightForest:item.giantPick, Giant's Pickaxe
TwilightForest:item.giantSword, Giant's Sword
TwilightForest:item.tripleBow, Tri-bow
TwilightForest:item.seekerBow, Seeker Bow
TwilightForest:item.iceBow, Ice Bow
TwilightForest:item.enderBow, Ender Bow
TwilightForest:item.iceSword, Ice Sword
TwilightForest:item.glassSword, Glass Sword
TwilightForest:item.knightmetalRing, Knightmetal Loop
TwilightForest:item.chainBlock, Block and Chain
TwilightForest:item.cubeTalisman, Talisman of the Cube
TwilightForest:item.cubeOfAnnihilation, Cube of Annihilation
TwilightForest:item.null:0, Cloth Of The Adherent
TwilightForest:item.null:1, Fragment Of The Harbinger
chisel:upgrade:0, Speed Upgrade.name
chisel:upgrade:1, Automation Upgrade.name
chisel:upgrade:2, Stack Upgrade.name
chisel:upgrade:3, Reversion Upgrade.name
chisel:ballomoss, Ball O' Moss
chisel:chisel, item.null.name
chisel:diamondChisel, item.null.name
chisel:obsidianChisel, item.null.name
chisel:cloudinabottle, Cloud In A Bottle
chisel:smashingrock, Smashing Rock
EnderIO:itemCoordSelector, Coordinate Selector
EnderIO:itemFusedQuartzFrame, Fused Quartz Frame
EnderIO:itemConduitFacade:0, Conduit Facade
EnderIO:itemConduitFacade:1, Hardened Conduit Facade
EnderIO:itemBrokenSpawner:0, Broken Spawner
EnderIO:itemBrokenSpawner:0, Broken Spawner
EnderIO:itemBrokenSpawner:0, Broken Spawner
EnderIO:itemBrokenSpawner:0, Broken Spawner
EnderIO:itemBrokenSpawner:0, Broken Spawner
EnderIO:itemBrokenSpawner:0, Broken Spawner
EnderIO:itemBrokenSpawner:0, Broken Spawner
EnderIO:itemFrankenSkull:0, Zombie Electrode
EnderIO:itemFrankenSkull:1, Z-Logic Controller
EnderIO:itemFrankenSkull:2, Frank'N'Zombie
EnderIO:itemFrankenSkull:3, Ender Resonator
EnderIO:itemFrankenSkull:4, Sentient Ender
EnderIO:itemRedstoneConduit:0, Redstone Conduit
EnderIO:itemRedstoneConduit:1, Conduit Switch
EnderIO:itemRedstoneConduit:2, Insulated Redstone Conduit
EnderIO:itemPowerConduit:0, Energy Conduit
EnderIO:itemPowerConduit:1, Enhanced Energy Conduit
EnderIO:itemPowerConduit:2, Ender Energy Conduit
EnderIO:itemLiquidConduit:0, Fluid Conduit
EnderIO:itemLiquidConduit:1, Pressurized Fluid Conduit
EnderIO:itemLiquidConduit:2, Ender Fluid Conduit
EnderIO:itemItemConduit:0, Item Conduit
EnderIO:itemGasConduit:0, Gas Conduit
EnderIO:itemMEConduit:0, ME Conduit
EnderIO:itemMEConduit:1, Dense ME Conduit
EnderIO:itemBasicFilterUpgrade:0, Basic Item Filter
EnderIO:itemBasicFilterUpgrade:1, Advanced Item Filter
EnderIO:itemExistingItemFilter:0, Existing Item Filter
EnderIO:itemModItemFilter, Mod Item Filter
EnderIO:itemPowerItemFilter:0, Chargeable Item Filter
EnderIO:itemExtractSpeedUpgrade:0, Item Conduit Speed Upgrade
EnderIO:itemExtractSpeedUpgrade:1, Item Conduit Speed Downgrade
EnderIO:itemFunctionUpgrade:0, Remote Awareness Upgrade
EnderIO:itemBasicCapacitor:0, Basic Capacitor
EnderIO:itemBasicCapacitor:1, Double-Layer Capacitor
EnderIO:itemBasicCapacitor:2, Octadic Capacitor
EnderIO:itemMachinePart:0, Machine Chassis
EnderIO:itemMachinePart:1, Basic Gear
EnderIO:itemMaterial:0, Silicon
EnderIO:itemMaterial:1, Conduit Binder
EnderIO:itemMaterial:2, Binder Composite
EnderIO:itemMaterial:3, Pulsating Iron Nugget
EnderIO:itemMaterial:4, Vibrant Alloy Nugget
EnderIO:itemMaterial:5, Pulsating Crystal
EnderIO:itemMaterial:6, Vibrant Crystal
EnderIO:itemMaterial:7, Dark Steel Ball
EnderIO:itemMaterial:8, Ender Crystal
EnderIO:itemMaterial:9, Enticing Crystal
EnderIO:itemMaterial:10, Weather Crystal
EnderIO:itemAlloy:0, Electrical Steel
EnderIO:itemAlloy:1, Energetic Alloy
EnderIO:itemAlloy:2, Vibrant Alloy
EnderIO:itemAlloy:3, Redstone Alloy
EnderIO:itemAlloy:4, Conductive Iron
EnderIO:itemAlloy:5, Pulsating Iron
EnderIO:itemAlloy:6, Dark Steel
EnderIO:itemAlloy:7, Soularium
EnderIO:itemPowderIngot:0, Coal Powder
EnderIO:itemPowderIngot:1, Iron Powder
EnderIO:itemPowderIngot:2, Gold Powder
EnderIO:itemPowderIngot:3, Copper Powder
EnderIO:itemPowderIngot:4, Tin Powder
EnderIO:itemPowderIngot:6, Enderium Base
EnderIO:itemPowderIngot:7, Obsidian Powder
EnderIO:itemPowderIngot:8, Flour
EnderIO:bucketNutrient_distillation, Nutrient Distillation Bucket
EnderIO:bucketHootch, Hootch Bucket
EnderIO:bucketRocket_fuel, Rocket Fuel Bucket
EnderIO:bucketFire_water, Fire Water Bucket
EnderIO:bucketLiquid_sunshine, Liquid Sunshine Bucket
EnderIO:bucketCloud_seed, Cloud Seed Bucket
EnderIO:bucketCloud_seed_concentrated, Concentrated Cloud Seed Bucket
EnderIO:itemYetaWrench, Yeta Wrench
EnderIO:itemEnderface, Enderface
EnderIO:itemTravelStaff:0, Staff of Traveling
EnderIO:itemTravelStaff:16, Staff of Traveling
EnderIO:itemConduitProbe:0, Conduit Probe
EnderIO:itemXpTransfer:0, Experience Rod
EnderIO:itemSoulVessel, Soul Vial
EnderIO:itemEnderFood:0, "Enderios"
EnderIO:itemGliderWing:0, Glider Wing
EnderIO:itemGliderWing:1, Glider Wings
EnderIO:item.darkSteel_helmet, Dark Helm
EnderIO:item.darkSteel_chestplate, Dark Plate
EnderIO:item.darkSteel_leggings, Dark Leggings
EnderIO:item.darkSteel_boots, Dark Boots
EnderIO:item.darkSteel_sword, The Ender
EnderIO:item.darkSteel_pickaxe, Dark Pick
EnderIO:item.darkSteel_axe, Dark Axe
EnderIO:item.darkSteel_shears, Dark Shears
EnderIO:itemMagnet:0, Electromagnet
EnderIO:itemMagnet:16, Electromagnet
ConveyorCraft:ingot_zinc, Zinc Ingot
ConveyorCraft:nugget_zinc, Zinc Nugget
ConveyorCraft:ingot_tungsten, Tungsten Ingot
ConveyorCraft:nugget_tungsten, Tungsten Nugget
ConveyorCraft:hoe_zinc, Zinc Hoe
ConveyorCraft:pickaxe_zinc, Zinc Pickaxe
ConveyorCraft:axe_zinc, Zinc Axe
ConveyorCraft:shovel_zinc, Zinc Shovel
ConveyorCraft:sword_zinc, Zinc Sword
ConveyorCraft:hoe_tungsten, Tungsten Hoe
ConveyorCraft:pickaxe_tungsten, Tungsten Pickaxe
ConveyorCraft:axe_tungsten, Tungsten Axe
ConveyorCraft:shovel_tungsten, Tungsten Shovel
ConveyorCraft:sword_tungsten, Tungsten Sword
ConveyorCraft:helmet_zinc, Zinc Helmet
ConveyorCraft:chestplate_zinc, Zinc Chestplate
ConveyorCraft:leggings_zinc, Zinc Leggings
ConveyorCraft:boots_zinc, Zinc Boots
ConveyorCraft:helmet_tungsten, Tungsten Helmet
ConveyorCraft:chestplate_tungsten, Tungsten Chestplate
ConveyorCraft:leggings_tungsten, Tungsten Leggings
ConveyorCraft:boots_tungsten, Tungsten Boots
ConveyorCraft:binding_pearl, Binding Pearl
ConveyorCraft:binding_pearl_translation_belt, Translation Belt Binding Pearl
ConveyorCraft:fluid_bucket:0, Oil Bucket
ConveyorCraft:fluid_bucket:1, Gasoline Bucket
ConveyorCraft:fluid_bucket:2, Biomass Bucket
ConveyorCraft:fluid_bucket:3, Gas Bucket
ConveyorCraft:zinc_gear, Zinc Gear
ConveyorCraft:tungsten_gear, Tungsten Gear
ConveyorCraft:zinc_cap, Zinc Cap
ConveyorCraft:tungsten_cap, Tungsten Cap
AdvancedSolarPanel:advanced_solar_helmet, Advanced Solar Helmet
AdvancedSolarPanel:hybrid_solar_helmet, Hybrid Solar Helmet
AdvancedSolarPanel:ultimate_solar_helmet, Ultimate Solar Helmet
AdvancedSolarPanel:asp_crafting_items:0, Sunnarium
AdvancedSolarPanel:asp_crafting_items:1, Sunnarium Alloy
AdvancedSolarPanel:asp_crafting_items:2, Irradiant Uranium
AdvancedSolarPanel:asp_crafting_items:3, Enriched Sunnarium
AdvancedSolarPanel:asp_crafting_items:4, Enriched Sunnarium Alloy
AdvancedSolarPanel:asp_crafting_items:5, Irradiant Glass Pane
AdvancedSolarPanel:asp_crafting_items:6, Iridium-Iron Plate
AdvancedSolarPanel:asp_crafting_items:7, Reinforced Iridium-Iron Plate
AdvancedSolarPanel:asp_crafting_items:8, Irradiant Reinforced Plate
AdvancedSolarPanel:asp_crafting_items:9, Sunnarium Piece
AdvancedSolarPanel:asp_crafting_items:10, Iridium Ingot
AdvancedSolarPanel:asp_crafting_items:11, Uranium Ingot
AdvancedSolarPanel:asp_crafting_items:12, MT Core
AdvancedSolarPanel:asp_crafting_items:13, Quantum Core
ae2stuff:WirelessKit, Wireless Setup Kit
ae2stuff:Visualiser, Network Visualisation Tool
aether:moaEgg:0, Blue Moa Egg
aether:moaEgg:0, White Moa Egg
aether:moaEgg:0, Black Moa Egg
aether:goldenAmber, Golden Amber
aether:aechorPetal, Aechor Petal
aether:skyrootStick, Skyroot Stick
aether:dart:0, Golden Dart
aether:dart:1, Poison Dart
aether:dart:2, Enchanted Dart
aether:dartShooter:0, Golden Dart Shooter
aether:dartShooter:1, Poison Dart Shooter
aether:dartShooter:2, Enchanted Dart Shooter
aether:dartShooter:3, Phoenix Dart Shooter
aether:ambrosiumShard, Ambrosium Shard
aether:zaniteGemstone, Zanite Gemstone
aether:skyrootBucket:0, Skyroot Bucket
aether:skyrootPickaxe, Skyroot Pickaxe
aether:holystonePickaxe, Holystone Pickaxe
aether:zanitePickaxe, Zanite Pickaxe
aether:gravititePickaxe, Gravitite Pickaxe
aether:skyrootShovel, Skyroot Shovel
aether:holystoneShovel, Holystone Shovel
aether:zaniteShovel, Zanite Shovel
aether:gravititeShovel, Gravitite Shovel
aether:skyrootAxe, Skyroot Axe
aether:holystoneAxe, Holystone Axe
aether:zaniteAxe, Zanite Axe
aether:gravititeAxe, Gravitite Axe
aether:skyrootSword, Skyroot Sword
aether:holystoneSword, Holystone Sword
aether:zaniteSword, Zanite Sword
aether:gravititeSword, Gravitite Sword
aether:ironBubble, Iron Bubble
aether:pigSlayer, Pig Slayer
aether:vampireBlade, Vampire Blade
aether:flamingSword, Flaming Sword
aether:holySword, Holy Sword
aether:lightningSword, Lightning Sword
aether:lightningKnife, Lightning Knife
aether:gummySwet:0, Blue Gummy Swet
aether:gummySwet:1, Golden Gummy Swet
aether:gummySwet:2, Dark Gummy Swet
aether:hammerOfNotch, Hammer of Notch
aether:cloudParachute, item.cloudParachute.name
aether:shardOfLife, Shard of Life
aether:orbOfArkenzus:0, Orb of Arkenzus
aether:valkyrieLance, Valkyrie Lance
aether:ironRing, Iron Ring
aether:goldenRing, Golden Ring
aether:zaniteRing, Zanite Ring
aether:ironPendant, Iron Pendant
aether:goldenPendant, Golden Pendant
aether:zanitePendant, Zanite Pendant
aether:pinkBabySwet:0, Baby Pink Swet
aether:leatherGloves, Leather Gloves
aether:ironGloves, Iron Gloves
aether:goldenGolves, Golden Gloves
aether:diamondGloves, Diamond Gloves
aether:zaniteGloves, Zanite Gloves
aether:zaniteHelmet, Zanite Helmet
aether:zaniteChestplate, Zanite Chestplate
aether:zaniteLeggings, Zanite Leggings
aether:zaniteBoots, Zanite Boots
aether:gravititeGloves, Gravitite Gloves
aether:gravititeHelmet, Gravitite Helmet
aether:gravititeChestplate, Gravitite Chestplate
aether:gravititeLeggings, Gravitite Leggings
aether:gravititeBoots, Gravitite Boots
aether:phoenixGloves, Phoenix Gloves
aether:phoenixHelmet, Phoenix Helmet
aether:phoenixChestplate, Phoenix Chestplate
aether:phoenixLeggings, Phoenix Leggings
aether:phoenixBoots, Phoenix Boots
aether:obsidianGloves, Obsidian Gloves
aether:obsidianChestplate, Obsidian Chestplate
aether:obsidianHelmet, Obsidian Helmet
aether:obsidianLeggings, Obsidian Leggings
aether:obsidianBoots, Obsidian Boots
aether:neptuneGloves, Neptune Gloves
aether:neptuneHelmet, Neptune Helmet
aether:neptuneChestplate, Neptune Chestplate
aether:neptuneLeggings, Neptune Leggings
aether:neptuneBoots, Neptune Boots
aether:regenerationStone, Regeneration Stone
aether:etherealStone:0, Ethereal Stone
aether:fleetingStone:0, Fleeting Stone
aether:fangrinCapsule:0, Fangrin Capsule
aether:deathSeal:0, Death Seal
aether:kraisithCapsule:0, Kraisith Capsule
aether:valkyriePickaxe, Valkyrie Pickaxe
aether:valkyrieAxe, Valkyrie Axe
aether:valkyrieShovel, Valkyrie Shovel
aether:healingStone:0, Healing Stone
aether:iceRing, Ice Ring
aether:icePendant, Ice Pendant
aether:blueBerry, Blue Berry
aether:gingerBreadMan, Gingerbread Man
aether:candyCane, Candy Cane
aether:candyCaneSword, Candy Cane Sword
aether:whiteApple, White Apple
aether:swetJelly:0, Blue Swet Jelly
aether:swetJelly:1, Golden Swet Jelly
aether:swetJelly:2, Dark Swet Jelly
aether:sentryBoots, Sentry Boots
aether:valkyrieMusicDisc, Valkyrie Music Disc
aether:valkyrieHelmet, Valkyrie Helmet
aether:valkyrieChestplate, Valkyrie Chestplate
aether:valkyrieLeggings, Valkyrie Leggings
aether:valkyrieBoots, Valkyrie Boots
aether:valkyrieGloves, Valkyrie Gloves
aether:soaringStone:0, Soaring Stone
aether:mouseEarCap, Mouse Ear Cap
aether:enchantedBerry, Enchanted Berry
aether:rainbowStrawberry, Rainbow Strawberry
aether:continuumOrb, Continuum Orb
aether:orange, Orange
aether:labyrinthMusicDisc, Labyrinth Music Disc
aether:moaMusicDisc, Moa Music Disc
aether:aerwhaleMusicDisc, Aerwhale Music Disc
aether:rystalBottle, Crystal EXP Bottle
aether:piggieBank, Piggie Bank
aether:wyndberry, Wyndberry
aether:skyrootWaterBucket:0, Skyroot Water Bucket
aether:skyrootPoisonBucket:0, Skyroot Poison Bucket
aether:skyrootMilkBucket:0, Skyroot Milk Bucket
aether:skyrootDoorItem, Skyroot Door
aether:skyrootSignItem, Skyroot Sign
aether:skyrootBedItem, Skyroot Bed
aether:candyCorn, Candy Corn
aether:stomperPop, Stomper Pop
aether:blueberryLollipop, Blueberry Lollipop
aether:orangeLollipop, Orange Lollipop
aether:jellyPumpkin, Jelly Pumpkin
aether:icestonePoprocks, Icestone Poprocks
aether:cocoatrice, Cocoatrice
aether:wrappedChocolates, Wrapped Chocolates
aether:recording892, Recording #892
aether:shoyrootBowl, Skyroot Bowl
aether:cornstarchBowl, Cornstarch Bowl
aether:chainGloves, Chain Gloves
aether:goldenFeather, item.goldenFeather.name
aether:bronzeKey, item.bronzeKey.name
aether:guardianKey, item.guardianKey.name
aether:frostpineTotem:0, Frostpine Totem
aether:continuumBomb, Continuum Bomb
aether:daggerfrostLocket, Daggerfrost Locket
aether:wrappingPaper, Wrapping Paper
aether:luckyBell, Lucky Bell
aether:silentFlightDisc, Frosty Music Disc
aether:frostboundStone:0, Frostbound Stone
aether:candyRing, Candy Ring
aether:boneRing, Bone Ring
aether:skyrootRing, Skyroot Ring
Aroma1997sDimension:portalIgniter, Mining Multitool
Aroma1997sDimension:dimensionChanger, DimensionChanger
Botania:lexicon, item.lexicon.name
Botania:petal:0, Mystical White Petal
Botania:petal:1, Mystical Orange Petal
Botania:petal:2, Mystical Magenta Petal
Botania:petal:3, Mystical Light Blue Petal
Botania:petal:4, Mystical Yellow Petal
Botania:petal:5, Mystical Lime Petal
Botania:petal:6, Mystical Pink Petal
Botania:petal:7, Mystical Gray Petal
Botania:petal:8, Mystical Light Gray Petal
Botania:petal:9, Mystical Cyan Petal
Botania:petal:10, Mystical Purple Petal
Botania:petal:11, Mystical Blue Petal
Botania:petal:12, Mystical Brown Petal
Botania:petal:13, Mystical Green Petal
Botania:petal:14, Mystical Red Petal
Botania:petal:15, Mystical Black Petal
Botania:dye:0, Floral White Powder
Botania:dye:1, Floral Orange Powder
Botania:dye:2, Floral Magenta Powder
Botania:dye:3, Floral Light Blue Powder
Botania:dye:4, Floral Yellow Powder
Botania:dye:5, Floral Lime Powder
Botania:dye:6, Floral Pink Powder
Botania:dye:7, Floral Gray Powder
Botania:dye:8, Floral Light Gray Powder
Botania:dye:9, Floral Cyan Powder
Botania:dye:10, Floral Purple Powder
Botania:dye:11, Floral Blue Powder
Botania:dye:12, Floral Brown Powder
Botania:dye:13, Floral Green Powder
Botania:dye:14, Floral Red Powder
Botania:dye:15, Floral Black Powder
Botania:pestleAndMortar, item.pestleAndMortar.name
Botania:twigWand:0, Wand of the Forest
Botania:twigWand:0, Wand of the Forest
Botania:twigWand:0, Wand of the Forest
Botania:twigWand:0, Wand of the Forest
Botania:twigWand:0, Wand of the Forest
Botania:twigWand:0, Wand of the Forest
Botania:twigWand:0, Wand of the Forest
Botania:twigWand:0, Wand of the Forest
Botania:twigWand:0, Wand of the Forest
Botania:twigWand:0, Wand of the Forest
Botania:twigWand:0, Wand of the Forest
Botania:twigWand:0, Wand of the Forest
Botania:twigWand:0, Wand of the Forest
Botania:twigWand:0, Wand of the Forest
Botania:twigWand:0, Wand of the Forest
Botania:twigWand:0, Wand of the Forest
Botania:manaResource:0, Manasteel Ingot
Botania:manaResource:1, Mana Pearl
Botania:manaResource:2, Mana Diamond
Botania:manaResource:3, Livingwood Twig
Botania:manaResource:4, Terrasteel Ingot
Botania:manaResource:5, Gaia Spirit
Botania:manaResource:6, Redstone Root
Botania:manaResource:7, Elementium Ingot
Botania:manaResource:8, Pixie Dust
Botania:manaResource:9, Dragonstone
Botania:manaResource:10, Prismarine Shard
Botania:manaResource:11, Crafting Placeholder
Botania:manaResource:12, Red String
Botania:manaResource:13, Dreamwood Twig
Botania:manaResource:14, Gaia Spirit Ingot
Botania:manaResource:15, Ender Air Bottle
Botania:manaResource:16, Mana Infused String
Botania:manaResource:17, Manasteel Nugget
Botania:manaResource:18, Terrasteel Nugget
Botania:manaResource:19, Elementium Nugget
Botania:manaResource:22, Manaweave Cloth
Botania:manaResource:23, Mana Powder
Botania:lens:0, Mana Lens
Botania:lens:1, Mana Lens: Velocity
Botania:lens:2, Mana Lens: Potency
Botania:lens:3, Mana Lens: Resistance
Botania:lens:4, Mana Lens: Efficiency
Botania:lens:5, Mana Lens: Bounce
Botania:lens:6, Mana Lens: Gravity
Botania:lens:7, Mana Lens: Bore
Botania:lens:8, Mana Lens: Damaging
Botania:lens:9, Mana Lens: Phantom
Botania:lens:10, Mana Lens: Magnetizing
Botania:lens:11, Mana Lens: Entropic
Botania:lens:12, Mana Lens: Influence
Botania:lens:13, Mana Lens: Weight
Botania:lens:14, Mana Lens: Paintslinger
Botania:lens:15, Mana Lens: Kindle
Botania:lens:16, Mana Lens: Force
Botania:lens:17, Mana Lens: Flash
Botania:lens:18, Mana Lens: Warp
Botania:lens:19, Mana Lens: Redirective
Botania:lens:20, Mana Lens: Celebratory
Botania:lens:21, Mana Lens: Flare
Botania:rune:0, Rune of Water
Botania:rune:1, Rune of Fire
Botania:rune:2, Rune of Earth
Botania:rune:3, Rune of Air
Botania:rune:4, Rune of Spring
Botania:rune:5, Rune of Summer
Botania:rune:6, Rune of Autumn
Botania:rune:7, Rune of Winter
Botania:rune:8, Rune of Mana
Botania:rune:9, Rune of Lust
Botania:rune:10, Rune of Gluttony
Botania:rune:11, Rune of Greed
Botania:rune:12, Rune of Sloth
Botania:rune:13, Rune of Wrath
Botania:rune:14, Rune of Envy
Botania:rune:15, Rune of Pride
Botania:signalFlare, item.signalFlare.name
Botania:manaTablet, item.manaTablet.name
Botania:manaGun, item.manaGun.name
Botania:manaCookie, item.manaCookie.name
Botania:fertilizer, item.fertilizer.name
Botania:grassSeeds:0, Pasture Seeds
Botania:grassSeeds:1, Boreal Seeds
Botania:grassSeeds:2, Infestation Spores
Botania:grassSeeds:3, Dry Pasture Seeds
Botania:grassSeeds:4, Golden Pasture Seeds
Botania:grassSeeds:5, Vivid Pasture Seeds
Botania:grassSeeds:6, Scorched Pasture Seeds
Botania:grassSeeds:7, Infused Pasture Seeds
Botania:grassSeeds:8, Mutated Pasture Seeds
Botania:dirtRod, item.dirtRod.name
Botania:terraformRod, item.terraformRod.name
Botania:grassHorn:0, Horn of the Wild
Botania:grassHorn:1, Horn of the Canopy
Botania:grassHorn:2, Horn of the Covering
Botania:manaMirror, item.manaMirror.name
Botania:manasteelHelm, item.manasteelHelm.name
Botania:manasteelHelmReveal, item.manasteelHelmReveal.name
Botania:manasteelChest, item.manasteelChest.name
Botania:manasteelLegs, item.manasteelLegs.name
Botania:manasteelBoots, item.manasteelBoots.name
Botania:manasteelPick, item.manasteelPick.name
Botania:manasteelShovel, item.manasteelShovel.name
Botania:manasteelAxe, item.manasteelAxe.name
Botania:manasteelSword, item.manasteelSword.name
Botania:manasteelShears, item.manasteelShears.name
Botania:terrasteelHelm, item.terrasteelHelm.name
Botania:terrasteelHelmReveal, item.terrasteelHelmReveal.name
Botania:terrasteelChest, item.terrasteelChest.name
Botania:terrasteelLegs, item.terrasteelLegs.name
Botania:terrasteelBoots, item.terrasteelBoots.name
Botania:terraSword, item.terraSword.name
Botania:tinyPlanet, item.tinyPlanet.name
Botania:manaRing, item.manaRing.name
Botania:auraRing, item.auraRing.name
Botania:manaRingGreater, item.manaRingGreater.name
Botania:auraRingGreater, item.auraRingGreater.name
Botania:travelBelt, item.travelBelt.name
Botania:knockbackBelt, item.knockbackBelt.name
Botania:icePendant, Ice Pendant
Botania:lavaPendant, item.lavaPendant.name
Botania:goldenLaurel, item.goldenLaurel.name
Botania:magnetRing, item.magnetRing.name
Botania:waterRing, item.waterRing.name
Botania:miningRing, item.miningRing.name
Botania:terraPick, item.terraPick.name
Botania:divaCharm, item.divaCharm.name
Botania:flightTiara:0, Flügel Tiara
Botania:flightTiara:1, Flügel Tiara
Botania:flightTiara:2, Flügel Tiara
Botania:flightTiara:3, Flügel Tiara
Botania:flightTiara:4, Flügel Tiara
Botania:flightTiara:5, Flügel Tiara
Botania:flightTiara:6, Flügel Tiara
Botania:flightTiara:7, Flügel Tiara
Botania:flightTiara:8, Flügel Tiara
Botania:enderDagger, item.enderDagger.name
Botania:quartz:0, Smokey Quartz
Botania:quartz:1, Mana Quartz
Botania:quartz:2, Blaze Quartz
Botania:quartz:3, Lavender Quartz
Botania:quartz:4, Redquartz
Botania:quartz:5, Elven Quartz
Botania:quartz:6, Sunny Quartz
Botania:waterRod, item.waterRod.name
Botania:elementiumHelm, item.elementiumHelm.name
Botania:elementiumHelmReveal, item.elementiumHelmReveal.name
Botania:elementiumChest, item.elementiumChest.name
Botania:elementiumLegs, item.elementiumLegs.name
Botania:elementiumBoots, item.elementiumBoots.name
Botania:elementiumPick, item.elementiumPick.name
Botania:elementiumShovel, item.elementiumShovel.name
Botania:elementiumAxe, item.elementiumAxe.name
Botania:elementiumSword, item.elementiumSword.name
Botania:elementiumShears, item.elementiumShears.name
Botania:openBucket, item.openBucket.name
Botania:spawnerMover, item.spawnerMover.name
Botania:pixieRing, item.pixieRing.name
Botania:superTravelBelt, item.superTravelBelt.name
Botania:rainbowRod, item.rainbowRod.name
Botania:tornadoRod, item.tornadoRod.name
Botania:fireRod, item.fireRod.name
Botania:vineBall, item.vineBall.name
Botania:slingshot, item.slingshot.name
Botania:manaBottle, item.manaBottle.name
Botania:laputaShard:0, Shard of Laputa
Botania:laputaShard:4, Shard of Laputa
Botania:laputaShard:9, Shard of Laputa
Botania:laputaShard:14, Shard of Laputa
Botania:laputaShard:19, Shard of Laputa
Botania:virus:0, Necrodermal Virus
Botania:virus:1, Nullodermal Virus
Botania:reachRing, item.reachRing.name
Botania:skyDirtRod, item.skyDirtRod.name
Botania:itemFinder, item.itemFinder.name
Botania:superLavaPendant, item.superLavaPendant.name
Botania:enderHand, item.enderHand.name
Botania:glassPick, item.glassPick.name
Botania:spark, item.spark.name
Botania:sparkUpgrade:0, Spark Augment: Dispersive
Botania:sparkUpgrade:1, Spark Augment: Dominant
Botania:sparkUpgrade:2, Spark Augment: Recessive
Botania:sparkUpgrade:3, Spark Augment: Isolated
Botania:diviningRod, item.diviningRod.name
Botania:gravityRod, item.gravityRod.name
Botania:regenIvy, item.regenIvy.name
Botania:manaInkwell, item.manaInkwell.name
Botania:vial:0, Managlass Vial
Botania:vial:1, Alfglass Flask
Botania:brewVial, item.brewVial.name
Botania:brewFlask, item.brewFlask.name
Botania:bloodPendant, item.bloodPendant.name
Botania:missileRod, item.missileRod.name
Botania:holyCloak, item.holyCloak.name
Botania:unholyCloak, item.unholyCloak.name
Botania:craftingHalo, item.craftingHalo.name
Botania:blackLotus:0, Black Lotus
Botania:blackLotus:1, Blacker Lotus
Botania:monocle, item.monocle.name
Botania:clip, item.clip.name
Botania:cobbleRod, item.cobbleRod.name
Botania:smeltRod, item.smeltRod.name
Botania:worldSeed, item.worldSeed.name
Botania:spellCloth, Spellbinding Cloth
Botania:thornChakram:0, Thorn Chakram
Botania:thornChakram:1, Flare Chakram
Botania:overgrowthSeed, item.overgrowthSeed.name
Botania:craftPattern:0, Crafting Pattern #1: 1x1
Botania:craftPattern:1, Crafting Pattern #2: 2x2
Botania:craftPattern:2, Crafting Pattern #3: 1x2
Botania:craftPattern:3, Crafting Pattern #4: 2x1
Botania:craftPattern:4, Crafting Pattern #5: 1x3
Botania:craftPattern:5, Crafting Pattern #6: 3x1
Botania:craftPattern:6, Crafting Pattern #7: 2x3
Botania:craftPattern:7, Crafting Pattern #8: 3x2
Botania:craftPattern:8, Crafting Pattern #9: Donut
Botania:ancientWill:0, Will of Ahrim
Botania:ancientWill:1, Will of Dharok
Botania:ancientWill:2, Will of Guthan
Botania:ancientWill:3, Will of Torag
Botania:ancientWill:4, Will of Verac
Botania:ancientWill:5, Will of Karil
Botania:corporeaSpark:0, Corporea Spark
Botania:corporeaSpark:1, Master Corporea Spark
Botania:livingwoodBow, item.livingwoodBow.name
Botania:crystalBow, item.crystalBow.name
Botania:cosmetic:0, Black Bowtie
Botania:cosmetic:1, Black Tie
Botania:cosmetic:2, Red Glasses
Botania:cosmetic:3, Puffy Scarf
Botania:cosmetic:4, Engineer Goggles
Botania:cosmetic:5, Eyepatch
Botania:cosmetic:6, Wicked Eyepatch
Botania:cosmetic:7, Red Ribbons
Botania:cosmetic:8, Pink Flower Bud
Botania:cosmetic:9, Polka-Dotted Bows
Botania:cosmetic:10, Blue Butterfly
Botania:cosmetic:11, Cat Ears
Botania:cosmetic:12, Witch Pin
Botania:cosmetic:13, Devil Tail
Botania:cosmetic:14, Kamui Eye
Botania:cosmetic:15, Googly Eyes
Botania:cosmetic:16, Four-Leafed Clover
Botania:cosmetic:17, Clock Eye
Botania:cosmetic:18, Unicorn Horn
Botania:cosmetic:19, Devil Horns
Botania:cosmetic:20, Hyper Plus
Botania:cosmetic:21, Botanist Emblem
Botania:cosmetic:22, Ancient Mask
Botania:cosmetic:23, Eerie Mask
Botania:cosmetic:24, Alien Antenna
Botania:cosmetic:25, Anaglyph Glasses
Botania:cosmetic:26, Orange Shades
Botania:cosmetic:27, Groucho Glasses
Botania:cosmetic:28, Thick Eyebrows
Botania:cosmetic:29, Lusitanic Shield
Botania:cosmetic:30, Tiny Potato Mask
Botania:cosmetic:31, Questgiver Mark
Botania:swapRing, item.swapRing.name
Botania:flowerBag, item.flowerBag.name
Botania:phantomInk, item.phantomInk.name
Botania:poolMinecart, item.poolMinecart.name
Botania:pinkinator, item.pinkinator.name
Botania:infiniteFruit, item.infiniteFruit.name
Botania:kingKey, item.kingKey.name
Botania:flugelEye, item.flugelEye.name
Botania:thorRing, item.thorRing.name
Botania:odinRing, item.odinRing.name
Botania:lokiRing, item.lokiRing.name
Botania:aesirRing, item.aesirRing.name
Botania:dice, item.dice.name
Botania:keepIvy, item.keepIvy.name
Botania:blackHoleTalisman:0, Black Hole Talisman
Botania:recordGaia1, item.recordGaia1.name
Botania:recordGaia2, item.recordGaia2.name
Botania:temperanceStone:0, Stone of Temperance
Botania:incenseStick, item.incenseStick.name
Botania:terraAxe, item.terraAxe.name
Botania:waterBowl, item.waterBowl.name
Botania:obedienceStick, item.obedienceStick.name
Botania:cacophonium, item.cacophonium.name
Botania:slimeBottle:0, Slime in a Bottle
Botania:starSword, item.starSword.name
Botania:exchangeRod, item.exchangeRod.name
Botania:magnetRingGreater, item.magnetRingGreater.name
Botania:thunderSword, item.thunderSword.name
Botania:manaweaveHelm, item.manaweaveHelm.name
Botania:manaweaveLegs, item.manaweaveLegs.name
Botania:manaweaveChest, item.manaweaveChest.name
Botania:manaweaveBoots, item.manaweaveBoots.name
Botania:autocraftingHalo, item.autocraftingHalo.name
Botania:gaiaHead, item.gaiaHead.name
Botania:sextant, item.sextant.name
Botania:speedUpBelt, item.speedUpBelt.name
Botania:baubleBox, item.baubleBox.name
Avaritia:Resource:0, Diamond Lattice
Avaritia:Resource:1, Crystal Matrix Ingot
Avaritia:Resource:2, Pile of Neutrons
Avaritia:Resource:3, Neutronium Nugget
Avaritia:Resource:4, Neutronium Ingot
Avaritia:Resource:5, Infinity Catalyst
Avaritia:Resource:6, Infinity Ingot
Avaritia:Resource:7, Record Fragment
Avaritia:Resource:8, Star Fuel
Avaritia:Resource:9, Neutronium Gear
Avaritia:Singularity:0, Iron Singularity
Avaritia:Singularity:1, Golden Singularity
Avaritia:Singularity:2, Lapis Singularity
Avaritia:Singularity:3, Redstone Singularity
Avaritia:Singularity:4, Nether Quartz Singularity
Avaritia:Singularity:5, Copper Singularity
Avaritia:Singularity:6, Tin Singularity
Avaritia:Singularity:7, Leaden Singularity
Avaritia:Singularity:8, Silver Singularity
Avaritia:Singularity:9, Nickel Singularity
Avaritia:Singularity:10, Clay Singularity
Avaritia:Infinity_Pickaxe, World Breaker
Avaritia:Infinity_Sword, Sword of the Cosmos
Avaritia:Skull_Sword, Skullfire Sword
Avaritia:Ultimate_Stew, Ultimate Stew
Avaritia:Cosmic_Meatballs, Cosmic Meatballs
Avaritia:Endest_Pearl, Endest Pearl
Avaritia:Infinity_Helm, Infinity Helmet
Avaritia:Infinity_Chest, Infinity Breastplate
Avaritia:Infinity_Pants, Infinity Pants
Avaritia:Infinity_Shoes, Infinity Boots
Avaritia:Matter_Cluster, Matter Cluster
Avaritia:Infinity_Bow, Longbow of the Heavens
Avaritia:Infinity_Shovel, Planet Eater
Avaritia:Infinity_Axe, Nature's Ruin
BiblioCraft:item.StockroomCatalog, Stockroom Catalog
BiblioCraft:item.PlumbLine, Plumb line
BiblioCraft:item.FramingSaw, Framing Saw
BiblioCraft:item.FramingBoard, Framing Board
BiblioCraft:item.FramingSheet, Framing Sheet
BiblioCraft:item.TesterItem, ItemStack Name Tester
BiblioCraft:item.AtlasBook:0, Atlas
BiblioCraft:item.AtlasPlate, Atlas Plate
BiblioCraft:item.DeathCompass, Eternal Compass
BiblioCraft:item.PaintingCanvas, Painting Canvas
BiblioCraft:item.BigBook, Big Writing Book
BiblioCraft:item.RecipeBook, Empty Recipe Book
BiblioCraft:item.SlottedBook, Slotted Book
BiblioCraft:item.HandDrill, Hand Drill
BiblioCraft:item.tapeMeasure, Tape Measure
BiblioCraft:item.tape, Tape Measure Reel
BiblioCraft:item.BiblioChase, Print Press Chase
BiblioCraft:item.PrintPlate, Print Press Plate
BiblioCraft:item.EnchantedPlate, Enchanted Plate
BiblioCraft:item.BiblioRedBook, Redstone: Volume I
BiblioCraft:item.BiblioGlasses:0, Reading Glasses
BiblioCraft:item.BiblioGlasses:1, Tinted Glasses
BiblioCraft:item.BiblioGlasses:2, Monocle
BiblioCraft:item.BiblioDrill, Screw Gun
BiblioCraft:item.BiblioCreativeLock, Lock and Key
BiblioCraft:item.BiblioClipboard, Clipboard
BiblioCraft:item.seatBack:0, Oak Seat Back
BiblioCraft:item.seatBack:1, Spruce Seat Back
BiblioCraft:item.seatBack:2, Birch Seat Back
BiblioCraft:item.seatBack:3, Jungle Seat Back
BiblioCraft:item.seatBack:4, Acacia Seat Back
BiblioCraft:item.seatBack:5, Dark Oak Seat Back
BiblioCraft:item.seatBack:6, Framed Seat Back
BiblioCraft:item.seatBack2:0, Oak Seat Back
BiblioCraft:item.seatBack2:1, Spruce Seat Back
BiblioCraft:item.seatBack2:2, Birch Seat Back
BiblioCraft:item.seatBack2:3, Jungle Seat Back
BiblioCraft:item.seatBack2:4, Acacia Seat Back
BiblioCraft:item.seatBack2:5, Dark Oak Seat Back
BiblioCraft:item.seatBack2:6, Framed Seat Back
BiblioCraft:item.seatBack3:0, Oak Seat Back
BiblioCraft:item.seatBack3:1, Spruce Seat Back
BiblioCraft:item.seatBack3:2, Birch Seat Back
BiblioCraft:item.seatBack3:3, Jungle Seat Back
BiblioCraft:item.seatBack3:4, Acacia Seat Back
BiblioCraft:item.seatBack3:5, Dark Oak Seat Back
BiblioCraft:item.seatBack3:6, Framed Seat Back
BiblioCraft:item.seatBack4:0, Oak Seat Back
BiblioCraft:item.seatBack4:1, Spruce Seat Back
BiblioCraft:item.seatBack4:2, Birch Seat Back
BiblioCraft:item.seatBack4:3, Jungle Seat Back
BiblioCraft:item.seatBack4:4, Acacia Seat Back
BiblioCraft:item.seatBack4:5, Dark Oak Seat Back
BiblioCraft:item.seatBack4:6, Framed Seat Back
BiblioCraft:item.seatBack5:0, Oak Seat Back
BiblioCraft:item.seatBack5:1, Spruce Seat Back
BiblioCraft:item.seatBack5:2, Birch Seat Back
BiblioCraft:item.seatBack5:3, Jungle Seat Back
BiblioCraft:item.seatBack5:4, Acacia Seat Back
BiblioCraft:item.seatBack5:5, Dark Oak Seat Back
BiblioCraft:item.seatBack5:6, Framed Seat Back
BiblioCraft:item.BiblioMapTool, Drafting Compass
BiblioCraft:item.BiblioWayPointCompass, Waypoint Compass
ExtrabiomesXL:extrabiomes.logturner, Log Turner
ExtrabiomesXL:extrabiomes.dye:0, Black Dye
ExtrabiomesXL:extrabiomes.dye:1, Blue Dye
ExtrabiomesXL:extrabiomes.dye:2, Brown Dye
ExtrabiomesXL:extrabiomes.dye:3, White Dye
ExtrabiomesXL:extrabiomes.food:0, Chocolate
ExtrabiomesXL:extrabiomes.food:1, Chocolate Covered Strawberry
ExtrabiomesXL:extrabiomes.crop:0, Strawberry
ExtrabiomesXL:extrabiomes.seed:0, Strawberry Seeds
ExtrabiomesXL:extrabiomes.scarecrow, Scarecrow
ExtrabiomesXL:extrabiomes.paste, Cactus Paste
BiblioWoodsEBXL:seatBack1:0, Acacia Seat Back
BiblioWoodsEBXL:seatBack1:1, Autumn Seat Back
BiblioWoodsEBXL:seatBack1:2, Bald Cypress Seat Back
BiblioWoodsEBXL:seatBack1:3, Cypress Seat Back
BiblioWoodsEBXL:seatBack1:4, Fir Seat Back
BiblioWoodsEBXL:seatBack1:5, Japanese Maple Seat Back
BiblioWoodsEBXL:seatBack1:6, Rainbow Eucalyptus Seat Back
BiblioWoodsEBXL:seatBack1:7, Redwood Seat Back
BiblioWoodsEBXL:seatBack1:8, Sakura Seat Back
BiblioWoodsEBXL:seatBack2:0, Acacia Seat Back
BiblioWoodsEBXL:seatBack2:1, Autumn Seat Back
BiblioWoodsEBXL:seatBack2:2, Bald Cypress Seat Back
BiblioWoodsEBXL:seatBack2:3, Cypress Seat Back
BiblioWoodsEBXL:seatBack2:4, Fir Seat Back
BiblioWoodsEBXL:seatBack2:5, Japanese Maple Seat Back
BiblioWoodsEBXL:seatBack2:6, Rainbow Eucalyptus Seat Back
BiblioWoodsEBXL:seatBack2:7, Redwood Seat Back
BiblioWoodsEBXL:seatBack2:8, Sakura Seat Back
BiblioWoodsEBXL:seatBack3:0, Acacia Seat Back
BiblioWoodsEBXL:seatBack3:1, Autumn Seat Back
BiblioWoodsEBXL:seatBack3:2, Bald Cypress Seat Back
BiblioWoodsEBXL:seatBack3:3, Cypress Seat Back
BiblioWoodsEBXL:seatBack3:4, Fir Seat Back
BiblioWoodsEBXL:seatBack3:5, Japanese Maple Seat Back
BiblioWoodsEBXL:seatBack3:6, Rainbow Eucalyptus Seat Back
BiblioWoodsEBXL:seatBack3:7, Redwood Seat Back
BiblioWoodsEBXL:seatBack3:8, Sakura Seat Back
BiblioWoodsEBXL:seatBack4:0, Acacia Seat Back
BiblioWoodsEBXL:seatBack4:1, Autumn Seat Back
BiblioWoodsEBXL:seatBack4:2, Bald Cypress Seat Back
BiblioWoodsEBXL:seatBack4:3, Cypress Seat Back
BiblioWoodsEBXL:seatBack4:4, Fir Seat Back
BiblioWoodsEBXL:seatBack4:5, Japanese Maple Seat Back
BiblioWoodsEBXL:seatBack4:6, Rainbow Eucalyptus Seat Back
BiblioWoodsEBXL:seatBack4:7, Redwood Seat Back
BiblioWoodsEBXL:seatBack4:8, Sakura Seat Back
BiblioWoodsEBXL:seatBack5:0, Acacia Seat Back
BiblioWoodsEBXL:seatBack5:1, Autumn Seat Back
BiblioWoodsEBXL:seatBack5:2, Bald Cypress Seat Back
BiblioWoodsEBXL:seatBack5:3, Cypress Seat Back
BiblioWoodsEBXL:seatBack5:4, Fir Seat Back
BiblioWoodsEBXL:seatBack5:5, Japanese Maple Seat Back
BiblioWoodsEBXL:seatBack5:6, Rainbow Eucalyptus Seat Back
BiblioWoodsEBXL:seatBack5:7, Redwood Seat Back
BiblioWoodsEBXL:seatBack5:8, Sakura Seat Back
Mantle:mantleBook:0, Mantle:item.mantle.manual.beginner.name
Mantle:mantleBook:1, Mantle:item.mantle.manual.toolstation.name
Mantle:mantleBook:2, Mantle:item.mantle.manual.smeltery.name
Mantle:mantleBook:3, Mantle:item.mantle.manual.diary.name
Natura:natura.spawnegg:0, Spawn Imp
Natura:natura.spawnegg:1, Spawn Heatscar Spider
Natura:natura.spawnegg:2, Spawn Nitro Creeper
Natura:natura.spawnegg:3, Spawn Baby Heatscar Spider
Natura:barleyFood:0, Barley
Natura:barleyFood:1, Barley Flour
Natura:barleyFood:2, Wheat Flour
Natura:barleyFood:3, Cotton
Natura:barleyFood:4, Sulfur
Natura:barleyFood:5, Ghostwood Fletching
Natura:barleyFood:6, Imp Leather
Natura:barleyFood:7, Flamestring
Natura:barleyFood:8, Blue Dye
Natura:barley.seed:0, Barley Seeds
Natura:barley.seed:1, Cotton Seeds
Natura:waterdrop, Cactus Juice
Natura:wheatBag, Wheat Seed Bag
Natura:barleyBag, Barley Seed Bag
Natura:potatoBag, Potato Bag
Natura:carrotBag, Carrot Bag
Natura:wartBag, Nether Wart Bag
Natura:cottonBag, Cotton Seed Bag
Natura:boneBag, Bonemeal Bag
Natura:berry.nether:0, Blightberry
Natura:berry.nether:1, Duskberry
Natura:berry.nether:2, Skyberry
Natura:berry.nether:3, Stingberry
Natura:berry:0, Raspberry
Natura:berry:1, Blueberry
Natura:berry:2, Blackberry
Natura:berry:3, Maloberry
Natura:berryMedley:0, Berry Medley
Natura:saguaro.fruit, Saguaro Fruit
Natura:redwoodDoorItem:0, Redwood Door
Natura:redwoodDoorItem:1, Eucalyptus Door
Natura:redwoodDoorItem:2, Hopseed Door
Natura:redwoodDoorItem:3, Sakura Door
Natura:redwoodDoorItem:4, Ghostwood Door
Natura:redwoodDoorItem:5, Bloodwood Door
Natura:redwoodDoorItem:6, Redwood Bark Door
Natura:Natura.netherfood:0, Potash Apple
Natura:natura.stick:0, Stick
Natura:natura.stick:1, Stick
Natura:natura.stick:2, Stick
Natura:natura.stick:3, Stick
Natura:natura.stick:4, Stick
Natura:natura.stick:5, Stick
Natura:natura.stick:6, Stick
Natura:natura.stick:7, Stick
Natura:natura.stick:8, Stick
Natura:natura.stick:9, Stick
Natura:natura.stick:10, Stick
Natura:natura.stick:11, Stick
Natura:natura.stick:12, Stick
Natura:natura.sword.ghostwood, Ghostwood Sword
Natura:natura.pickaxe.ghostwood, Ghostwood Pickaxe
Natura:natura.shovel.ghostwood, Ghostwood Shovel
Natura:natura.axe.ghostwood, Ghostwood Hatchet
Natura:natura.sword.bloodwood, Bloodwood Sword
Natura:natura.pickaxe.bloodwood, Bloodwood Pickaxe
Natura:natura.shovel.bloodwood, Bloodwood Shovel
Natura:natura.axe.bloodwood, Bloodwood Hatchet
Natura:natura.sword.darkwood, Darkwood Sword
Natura:natura.pickaxe.darkwood, Darkwood Pickaxe
Natura:natura.shovel.darkwood, Darkwood Shovel
Natura:natura.axe.darkwood, Darkwood Hatchet
Natura:natura.sword.fusewood, Fusewood Sword
Natura:natura.pickaxe.fusewood, Fusewood Pickaxe
Natura:natura.shovel.fusewood, Fusewood Shovel
Natura:natura.axe.fusewood, Fusewood Hatchet
Natura:natura.sword.netherquartz, Quartz Sword
Natura:natura.pickaxe.netherquartz, Quartz Pickaxe
Natura:natura.shovel.netherquartz, Quartz Shovel
Natura:natura.axe.netherquartz, Quartz Hatchet
Natura:natura.kama.netherquartz, Quartz Kama
Natura:natura.kama.ghostwood, Ghostwood Kama
Natura:natura.kama.bloodwood, Bloodwood Kama
Natura:natura.kama.darkwood, Darkwood Kama
Natura:natura.kama.fusewood, Fusewood Kama
Natura:natura.bow.ghostwood, Ghostwood Bow
Natura:natura.bow.bloodwood, Bloodwood Bow
Natura:natura.bow.darkwood, Darkwood Bow
Natura:natura.bow.fusewood, Fusewood Bow
Natura:natura.armor.imphelmet, Impskin Helmet
Natura:natura.armor.impjerkin, Impskin Jerkin
Natura:natura.armor.impleggings, Impskin Leggings
Natura:natura.armor.impboots, Impskin Boots
Natura:natura.flintandblaze, Flint and Blaze
Natura:impmeat:0, Raw Imphide
Natura:impmeat:1, Cooked Imphide
Natura:natura.emptybowl, item.natura.emptybowl.name
Natura:natura.stewbowl, item.natura.stewbowl.name
BiblioWoodsNatura:seatBack1:0, Bloodwood Seat Back
BiblioWoodsNatura:seatBack1:1, Darkwood Seat Back
BiblioWoodsNatura:seatBack1:2, Eucalyptus Seat Back
BiblioWoodsNatura:seatBack1:3, Fusewood Seat Back
BiblioWoodsNatura:seatBack1:4, Ghostwood Seat Back
BiblioWoodsNatura:seatBack1:5, Hopseed Seat Back
BiblioWoodsNatura:seatBack1:6, Maple Seat Back
BiblioWoodsNatura:seatBack1:7, Purpleheart Seat Back
BiblioWoodsNatura:seatBack1:8, Redwood Seat Back
BiblioWoodsNatura:seatBack1:9, Silverbell Seat Back
BiblioWoodsNatura:seatBack1:10, Sakura Seat Back
BiblioWoodsNatura:seatBack1:11, Tiger Seat Back
BiblioWoodsNatura:seatBack1:12, Willow Seat Back
BiblioWoodsNatura:seatBack2:0, Bloodwood Seat Back
BiblioWoodsNatura:seatBack2:1, Darkwood Seat Back
BiblioWoodsNatura:seatBack2:2, Eucalyptus Seat Back
BiblioWoodsNatura:seatBack2:3, Fusewood Seat Back
BiblioWoodsNatura:seatBack2:4, Ghostwood Seat Back
BiblioWoodsNatura:seatBack2:5, Hopseed Seat Back
BiblioWoodsNatura:seatBack2:6, Maple Seat Back
BiblioWoodsNatura:seatBack2:7, Purpleheart Seat Back
BiblioWoodsNatura:seatBack2:8, Redwood Seat Back
BiblioWoodsNatura:seatBack2:9, Silverbell Seat Back
BiblioWoodsNatura:seatBack2:10, Sakura Seat Back
BiblioWoodsNatura:seatBack2:11, Tiger Seat Back
BiblioWoodsNatura:seatBack2:12, Willow Seat Back
BiblioWoodsNatura:seatBack3:0, Bloodwood Seat Back
BiblioWoodsNatura:seatBack3:1, Darkwood Seat Back
BiblioWoodsNatura:seatBack3:2, Eucalyptus Seat Back
BiblioWoodsNatura:seatBack3:3, Fusewood Seat Back
BiblioWoodsNatura:seatBack3:4, Ghostwood Seat Back
BiblioWoodsNatura:seatBack3:5, Hopseed Seat Back
BiblioWoodsNatura:seatBack3:6, Maple Seat Back
BiblioWoodsNatura:seatBack3:7, Purpleheart Seat Back
BiblioWoodsNatura:seatBack3:8, Redwood Seat Back
BiblioWoodsNatura:seatBack3:9, Silverbell Seat Back
BiblioWoodsNatura:seatBack3:10, Sakura Seat Back
BiblioWoodsNatura:seatBack3:11, Tiger Seat Back
BiblioWoodsNatura:seatBack3:12, Willow Seat Back
BiblioWoodsNatura:seatBack4:0, Bloodwood Seat Back
BiblioWoodsNatura:seatBack4:1, Darkwood Seat Back
BiblioWoodsNatura:seatBack4:2, Eucalyptus Seat Back
BiblioWoodsNatura:seatBack4:3, Fusewood Seat Back
BiblioWoodsNatura:seatBack4:4, Ghostwood Seat Back
BiblioWoodsNatura:seatBack4:5, Hopseed Seat Back
BiblioWoodsNatura:seatBack4:6, Maple Seat Back
BiblioWoodsNatura:seatBack4:7, Purpleheart Seat Back
BiblioWoodsNatura:seatBack4:8, Redwood Seat Back
BiblioWoodsNatura:seatBack4:9, Silverbell Seat Back
BiblioWoodsNatura:seatBack4:10, Sakura Seat Back
BiblioWoodsNatura:seatBack4:11, Tiger Seat Back
BiblioWoodsNatura:seatBack4:12, Willow Seat Back
BiblioWoodsNatura:seatBack5:0, Bloodwood Seat Back
BiblioWoodsNatura:seatBack5:1, Darkwood Seat Back
BiblioWoodsNatura:seatBack5:2, Eucalyptus Seat Back
BiblioWoodsNatura:seatBack5:3, Fusewood Seat Back
BiblioWoodsNatura:seatBack5:4, Ghostwood Seat Back
BiblioWoodsNatura:seatBack5:5, Hopseed Seat Back
BiblioWoodsNatura:seatBack5:6, Maple Seat Back
BiblioWoodsNatura:seatBack5:7, Purpleheart Seat Back
BiblioWoodsNatura:seatBack5:8, Redwood Seat Back
BiblioWoodsNatura:seatBack5:9, Silverbell Seat Back
BiblioWoodsNatura:seatBack5:10, Sakura Seat Back
BiblioWoodsNatura:seatBack5:11, Tiger Seat Back
BiblioWoodsNatura:seatBack5:12, Willow Seat Back
ThermalFoundation:lexicon, item.thermalfoundation.tome.name
ThermalFoundation:bucket:0, Destabilized Redstone Bucket
ThermalFoundation:bucket:1, Energized Glowstone Bucket
ThermalFoundation:bucket:2, Resonant Ender Bucket
ThermalFoundation:bucket:3, Blazing Pyrotheum Bucket
ThermalFoundation:bucket:4, Gelid Cryotheum Bucket
ThermalFoundation:bucket:7, Zephyrean Aerotheum Bucket
ThermalFoundation:bucket:8, Tectonic Petrotheum Bucket
ThermalFoundation:bucket:5, Primal Mana Bucket
ThermalFoundation:bucket:6, Liquifacted Coal Bucket
ThermalFoundation:material:2, Pulverized Coal
ThermalFoundation:material:3, Pulverized Charcoal
ThermalFoundation:material:4, Pulverized Obsidian
ThermalFoundation:material:16, Sulfur
ThermalFoundation:material:17, Niter
ThermalFoundation:material:20, Cinnabar
ThermalFoundation:material:0, Pulverized Iron
ThermalFoundation:material:1, Pulverized Gold
ThermalFoundation:material:32, Pulverized Copper
ThermalFoundation:material:33, Pulverized Tin
ThermalFoundation:material:34, Pulverized Silver
ThermalFoundation:material:35, Pulverized Lead
ThermalFoundation:material:36, Pulverized Ferrous Metal
ThermalFoundation:material:37, Pulverized Shiny Metal
ThermalFoundation:material:38, Pulverized Mana Infused Metal
ThermalFoundation:material:39, Electrum Blend
ThermalFoundation:material:40, Invar Blend
ThermalFoundation:material:41, Bronze Blend
ThermalFoundation:material:42, Signalum Blend
ThermalFoundation:material:43, Lumium Blend
ThermalFoundation:material:44, Enderium Blend
ThermalFoundation:material:64, Copper Ingot
ThermalFoundation:material:65, Tin Ingot
ThermalFoundation:material:66, Silver Ingot
ThermalFoundation:material:67, Lead Ingot
ThermalFoundation:material:68, Ferrous Ingot
ThermalFoundation:material:69, Shiny Ingot
ThermalFoundation:material:70, Mana Infused Ingot
ThermalFoundation:material:71, Electrum Ingot
ThermalFoundation:material:72, Invar Ingot
ThermalFoundation:material:73, Bronze Ingot
ThermalFoundation:material:74, Signalum Ingot
ThermalFoundation:material:75, Lumium Ingot
ThermalFoundation:material:76, Enderium Ingot
ThermalFoundation:material:8, Iron Nugget
ThermalFoundation:material:96, Copper Nugget
ThermalFoundation:material:97, Tin Nugget
ThermalFoundation:material:98, Silver Nugget
ThermalFoundation:material:99, Lead Nugget
ThermalFoundation:material:100, Ferrous Nugget
ThermalFoundation:material:101, Shiny Nugget
ThermalFoundation:material:102, Mana Infused Nugget
ThermalFoundation:material:103, Electrum Nugget
ThermalFoundation:material:104, Invar Nugget
ThermalFoundation:material:105, Bronze Nugget
ThermalFoundation:material:106, Signalum Nugget
ThermalFoundation:material:107, Lumium Nugget
ThermalFoundation:material:108, Enderium Nugget
ThermalFoundation:material:12, Iron Gear
ThermalFoundation:material:13, Gold Gear
ThermalFoundation:material:128, Copper Gear
ThermalFoundation:material:129, Tin Gear
ThermalFoundation:material:130, Silver Gear
ThermalFoundation:material:131, Lead Gear
ThermalFoundation:material:132, Ferrous Gear
ThermalFoundation:material:133, Shiny Gear
ThermalFoundation:material:134, Mana Infused Gear
ThermalFoundation:material:135, Electrum Gear
ThermalFoundation:material:136, Invar Gear
ThermalFoundation:material:137, Bronze Gear
ThermalFoundation:material:138, Signalum Gear
ThermalFoundation:material:139, Lumium Gear
ThermalFoundation:material:140, Enderium Gear
ThermalFoundation:material:512, Pyrotheum Dust
ThermalFoundation:material:513, Cryotheum Dust
ThermalFoundation:material:514, Aerotheum Dust
ThermalFoundation:material:515, Petrotheum Dust
ThermalFoundation:material:516, Mana Dust
ThermalFoundation:material:1024, Blizz Rod
ThermalFoundation:material:1025, Blizz Powder
ThermalFoundation:material:1026, Blitz Rod
ThermalFoundation:material:1027, Blitz Powder
ThermalFoundation:material:1028, Basalz Rod
ThermalFoundation:material:1029, Basalz Powder
ThermalFoundation:tool.shearsWood, Wood Shears
ThermalFoundation:tool.sickleWood, Wood Sickle
ThermalFoundation:tool.shearsStone, Stone Shears
ThermalFoundation:tool.fishingRodStone, Stone Fishing Rod
ThermalFoundation:tool.sickleStone, Stone Sickle
ThermalFoundation:tool.bowStone, Stone Reinforced Bow
ThermalFoundation:tool.fishingRodIron, Iron Fishing Rod
ThermalFoundation:tool.sickleIron, Iron Sickle
ThermalFoundation:tool.bowIron, Iron Reinforced Bow
ThermalFoundation:tool.shearsDiamond, Diamond Shears
ThermalFoundation:tool.fishingRodDiamond, Diamond Fishing Rod
ThermalFoundation:tool.sickleDiamond, Diamond Sickle
ThermalFoundation:tool.bowDiamond, Diamond Reinforced Bow
ThermalFoundation:tool.shearsGold, Gold Shears
ThermalFoundation:tool.fishingRodGold, Gold Fishing Rod
ThermalFoundation:tool.sickleGold, Gold Sickle
ThermalFoundation:tool.bowGold, Gold Reinforced Bow
ThermalFoundation:armor.helmetCopper, Copper Helmet
ThermalFoundation:armor.plateCopper, Copper Chestplate
ThermalFoundation:armor.legsCopper, Copper Leggings
ThermalFoundation:armor.bootsCopper, Copper Boots
ThermalFoundation:tool.swordCopper, Copper Sword
ThermalFoundation:tool.shovelCopper, Copper Shovel
ThermalFoundation:tool.pickaxeCopper, Copper Pickaxe
ThermalFoundation:tool.axeCopper, Copper Axe
ThermalFoundation:tool.hoeCopper, Copper Hoe
ThermalFoundation:tool.shearsCopper, Copper Shears
ThermalFoundation:tool.fishingRodCopper, Copper Fishing Rod
ThermalFoundation:tool.sickleCopper, Copper Sickle
ThermalFoundation:tool.bowCopper, Copper Reinforced Bow
ThermalFoundation:armor.helmetTin, Tin Helmet
ThermalFoundation:armor.plateTin, Tin Chestplate
ThermalFoundation:armor.legsTin, Tin Leggings
ThermalFoundation:armor.bootsTin, Tin Boots
ThermalFoundation:tool.swordTin, Tin Sword
ThermalFoundation:tool.shovelTin, Tin Shovel
ThermalFoundation:tool.pickaxeTin, Tin Pickaxe
ThermalFoundation:tool.axeTin, Tin Axe
ThermalFoundation:tool.hoeTin, Tin Hoe
ThermalFoundation:tool.shearsTin, Tin Shears
ThermalFoundation:tool.fishingRodTin, Tin Fishing Rod
ThermalFoundation:tool.sickleTin, Tin Sickle
ThermalFoundation:tool.bowTin, Tin Reinforced Bow
ThermalFoundation:armor.helmetSilver, Silver Helmet
ThermalFoundation:armor.plateSilver, Silver Chestplate
ThermalFoundation:armor.legsSilver, Silver Leggings
ThermalFoundation:armor.bootsSilver, Silver Boots
ThermalFoundation:tool.swordSilver, Silver Sword
ThermalFoundation:tool.shovelSilver, Silver Shovel
ThermalFoundation:tool.pickaxeSilver, Silver Pickaxe
ThermalFoundation:tool.axeSilver, Silver Axe
ThermalFoundation:tool.hoeSilver, Silver Hoe
ThermalFoundation:tool.shearsSilver, Silver Shears
ThermalFoundation:tool.fishingRodSilver, Silver Fishing Rod
ThermalFoundation:tool.sickleSilver, Silver Sickle
ThermalFoundation:tool.bowSilver, Silver Reinforced Bow
ThermalFoundation:armor.helmetLead, Lead Helmet
ThermalFoundation:armor.plateLead, Lead Chestplate
ThermalFoundation:armor.legsLead, Lead Leggings
ThermalFoundation:armor.bootsLead, Lead Boots
ThermalFoundation:tool.swordLead, Lead Sword
ThermalFoundation:tool.shovelLead, Lead Shovel
ThermalFoundation:tool.pickaxeLead, Lead Pickaxe
ThermalFoundation:tool.axeLead, Lead Axe
ThermalFoundation:tool.hoeLead, Lead Hoe
ThermalFoundation:tool.shearsLead, Lead Shears
ThermalFoundation:tool.fishingRodLead, Lead Fishing Rod
ThermalFoundation:tool.sickleLead, Lead Sickle
ThermalFoundation:tool.bowLead, Lead Reinforced Bow
ThermalFoundation:armor.helmetNickel, Ferrous Helmet
ThermalFoundation:armor.plateNickel, Ferrous Chestplate
ThermalFoundation:armor.legsNickel, Ferrous Leggings
ThermalFoundation:armor.bootsNickel, Ferrous Boots
ThermalFoundation:tool.swordNickel, Ferrous Sword
ThermalFoundation:tool.shovelNickel, Ferrous Shovel
ThermalFoundation:tool.pickaxeNickel, Ferrous Pickaxe
ThermalFoundation:tool.axeNickel, Ferrous Axe
ThermalFoundation:tool.hoeNickel, Ferrous Hoe
ThermalFoundation:tool.shearsNickel, Ferrous Shears
ThermalFoundation:tool.fishingRodNickel, Ferrous Fishing Rod
ThermalFoundation:tool.sickleNickel, Ferrous Sickle
ThermalFoundation:tool.bowNickel, Ferrous Reinforced Bow
ThermalFoundation:armor.helmetElectrum, Electrum Helmet
ThermalFoundation:armor.plateElectrum, Electrum Chestplate
ThermalFoundation:armor.legsElectrum, Electrum Leggings
ThermalFoundation:armor.bootsElectrum, Electrum Boots
ThermalFoundation:tool.swordElectrum, Electrum Sword
ThermalFoundation:tool.shovelElectrum, Electrum Shovel
ThermalFoundation:tool.pickaxeElectrum, Electrum Pickaxe
ThermalFoundation:tool.axeElectrum, Electrum Axe
ThermalFoundation:tool.hoeElectrum, Electrum Hoe
ThermalFoundation:tool.shearsElectrum, Electrum Shears
ThermalFoundation:tool.fishingRodElectrum, Electrum Fishing Rod
ThermalFoundation:tool.sickleElectrum, Electrum Sickle
ThermalFoundation:tool.bowElectrum, Electrum Reinforced Bow
ThermalFoundation:armor.helmetInvar, Invar Helmet
ThermalFoundation:armor.plateInvar, Invar Chestplate
ThermalFoundation:armor.legsInvar, Invar Leggings
ThermalFoundation:armor.bootsInvar, Invar Boots
ThermalFoundation:tool.swordInvar, Invar Sword
ThermalFoundation:tool.shovelInvar, Invar Shovel
ThermalFoundation:tool.pickaxeInvar, Invar Pickaxe
ThermalFoundation:tool.axeInvar, Invar Axe
ThermalFoundation:tool.hoeInvar, Invar Hoe
ThermalFoundation:tool.shearsInvar, Invar Shears
ThermalFoundation:tool.fishingRodInvar, Invar Fishing Rod
ThermalFoundation:tool.sickleInvar, Invar Sickle
ThermalFoundation:tool.bowInvar, Invar Reinforced Bow
ThermalFoundation:armor.helmetBronze, Bronze Helmet
ThermalFoundation:armor.plateBronze, Bronze Chestplate
ThermalFoundation:armor.legsBronze, Bronze Leggings
ThermalFoundation:armor.bootsBronze, Bronze Boots
ThermalFoundation:tool.swordBronze, Bronze Sword
ThermalFoundation:tool.shovelBronze, Bronze Shovel
ThermalFoundation:tool.pickaxeBronze, Bronze Pickaxe
ThermalFoundation:tool.axeBronze, Bronze Axe
ThermalFoundation:tool.hoeBronze, Bronze Hoe
ThermalFoundation:tool.shearsBronze, Bronze Shears
ThermalFoundation:tool.fishingRodBronze, Bronze Fishing Rod
ThermalFoundation:tool.sickleBronze, Bronze Sickle
ThermalFoundation:tool.bowBronze, Bronze Reinforced Bow
ThermalFoundation:armor.helmetPlatinum, Shiny Helmet
ThermalFoundation:armor.platePlatinum, Shiny Chestplate
ThermalFoundation:armor.legsPlatinum, Shiny Leggings
ThermalFoundation:armor.bootsPlatinum, Shiny Boots
ThermalFoundation:tool.swordPlatinum, Shiny Sword
ThermalFoundation:tool.shovelPlatinum, Shiny Shovel
ThermalFoundation:tool.pickaxePlatinum, Shiny Pickaxe
ThermalFoundation:tool.axePlatinum, Shiny Axe
ThermalFoundation:tool.hoePlatinum, Shiny Hoe
ThermalFoundation:tool.shearsPlatinum, Shiny Shears
ThermalFoundation:tool.fishingRodPlatinum, Shiny Fishing Rod
ThermalFoundation:tool.sicklePlatinum, Shiny Sickle
ThermalFoundation:tool.bowPlatinum, Shiny Reinforced Bow
ThermalExpansion:wrench:0, Crescent Hammer
ThermalExpansion:tool.battleWrenchInvar, BattleWrench
ThermalExpansion:igniter, item.thermalexpansion.tool.name
ThermalExpansion:chiller, item.thermalexpansion.tool.name
ThermalExpansion:pump, item.thermalexpansion.tool.name
ThermalExpansion:transfuser, item.thermalexpansion.tool.name
ThermalExpansion:capacitor:0, Creative Flux Capacitor
ThermalExpansion:capacitor:1, Tuberous Flux Capacitor
ThermalExpansion:capacitor:2, Leadstone Flux Capacitor
ThermalExpansion:capacitor:2, Leadstone Flux Capacitor
ThermalExpansion:capacitor:3, Hardened Flux Capacitor
ThermalExpansion:capacitor:3, Hardened Flux Capacitor
ThermalExpansion:capacitor:4, Redstone Flux Capacitor
ThermalExpansion:capacitor:4, Redstone Flux Capacitor
ThermalExpansion:capacitor:5, Resonant Flux Capacitor
ThermalExpansion:capacitor:5, Resonant Flux Capacitor
ThermalExpansion:satchel:0, Creative Satchel
ThermalExpansion:satchel:1, Satchel
ThermalExpansion:satchel:2, Hardened Satchel
ThermalExpansion:satchel:3, Reinforced Satchel
ThermalExpansion:satchel:4, Resonant Satchel
ThermalExpansion:florb:0, Invalid Item (Destroy) (Empty§r)
ThermalExpansion:florb:1, Invalid Item (Destroy) (Empty§r)
BigReactors:BRIngot:0, Yellorium Ingot
BigReactors:BRIngot:1, Cyanite Ingot
BigReactors:BRIngot:2, Graphite Bar
BigReactors:BRIngot:3, Blutonium Ingot
BigReactors:BRIngot:4, Yellorium Dust
BigReactors:BRIngot:5, Cyanite Dust
BigReactors:BRIngot:6, Graphite Dust
BigReactors:BRIngot:7, Blutonium Dust
BigReactors:BRIngot:8, Ludicrite Ingot
BigReactors:BRIngot:9, Ludicrite Dust
BigReactors:bucketYellorium, Fluid Yellorium Bucket
BigReactors:bucketCyanite, Fluid Cyanite Bucket
BigReactors:BRDebugTool, BeefTronic™ Diagnostics Tool
BuildCraft|Builders:templateItem, Template
BuildCraft|Builders:blueprintItem, Blueprint
BuildCraft|Robotics:robot, Robot
BuildCraft|Robotics:robotStation, item.robotStation.name
BuildCraft|Robotics:redstone_board, Redstone Board
BuildCraft|Silicon:redstoneChipset:0, Redstone Chipset
BuildCraft|Silicon:redstoneChipset:1, Iron Chipset
BuildCraft|Silicon:redstoneChipset:2, Golden Chipset
BuildCraft|Silicon:redstoneChipset:3, Diamond Chipset
BuildCraft|Silicon:redstoneChipset:4, Pulsating Chipset
BuildCraft|Silicon:redstoneChipset:5, Quartz Chipset
BuildCraft|Silicon:redstoneChipset:6, Redstone Comp Chipset
BuildCraft|Silicon:redstoneChipset:7, Emerald Chipset
BuildCraft|Silicon:package, Package
BuildCraft|Silicon:redstoneCrystal, Redstone Crystal
BuildCraft|Energy:bucketOil, Oil Bucket
BuildCraft|Energy:bucketFuel, Fuel Bucket
BuildCraft|Transport:pipeWaterproof, Pipe Sealant
BuildCraft|Transport:item.buildcraftPipe.pipeitemswood:0, Wooden Transport Pipe
BuildCraft|Transport:item.buildcraftPipe.pipeitemsemerald:0, Emerald Transport Pipe
BuildCraft|Transport:item.buildcraftPipe.pipeitemscobblestone:0, Cobblestone Transport Pipe
BuildCraft|Transport:item.buildcraftPipe.pipeitemsstone:0, Stone Transport Pipe
BuildCraft|Transport:item.buildcraftPipe.pipeitemsquartz:0, Quartz Transport Pipe
BuildCraft|Transport:item.buildcraftPipe.pipeitemsiron:0, Iron Transport Pipe
BuildCraft|Transport:item.buildcraftPipe.pipeitemsgold:0, Golden Transport Pipe
BuildCraft|Transport:item.buildcraftPipe.pipeitemsdiamond:0, Diamond Transport Pipe
BuildCraft|Transport:item.buildcraftPipe.pipeitemsobsidian:0, Obsidian Transport Pipe
BuildCraft|Transport:item.buildcraftPipe.pipeitemslapis:0, Lazuli Transport Pipe
BuildCraft|Transport:item.buildcraftPipe.pipeitemsdaizuli:0, Daizuli Transport Pipe
BuildCraft|Transport:item.buildcraftPipe.pipeitemssandstone:0, Sandstone Transport Pipe
BuildCraft|Transport:item.buildcraftPipe.pipeitemsvoid:0, Void Transport Pipe
BuildCraft|Transport:item.buildcraftPipe.pipeitemsemzuli:0, Emzuli Transport Pipe
BuildCraft|Transport:item.buildcraftPipe.pipeitemsstripes:0, Stripes Transport Pipe
BuildCraft|Transport:item.buildcraftPipe.pipeitemsclay:0, Clay Transport Pipe
BuildCraft|Transport:item.buildcraftPipe.pipefluidswood:0, Wooden Fluid Pipe
BuildCraft|Transport:item.buildcraftPipe.pipefluidscobblestone:0, Cobblestone Fluid Pipe
BuildCraft|Transport:item.buildcraftPipe.pipefluidsstone:0, Stone Fluid Pipe
BuildCraft|Transport:item.buildcraftPipe.pipefluidsquartz:0, Quartz Fluid Pipe
BuildCraft|Transport:item.buildcraftPipe.pipefluidsiron:0, Iron Fluid Pipe
BuildCraft|Transport:item.buildcraftPipe.pipefluidsgold:0, Golden Fluid Pipe
BuildCraft|Transport:item.buildcraftPipe.pipefluidsemerald:0, Emerald Fluid Pipe
BuildCraft|Transport:item.buildcraftPipe.pipefluidsdiamond:0, Diamond Fluid Pipe
BuildCraft|Transport:item.buildcraftPipe.pipefluidssandstone:0, Sandstone Fluid Pipe
BuildCraft|Transport:item.buildcraftPipe.pipefluidsvoid:0, Void Fluid Pipe
BuildCraft|Transport:item.buildcraftPipe.pipefluidsclay:0, Clay Fluid Pipe
BuildCraft|Transport:item.buildcraftPipe.pipepowerwood:0, Wooden Kinesis Pipe
BuildCraft|Transport:item.buildcraftPipe.pipepowercobblestone:0, Cobblestone Kinesis Pipe
BuildCraft|Transport:item.buildcraftPipe.pipepowerstone:0, Stone Kinesis Pipe
BuildCraft|Transport:item.buildcraftPipe.pipepowerquartz:0, Quartz Kinesis Pipe
BuildCraft|Transport:item.buildcraftPipe.pipepoweriron:0, Iron Kinesis Pipe
BuildCraft|Transport:item.buildcraftPipe.pipepowergold:0, Golden Kinesis Pipe
BuildCraft|Transport:item.buildcraftPipe.pipepowerdiamond:0, Diamond Kinesis Pipe
BuildCraft|Transport:item.buildcraftPipe.pipepoweremerald:0, Emerald Kinesis Pipe
BuildCraft|Transport:item.buildcraftPipe.pipepowersandstone:0, Sandstone Kinesis Pipe
BuildCraft|Transport:item.buildcraftPipe.pipestructurecobblestone:0, Cobblestone Structure Pipe
BuildCraft|Transport:pipeWire:0, Red Pipe Wire
BuildCraft|Transport:pipeWire:1, Blue Pipe Wire
BuildCraft|Transport:pipeWire:2, Green Pipe Wire
BuildCraft|Transport:pipeWire:3, Yellow Pipe Wire
BuildCraft|Transport:pipeGate, item.pipeGate.name
BuildCraft|Transport:pipePlug, item.pipePlug.name
BuildCraft|Transport:pipeLens:0, Lens (Black)
BuildCraft|Transport:pipeLens:1, Lens (Red)
BuildCraft|Transport:pipeLens:2, Lens (Green)
BuildCraft|Transport:pipeLens:3, Lens (Brown)
BuildCraft|Transport:pipeLens:4, Lens (Blue)
BuildCraft|Transport:pipeLens:5, Lens (Purple)
BuildCraft|Transport:pipeLens:6, Lens (Cyan)
BuildCraft|Transport:pipeLens:7, Lens (Light Gray)
BuildCraft|Transport:pipeLens:8, Lens (Gray)
BuildCraft|Transport:pipeLens:9, Lens (Pink)
BuildCraft|Transport:pipeLens:10, Lens (Lime)
BuildCraft|Transport:pipeLens:11, Lens (Yellow)
BuildCraft|Transport:pipeLens:12, Lens (Light Blue)
BuildCraft|Transport:pipeLens:13, Lens (Magenta)
BuildCraft|Transport:pipeLens:14, Lens (Orange)
BuildCraft|Transport:pipeLens:15, Lens (White)
BuildCraft|Transport:pipeLens:16, Filter (Black)
BuildCraft|Transport:pipeLens:17, Filter (Red)
BuildCraft|Transport:pipeLens:18, Filter (Green)
BuildCraft|Transport:pipeLens:19, Filter (Brown)
BuildCraft|Transport:pipeLens:20, Filter (Blue)
BuildCraft|Transport:pipeLens:21, Filter (Purple)
BuildCraft|Transport:pipeLens:22, Filter (Cyan)
BuildCraft|Transport:pipeLens:23, Filter (Light Gray)
BuildCraft|Transport:pipeLens:24, Filter (Gray)
BuildCraft|Transport:pipeLens:25, Filter (Pink)
BuildCraft|Transport:pipeLens:26, Filter (Lime)
BuildCraft|Transport:pipeLens:27, Filter (Yellow)
BuildCraft|Transport:pipeLens:28, Filter (Light Blue)
BuildCraft|Transport:pipeLens:29, Filter (Magenta)
BuildCraft|Transport:pipeLens:30, Filter (Orange)
BuildCraft|Transport:pipeLens:31, Filter (White)
BuildCraft|Transport:pipeLens:32, Lens (Clear)
BuildCraft|Transport:pipeLens:33, Filter (Clear)
BuildCraft|Transport:pipePowerAdapter, item.pipePowerAdapter.name
BuildCraft|Transport:gateCopier, Gate Copier
Forestry:fertilizerBio, Compost
Forestry:fertilizerCompound, Fertilizer
Forestry:apatite, Apatite
Forestry:researchNote, %s's Notes
Forestry:ingotCopper, Copper Ingot
Forestry:ingotTin, Tin Ingot
Forestry:ingotBronze, Bronze Ingot
Forestry:wrench, Wrench
Forestry:pipette, Pipette
Forestry:sturdyMachine, Sturdy Casing
Forestry:hardenedMachine, Hardened Casing
Forestry:impregnatedCasing, Impregnated Casing
Forestry:craftingMaterial:0, Pulsating Dust
Forestry:craftingMaterial:1, Pulsating Mesh
Forestry:craftingMaterial:2, Silk Wisp
Forestry:craftingMaterial:3, Woven Silk
Forestry:craftingMaterial:4, Dissipation Charge
Forestry:craftingMaterial:5, Ice Shard
Forestry:craftingMaterial:6, Scented Paneling
Forestry:naturalistHelmet, Spectacles
Forestry:peat, Peat
Forestry:ash, Ash
Forestry:bituminousPeat, Bituminous Peat
Forestry:gearBronze, Bronze Gear
Forestry:gearCopper, Copper Gear
Forestry:gearTin, Tin Gear
Forestry:chipsets:0, Basic Circuit Board
Forestry:chipsets:1, Enhanced Circuit Board
Forestry:chipsets:2, Refined Circuit Board
Forestry:chipsets:3, Intricate Circuit Board
Forestry:solderingIron, Soldering Iron
Forestry:carton, Carton
Forestry:oakStick, Impregnated Stick
Forestry:woodPulp, Wood Pulp
Forestry:brokenBronzePickaxe, Broken Pickaxe
Forestry:brokenBronzeShovel, Broken Shovel
Forestry:bronzePickaxe, Survivalist's Pickaxe
Forestry:bronzeShovel, Survivalist's Shovel
Forestry:kitShovel, Shovel Kit
Forestry:kitPickaxe, Pickaxe Kit
Forestry:mouldyWheat, Mouldy Wheat
Forestry:decayingWheat, Decaying Wheat
Forestry:mulch, Mulch
Forestry:iodineCapsule, Iodine Capsule
Forestry:phosphor, Phosphor
Forestry:beeswax, Beeswax
Forestry:refractoryWax, Refractory Wax
Forestry:fruits:0, Cherry
Forestry:fruits:1, Walnut
Forestry:fruits:2, Chestnut
Forestry:fruits:3, Lemon
Forestry:fruits:4, Plum
Forestry:fruits:5, Date
Forestry:fruits:6, Papaya
Forestry:canEmpty, Can
Forestry:waxCapsule, Wax Capsule
Forestry:refractoryEmpty, Refractory Capsule
Forestry:canEthanol, Ethanol Can
Forestry:waxCapsuleEthanol, Ethanol Capsule
Forestry:refractoryEthanol, Ethanol Capsule
Forestry:bucketEthanol, Ethanol Bucket
Forestry:canBiomass, Biomass Can
Forestry:waxCapsuleBiomass, Biomass Capsule
Forestry:refractoryBiomass, Biomass Capsule
Forestry:bucketBiomass, Biomass Bucket
Forestry:bucketGlass, Molten Glass Bucket
Forestry:canHoney, Honey Can
Forestry:waxCapsuleHoney, Honey Capsule
Forestry:refractoryHoney, Honey Capsule
Forestry:bucketHoney, Honey Bucket
Forestry:canIce, Ice Can
Forestry:waxCapsuleIce, Ice Capsule
Forestry:refractoryIce, Ice Capsule
Forestry:bucketIce, Crushed Ice Bucket
Forestry:canJuice, Juice Can
Forestry:waxCapsuleJuice, Juice Capsule
Forestry:refractoryJuice, Juice Capsule
Forestry:bucketJuice, Juice Bucket
Forestry:canSeedOil, Seed Oil Can
Forestry:waxCapsuleSeedOil, Seed Oil Capsule
Forestry:refractorySeedOil, Seed Oil Capsule
Forestry:bucketSeedOil, Seed Oil Bucket
Forestry:canShortMead, Short Mead Can
Forestry:waxCapsuleShortMead, Short Mead Capsule
Forestry:refractoryShortMead, Short Mead Capsule
Forestry:bucketShortMead, Short Mead Bucket
Forestry:canMead, Mead Can
Forestry:waxCapsuleMead, Mead Capsule
Forestry:refractoryMead, Mead Capsule
Forestry:bucketMead, Mead Bucket
Forestry:canWater, Water Can
Forestry:waxCapsuleWater, Water Capsule
Forestry:refractoryWater, Water Capsule
Forestry:canLava, Lava Can
Forestry:refractoryLava, Lava Capsule
Forestry:canFuel, Fuel Can
Forestry:waxCapsuleFuel, Fuel Capsule
Forestry:refractoryFuel, Fuel Capsule
Forestry:canOil, Oil Can
Forestry:waxCapsuleOil, Oil Capsule
Forestry:refractoryOil, Oil Capsule
Forestry:beealyzer, Beealyzer
Forestry:habitatLocator, Habitat Locator
Forestry:imprinter, Imprinter
Forestry:cart.beehouse:0, Minecart with Bee House
Forestry:cart.beehouse:1, Minecart with Apiary
Forestry:frameUntreated, Untreated Frame
Forestry:frameImpregnated, Impregnated Frame
Forestry:frameProven, Proven Frame
Forestry:honeyDrop:0, Honey Drop
Forestry:pollen:0, Pollen Cluster
Forestry:pollen:1, Crystalline Pollen Cluster
Forestry:propolis:0, Propolis
Forestry:propolis:1, Sticky Propolis
Forestry:propolis:3, Silky Propolis
Forestry:honeydew, Honeydew
Forestry:royalJelly, Royal Jelly
Forestry:waxCast, Wax Cast
Forestry:beeCombs:0, Honey Comb
Forestry:beeCombs:2, Simmering Comb
Forestry:beeCombs:3, Stringy Comb
Forestry:beeCombs:4, Frozen Comb
Forestry:beeCombs:5, Dripping Comb
Forestry:beeCombs:6, Silky Comb
Forestry:beeCombs:7, Parched Comb
Forestry:beeCombs:15, Mossy Comb
Forestry:beeCombs:16, Mellow Comb
Forestry:apiaristHelmet, Apiarist's Hat
Forestry:apiaristChest, Apiarist's Shirt
Forestry:apiaristLegs, Apiarist's Pants
Forestry:apiaristBoots, Apiarist's Shoes
Forestry:scoop, Scoop
Forestry:treealyzer, Treealyzer
Forestry:grafter, Grafter
Forestry:grafterProven, Proven Grafter
Forestry:honeyedSlice, Honeyed Slice
Forestry:beverage, item.for.beverage.name
Forestry:ambrosia, Ambrosia
Forestry:honeyPot, Honey Pot
Forestry:infuser, Infuser
Forestry:flutterlyzer, Flutterlyzer
Forestry:stamps:0, Stamp (1n)
Forestry:stamps:1, Stamp (2n)
Forestry:stamps:2, Stamp (5n)
Forestry:stamps:3, Stamp (10n)
Forestry:stamps:4, Stamp (20n)
Forestry:stamps:5, Stamp (50n)
Forestry:stamps:6, Stamp (100n)
Forestry:letters, Letter
Forestry:catalogue, Catalogue
Forestry:crate, Crate
Forestry:apiaristBag, Apiarist's Backpack
Forestry:lepidopteristBag, Lepidopterist's Backpack
Forestry:minerBag, Miner's Backpack
Forestry:minerBagT2, Miner's Woven Backpack
Forestry:diggerBag, Digger's Backpack
Forestry:diggerBagT2, Digger's Woven Backpack
Forestry:foresterBag, Forester's Backpack
Forestry:foresterBagT2, Forester's Woven Backpack
Forestry:hunterBag, Hunter's Backpack
Forestry:hunterBagT2, Hunter's Woven Backpack
Forestry:adventurerBag, Adventurer's Backpack
Forestry:adventurerBagT2, Adventurer's Woven Backpack
Forestry:builderBag, Builder's Backpack
Forestry:builderBagT2, Builder's WovenBackpack
Forestry:cratedPeat, item.cratedPeat.name
Forestry:cratedApatite, item.cratedApatite.name
Forestry:cratedFertilizer, item.cratedFertilizer.name
Forestry:cratedMulch, item.cratedMulch.name
Forestry:cratedPhosphor, item.cratedPhosphor.name
Forestry:cratedAsh, item.cratedAsh.name
Forestry:cratedTin, item.cratedTin.name
Forestry:cratedCopper, item.cratedCopper.name
Forestry:cratedBronze, item.cratedBronze.name
Forestry:cratedHumus, item.cratedHumus.name
Forestry:cratedBogearth, item.cratedBogearth.name
Forestry:cratedWheat, item.cratedWheat.name
Forestry:cratedCookies, item.cratedCookies.name
Forestry:cratedRedstone, item.cratedRedstone.name
Forestry:cratedLapis, item.cratedLapis.name
Forestry:cratedReeds, item.cratedReeds.name
Forestry:cratedClay, item.cratedClay.name
Forestry:cratedGlowstone, item.cratedGlowstone.name
Forestry:cratedApples, item.cratedApples.name
Forestry:cratedNetherwart, item.cratedNetherwart.name
Forestry:cratedCharcoal, item.cratedCharcoal.name
Forestry:cratedCoal, item.cratedCoal.name
Forestry:cratedSeeds, item.cratedSeeds.name
Forestry:cratedPotatoes, item.cratedPotatoes.name
Forestry:cratedCarrots, item.cratedCarrots.name
Forestry:cratedWood, item.cratedWood.name
Forestry:cratedSpruceWood, item.cratedSpruceWood.name
Forestry:cratedBirchWood, item.cratedBirchWood.name
Forestry:cratedJungleWood, item.cratedJungleWood.name
Forestry:cratedAcaciaWood, item.cratedAcaciaWood.name
Forestry:cratedDarkOakWood, item.cratedDarkOakWood.name
Forestry:cratedCobblestone, item.cratedCobblestone.name
Forestry:cratedDirt, item.cratedDirt.name
Forestry:cratedPodzol, item.cratedPodzol.name
Forestry:cratedStone, item.cratedStone.name
Forestry:cratedBrick, item.cratedBrick.name
Forestry:cratedCacti, item.cratedCacti.name
Forestry:cratedSand, item.cratedSand.name
Forestry:cratedRedSand, item.cratedRedSand.name
Forestry:cratedObsidian, item.cratedObsidian.name
Forestry:cratedNetherrack, item.cratedNetherrack.name
Forestry:cratedSoulsand, item.cratedSoulsand.name
Forestry:cratedSandstone, item.cratedSandstone.name
Forestry:cratedNetherbrick, item.cratedNetherbrick.name
Forestry:cratedMycelium, item.cratedMycelium.name
Forestry:cratedGravel, item.cratedGravel.name
Forestry:cratedSaplings, item.cratedSaplings.name
Forestry:cratedSpruceSapling, item.cratedSpruceSapling.name
Forestry:cratedBirchSapling, item.cratedBirchSapling.name
Forestry:cratedJungleSapling, item.cratedJungleSapling.name
Forestry:cratedAcaciaSapling, item.cratedAcaciaSapling.name
Forestry:cratedDarkOakSapling, item.cratedDarkOakSapling.name
Forestry:cratedBeeswax, item.cratedBeeswax.name
Forestry:cratedPollen, item.cratedPollen.name
Forestry:cratedCrystallinePollen, item.cratedCrystallinePollen.name
Forestry:cratedPropolis, item.cratedPropolis.name
Forestry:cratedHoneydew, item.cratedHoneydew.name
Forestry:cratedRoyalJelly, item.cratedRoyalJelly.name
Forestry:cratedHoneycombs, item.cratedHoneycombs.name
Forestry:cratedCocoaComb, item.cratedCocoaComb.name
Forestry:cratedSimmeringCombs, item.cratedSimmeringCombs.name
Forestry:cratedStringyCombs, item.cratedStringyCombs.name
Forestry:cratedFrozenCombs, item.cratedFrozenCombs.name
Forestry:cratedDrippingCombs, item.cratedDrippingCombs.name
Forestry:cratedSilkyCombs, item.cratedSilkyCombs.name
Forestry:cratedParchedCombs, item.cratedParchedCombs.name
Forestry:cratedMysteriousCombs, item.cratedMysteriousCombs.name
Forestry:cratedPowderyCombs, item.cratedPowderyCombs.name
Forestry:cratedWheatenCombs, item.cratedWheatenCombs.name
Forestry:cratedMossyCombs, item.cratedMossyCombs.name
Forestry:cratedMellowCombs, item.cratedMellowCombs.name
Forestry:cratedRefractoryWax, item.cratedRefractoryWax.name
Forestry:cratedCherry, item.cratedCherry.name
Forestry:cratedWalnut, item.cratedWalnut.name
Forestry:cratedChestnut, item.cratedChestnut.name
Forestry:cratedLemon, item.cratedLemon.name
Forestry:cratedPlum, item.cratedPlum.name
Forestry:cratedPapaya, item.cratedPapaya.name
Forestry:cratedDates, item.cratedDates.name
Forestry:cratedResin, item.cratedResin.name
Forestry:cratedRubber, item.cratedRubber.name
Forestry:cratedScrap, item.cratedScrap.name
Forestry:cratedSilver, item.cratedSilver.name
Forestry:cratedBrass, item.cratedBrass.name
Forestry:cratedNaturaBerryBlight, item.cratedNaturaBerryBlight.name
Forestry:cratedNaturaBerryDusk, item.cratedNaturaBerryDusk.name
Forestry:cratedNaturaBerrySky, item.cratedNaturaBerrySky.name
Forestry:cratedNaturaBerrySting, item.cratedNaturaBerrySting.name
Forestry:cratedNaturaBerryRasp, item.cratedNaturaBerryRasp.name
Forestry:cratedNaturaBerryBlue, item.cratedNaturaBerryBlue.name
Forestry:cratedNaturaBerryBlack, item.cratedNaturaBerryBlack.name
Forestry:cratedNaturaBerryMalo, item.cratedNaturaBerryMalo.name
Forestry:cratedNaturaBarley, item.cratedNaturaBarley.name
Forestry:cratedNaturaSaplingRedwood, item.cratedNaturaSaplingRedwood.name
Forestry:cratedNaturaSaplingEucalyptus, item.cratedNaturaSaplingEucalyptus.name
Forestry:cratedNaturaSaplingHopseed, item.cratedNaturaSaplingHopseed.name
Forestry:cratedNaturaSaplingSakura, item.cratedNaturaSaplingSakura.name
Forestry:cratedNaturaSaplingGhostwood, item.cratedNaturaSaplingGhostwood.name
Forestry:cratedNaturaSaplingBlood, item.cratedNaturaSaplingBlood.name
Forestry:cratedNaturaSaplingDarkwood, item.cratedNaturaSaplingDarkwood.name
Forestry:cratedNaturaSaplingFusewood, item.cratedNaturaSaplingFusewood.name
Forestry:cratedNaturaSaplingMaple, item.cratedNaturaSaplingMaple.name
Forestry:cratedNaturaSaplingSilverbell, item.cratedNaturaSaplingSilverbell.name
Forestry:cratedNaturaSaplingPurpleheart, item.cratedNaturaSaplingPurpleheart.name
Forestry:cratedNaturaSaplingTiger, item.cratedNaturaSaplingTiger.name
Forestry:cratedNaturaSaplingWillow, item.cratedNaturaSaplingWillow.name
Forestry:cratedNaturaPotashApple, item.cratedNaturaPotashApple.name
Forestry:cratedNaturaGreenGlowshroom, item.cratedNaturaGreenGlowshroom.name
Forestry:cratedNaturaPurpleGlowshroom, item.cratedNaturaPurpleGlowshroom.name
Forestry:cratedNaturaBlueGlowshroom, item.cratedNaturaBlueGlowshroom.name
Forestry:cratedNaturaLogEucalyptus, item.cratedNaturaLogEucalyptus.name
Forestry:cratedNaturaLogSakura, item.cratedNaturaLogSakura.name
Forestry:cratedNaturaLogGhostwood, item.cratedNaturaLogGhostwood.name
Forestry:cratedNaturaLogHopseed, item.cratedNaturaLogHopseed.name
Forestry:cratedNaturaLogWillow, item.cratedNaturaLogWillow.name
Forestry:cratedNaturaLogBloodwood, item.cratedNaturaLogBloodwood.name
Forestry:cratedNaturaLogDarkwood, item.cratedNaturaLogDarkwood.name
Forestry:cratedNaturaLogFusewood, item.cratedNaturaLogFusewood.name
Forestry:cratedNaturaBlockHeatsand, item.cratedNaturaBlockHeatsand.name
Forestry:cratedNaturaBlockTainted, item.cratedNaturaBlockTainted.name
BuildCraft|Compat:item.buildcraftPipe.pipeitemspropolis:0, Apiarist's Pipe
Calculator:InfoCalculator, Info Calculator
Calculator:Calculator, Calculator
Calculator:CraftingCalculator, Crafting Calculator
Calculator:ScientificCalculator, Scientific Calculator
Calculator:FlawlessCalculator, Flawless Calculator
Calculator:StorageModule, Storage Module
Calculator:HungerModule, Hunger Module
Calculator:HealthModule, Health Module
Calculator:NutritionModule, Nutrition Module
Calculator:TerrainModule, Basic Terrain Module
Calculator:AdvancedTerrainModule, Advanced Terrain Module
Calculator:EnergyModule, Energy Module
Calculator:LocatorModule, Locator Module
Calculator:Soil, Soil
Calculator:SmallStone, Small Stone
Calculator:SpeedUpgrade, Speed Upgrade
Calculator:EnergyUpgrade, Energy Upgrade
Calculator:VoidUpgrade, Void Upgrade
Calculator:CalculatorScreen, Calculator Screen
Calculator:CalculatorAssembly, Calculator Assembly
Calculator:AdvancedAssembly, Advanced Assembly
Calculator:AtomicModule, Atomic Module
Calculator:AtomicAssembly, Atomic Assembly
Calculator:AtomicBinder, Atomic Binder
Calculator:Wrench, PA Wrench
Calculator:Sickle, Sickle
Calculator:ObsidianKey, Obsidian Key
Calculator:ReinforcedSword, Reinforced Sword
Calculator:EnrichedGoldSword, Enriched Gold Sword
Calculator:ReinforcedIronSword, Reinforced Iron Sword
Calculator:RedstoneSword, Redstone Sword
Calculator:WeakenedDiamondSword, Weakened Diamond Sword
Calculator:FlawlessDiamondSword, Flawless Diamond Sword
Calculator:FireDiamondSword, Fire Diamond Sword
Calculator:ElectricSword, Electric Sword
Calculator:EndForgedSword, End Forged Sword
Calculator:ReinforcedPickaxe, Reinforced Pickaxe
Calculator:EnrichedGoldPickaxe, Enriched Gold Pickaxe
Calculator:ReinforcedIronPickaxe, Reinforced Iron Pickaxe
Calculator:RedstonePickaxe, Redstone Pickaxe
Calculator:WeakenedDiamondPickaxe, Weakened Diamond Pickaxe
Calculator:FlawlessDiamondPickaxe, Flawless Diamond Pickaxe
Calculator:FireDiamondPickaxe, Fire Diamond Pickaxe
Calculator:ElectricPickaxe, Electric Pickaxe
Calculator:EndForgedPickaxe, End Forged Pickaxe
Calculator:ReinforcedAxe, Reinforced Axe
Calculator:EnrichedGoldAxe, Enriched Gold Axe
Calculator:ReinforcedIronAxe, Reinforced Iron Axe
Calculator:RedstonedAxe, Redstone Axe
Calculator:WeakenedDiamondAxe, Weakened Diamond Axe
Calculator:FlawlessDiamondAxe, Flawless Diamond Axe
Calculator:FireDiamondAxe, Fire Diamond Axe
Calculator:ElectricAxe, Electric Axe
Calculator:EndForgedAxe, End Forged Axe
Calculator:ReinforcedShovel, Reinforced Shovel
Calculator:EnrichedGoldShovel, Enriched Gold Shovel
Calculator:ReinforcedIronShovel, Reinforced Iron Shovel
Calculator:RedstoneShovel, Redstone Shovel
Calculator:WeakenedDiamondShovel, Weakened Diamond Shovel
Calculator:FlawlessDiamondShovel, Flawless Diamond Shovel
Calculator:FireDiamondShovel, Fire Diamond Shovel
Calculator:ElectricShovel, Electric Shovel
Calculator:EndForgedShovel, End Forged Shovel
Calculator:ReinforcedHoe, Reinforced Hoe
Calculator:EnrichedGoldHoe, Enriched Gold Hoe
Calculator:ReinforcedIronHoe, Reinforced Iron Hoe
Calculator:RedstoneHoe, Redstone Hoe
Calculator:WeakenedDiamondHoe, Weakened Diamond Hoe
Calculator:FlawlessDiamondHoe, Flawless Diamond Hoe
Calculator:FireDiamondHoe, Fire Diamond Hoe
Calculator:ElectricHoe, Electric Hoe
Calculator:EndForgedHoe, End Forged Hoe
Calculator:EnrichedGold,  Enriched Gold
Calculator:EnrichedGoldIngot,  Enriched Gold Ingot
Calculator:ReinforcedIronIngot, Reinforced Iron Ingot
Calculator:RedstoneIngot, Redstone Ingot
Calculator:WeakenedDiamond, Weakened Diamond
Calculator:FlawlessDiamond, Flawless Diamond
Calculator:FlawlessFireDiamond, Fire Diamond
Calculator:ElectricDiamond, Electric Diamond
Calculator:EndDiamond, End Diamond
Calculator:Large Amethyst, Large Amethyst
Calculator:Small Amethyst, Amethyst
Calculator:Shard Amethyst, Amethyst Shard
Calculator:LargeTanzanite, Large Tanzanite
Calculator:SmallTanzanite, Tanzanite
Calculator:ShardTanzanite, Tanzanite Shard
Calculator:BroccoliSeeds, Broccoli Seeds
Calculator:PrunaeSeeds, Prunae Seeds
Calculator:FiddledewFruit, Fiddledew Fruit
Calculator:Broccoli, Broccoli
Calculator:Pear, Pear
Calculator:RottenPear, Rotten Pear
Calculator:CookedBroccoli, Cooked Broccoli
Calculator:CoalDust, Coal Dust
Calculator:EnrichedCoal, Enriched Coal
Calculator:PurifiedCoal, Purified Coal
Calculator:FireCoal, Fire Coal
Calculator:ControlledFuel, Controlled Fuel
Calculator:GrenadeCasing, Grenade Casing
Calculator:BabyGrenade, Baby Grenade
Calculator:Grenade, Grenade
Calculator:CircuitBoard, item.CircuitBoard.name
Calculator:CircuitDamaged, item.CircuitDamaged.name
Calculator:CircuitDirty, item.CircuitDirty.name
CarpentersBlocks:itemCarpentersHammer, Carpenter's Hammer
CarpentersBlocks:itemCarpentersChisel, Carpenter's Chisel
CarpentersBlocks:itemCarpentersTile, Carpenter's Tile
CarpentersBlocks:itemCarpentersDoor, Carpenter's Door
CarpentersBlocks:itemCarpentersBed, Carpenter's Bed
chancecubes:chancePendantTier1, Tier 1 Chance Pendant
chancecubes:chancePendantTier2, Tier 2 Chance Pendant
chancecubes:chancePendantTier3, Tier 3 Chance Pendant
chancecubes:silkTouchPendant, Silk Touch Chance Pendant
chancecubes:creativePendant, Creative Chance Pendant
chancecubes:rewardSelectorPendant, Reward Selector Pendant
chancecubes:scanner, Chance Cube Scanner
ChestTransporter:chesttransporter, Wooden Chest Transporter
ChestTransporter:chesttransporter_iron, Iron Chest Transporter
ChestTransporter:chesttransporter_gold, Golden Chest Transporter
ChestTransporter:chesttransporter_diamond, Diamond Chest Transporter
CompactSolars:solarHatLV, Low Voltage Solar Hat
CompactSolars:solarHatMV, Medium Voltage Solar Hat
CompactSolars:solarHatHV, High Voltage Solar Hat
compositegear:composite_helmet, Composite Helmet
compositegear:composite_chestplate, Composite Chestplate
compositegear:composite_leggings, Composite Leggings
compositegear:composite_boots, Composite Boots
compositegear:respirator_halfmask, Respirator Half-Mask
compositegear:respirator_mask, Respirator Mask
compositegear:respirator_mask_composite, Composite Respirator Mask
compositegear:ushanka_hat, Ushanka Hat
compositegear:balaclava_mask, Balaclava Mask
compositegear:shemagh_mask, Shemagh Mask
compositegear:composite_sword, Composite Sword
compositegear:composite_dagger, Composite Dagger
compositegear:composite_bow, Composite Bow
craftnstar:starcore, Star Core
craftnstar:starbranch, Star Branch
craftnstar:bottledtear, Bottled Tear
DraconicEvolution:draconicDistructionStaff:0, Draconic Staff of Power
DraconicEvolution:draconicDistructionStaff:0, Draconic Staff of Power
DraconicEvolution:draconicPickaxe:0, Draconic Pickaxe
DraconicEvolution:draconicPickaxe:0, Draconic Pickaxe
DraconicEvolution:draconicAxe:0, Draconic Axe
DraconicEvolution:draconicAxe:0, Draconic Axe
DraconicEvolution:draconicShovel:0, Draconic Shovel
DraconicEvolution:draconicShovel:0, Draconic Shovel
DraconicEvolution:draconicHoe, Draconic Hoe
DraconicEvolution:draconicSword, Draconic Sword
DraconicEvolution:draconicBow:0, Draconic Bow
DraconicEvolution:draconicBow:0, Draconic Bow
DraconicEvolution:draconicHelm, Draconic Helm
DraconicEvolution:draconicChest, Draconic Chestplate
DraconicEvolution:draconicLeggs, Draconic Leggings
DraconicEvolution:draconicBoots, Draconic Boots
DraconicEvolution:wyvernPickaxe:0, Pickaxe of the Wyvern
DraconicEvolution:wyvernPickaxe:0, Pickaxe of the Wyvern
DraconicEvolution:wyvernShovel:0, Shovel of the Wyvern
DraconicEvolution:wyvernShovel:0, Shovel of the Wyvern
DraconicEvolution:wyvernSword, Sword of the Wyvern
DraconicEvolution:wyvernBow:0, Bow of the Wyvern
DraconicEvolution:wyvernBow:0, Bow of the Wyvern
DraconicEvolution:wyvernHelm, Wyvern Helm
DraconicEvolution:wyvernChest, Wyvern Chestplate
DraconicEvolution:wyvernLeggs, Wyvern Leggings
DraconicEvolution:wyvernBoots, Wyvern Boots
DraconicEvolution:draconicCore, Draconic Core
DraconicEvolution:wyvernCore, Wyvern Core
DraconicEvolution:awakenedCore, Awakened Core
DraconicEvolution:chaoticCore, Chaotic Core
DraconicEvolution:draconiumDust, Draconium Dust
DraconicEvolution:draconiumIngot, Draconium Ingot
DraconicEvolution:draconiumBlend, Draconium Blend (Depreciated)
DraconicEvolution:dragonHeart, Dragon Heart
DraconicEvolution:teleporterMKI, Charm of Dislocation
DraconicEvolution:teleporterMKII, Enhanced Charm of Dislocation
DraconicEvolution:tclogo, TCLogo
DraconicEvolution:sunFocus, Solar Focus
DraconicEvolution:mobSoul, Mob Soul
DraconicEvolution:enderArrow, Ender Arrow
DraconicEvolution:safetyMatch:0, Box of Safety Matches
DraconicEvolution:safetyMatch:1000, Safety Match
DraconicEvolution:key:0, Key
DraconicEvolution:key:1, Key
DraconicEvolution:creativeStructureSpawner:0, Spawn Comet
DraconicEvolution:creativeStructureSpawner:1, Spawn Ender Island
DraconicEvolution:adminSpawnEgg, item.draconicevolution:adminSpawnEgg.name
DraconicEvolution:infoTablet, Draconic Evolution Information Tablet
DraconicEvolution:draconicIngot, Awakened Draconium Ingot
DraconicEvolution:draconiumEnergyCore:0, Wyvern Energy Core
DraconicEvolution:draconiumEnergyCore:1, Draconic Energy Core
DraconicEvolution:draconiumFluxCapacitor, item.draconicevolution:draconiumFluxCapacitor.name
DraconicEvolution:wrench, Crystal Binder
DraconicEvolution:chaosShard, Chaos Shard
DraconicEvolution:reactorCraftingPart:0, Reactor Stabilizer Frame
DraconicEvolution:reactorCraftingPart:1, Reactor Stabilizer Inner Rotor
DraconicEvolution:reactorCraftingPart:2, Reactor Stabilizer Outer Rotor
DraconicEvolution:reactorCraftingPart:3, Reactor Stabilizer Rotor Assembly
DraconicEvolution:reactorCraftingPart:4, Reactor Stabilizer Focus Ring
DraconicEvolution:nugget:0, Draconium Nugget
DraconicEvolution:nugget:1, Awakened Draconium Nugget
DraconicEvolution:chaosFragment:0, Tiny Chaos Fragment
DraconicEvolution:chaosFragment:1, Small Chaos Fragment
DraconicEvolution:chaosFragment:2, Large Chaos Fragment
DraconicEvolution:magnet:0, Item Dislocator
DraconicEvolution:magnet:1, Awakened Item Dislocator
DraconicEvolution:dezilsMarshmallow, Dezil's Marshmallow
EMT:EMTItems:1, Crushed Amber Ore
EMT:EMTItems:2, Purified Amber Ore
EMT:EMTItems:3, Crushed Cinnabar Ore
EMT:EMTItems:4, Purified Cinnabar Ore
EMT:EMTItems:5, Thaumium Plate
EMT:EMTItems:6, Lightning Summoner
EMT:EMTItems:7, Feather Mesh
EMT:EMTItems:8, Glue
EMT:EMTItems:9, Duct Tape
EMT:EMTItems:10, Rubber Ball
EMT:EMTItems:11, Cardboard Sheet
EMT:EMTItems:12, Feather Glued Cardboard Wing
EMT:EMTItems:13, Tainted Feather
EMT:EMTItems:14, Thaumium Reinforced Wing
EMT:EMTItems:15, Crystallized UU-Matter Drop
EMT:EMTBaubles:0, §2Armor Charging Ring
EMT:EMTBaubles:1, §2Inventory Charging Ring
EMT:BaseBaubles:0, §2The One Ring
EMT:itemArmorQuantumChestplate, ic2.EMT.quantum.name
EMT:ElectricGogglesRevealing, Electric Goggles of Revealing
EMT:NanosuitGogglesRevealing, Nanosuit Goggles of Revealing
EMT:QuantumGogglesRevealing, Quantum Goggles of Revealing
EMT:SolarHelmetRevealing, Solar Goggles of Revealing
EMT:ElectricBootsTraveller, Electric Boots of the Traveller
EMT:NanoBootsTraveller, Nanosuit Boots of the Traveller
EMT:QuantumBootsTraveller, Quantum Boots of the Traveller
EMT:ElectricScribingTools, Electric Scribing Tools
EMT:FeatherWing, Feather Duct-Taped Wings
EMT:ThaumiumWing, Thaumium Reinforced Wings
EMT:NanosuitWing, Nanosuit Wings
EMT:QuantumWing, Quantum Wings
EMT:Mjolnir, Mjolnir
EMT:TaintedMjolnir, Broken Relic of Mjolnir
EMT:SuperchargedMjolnir, Supercharged Mjolnir
EMT:ThaumiumDrill, Thaumium Drill
EMT:DiamondChainsaw, Diamond Chainsaw
EMT:ThaumiumChainsaw, Thaumium Chainsaw
EMT:Omnitool, Iron Omnitool
EMT:Diamond Omnitool, Diamond Omnitool
EMT:ThaumiumOmnitool, Thaumium Omnitool
EMT:ChainsawStream, Chainsaw of the Stream
EMT:DrillRockbreaker, Drill of the Rockbreaker
EMT:ElectricHoeGrowth, Electric Hoe of Growth
EMT:ExplosionFocus, Wand Focus: Explosion
EMT:ChristmasFocus, Wand Focus: Kris-tmas
EMT:ShieldFocus, Wand Focus: Shield
EMT:ChargingFocus, Wand Focus: Charging
EMT:WandChargingFocus, Wand Focus: Wand Charging
EMT:EnergyBallFocus, Energy Ball Focus
eplus:item.tableUpgrade, Table Upgrade
Enchiridion:items:1, Book Binder
Enchiridion2:book:0, Create New Book
Enchiridion2:book:0, Introduction Book
EnderZoo:enderZooIcon, item.enderZooIcon.name
EnderZoo:itemSpawnEggEnderZoo:0, Spawn Enderminy
EnderZoo:itemSpawnEggEnderZoo:1, Spawn Concussion Creeper
EnderZoo:itemSpawnEggEnderZoo:2, Spawn Fallen Knight
EnderZoo:itemSpawnEggEnderZoo:3, Spawn Fallen Steed
EnderZoo:itemSpawnEggEnderZoo:4, Spawn Wither Witch
EnderZoo:itemSpawnEggEnderZoo:5, Spawn Wither Cat
EnderZoo:itemSpawnEggEnderZoo:6, Spawn Dire Wolf
EnderZoo:witheringDust, Withering Dust
EnderZoo:confusingDust, Confusing Powder
EnderZoo:enderFragment, Ender Fragment
EnderZoo:guardiansBow, Guardians Bow
ewysworkshop:WorkshopTableUpgrade:0, Blank Upgrade
ewysworkshop:WorkshopTableUpgrade:1, Auto Crafter Upgrade
ewysworkshop:WorkshopTableUpgrade:2, Storage Upgrade
ewysworkshop:WorkshopTableUpgrade:3, Charger Upgrade
ewysworkshop:WorkshopTableUpgrade:4, Speed Upgrade
ewysworkshop:WorkshopTableUpgrade:5, Queueing Upgrade
ewysworkshop:WorkshopTableUpgrade:6, Efficiency Upgrade
ewysworkshop:WorkshopTableUpgrade:7, Lava Power Upgrade
ewysworkshop:WorkshopTableUpgrade:8, RF Acceptor Upgrade
ewysworkshop:WorkshopTableUpgrade:9, Solar Power Upgrade
ewysworkshop:WorkshopTableUpgrade:10, Auto Transfer Upgrade
ewysworkshop:WorkshopTableUpgrade:11, Filter Upgrade
ewysworkshop:WorkshopTableUpgrade:12, Transfer Capacity Upgrade
extracells:part.base:0, ME Fluid Export Bus
extracells:part.base:1, ME Fluid Import Bus
extracells:part.base:2, ME Fluid Storage Bus
extracells:part.base:3, ME Fluid Terminal
extracells:part.base:4, ME Fluid Level Emitter
extracells:part.base:5, ME Fluid Annihilation Plane
extracells:part.base:6, ME Fluid Formation Plane
extracells:part.base:7, ME Drive Fixture
extracells:part.base:8, ME Energy Cell Fixture
extracells:part.base:9, ME Fluid Interface
extracells:part.base:10, ME Fluid Storage Monitor
extracells:part.base:11, ME Fluid Conversion Monitor
extracells:part.base:12, ME Ore Dictionary Export Bus
extracells:part.base:13, ME Gas Import Bus
extracells:part.base:14, ME Gas Export Bus
extracells:part.base:15, ME Gas Terminal
extracells:part.base:16, ME Gas Storage Bus
extracells:part.base:17, ME Gas Level Emitter
extracells:part.base:18, ME Gas Storage Monitor
extracells:part.base:19, ME Gas Conversion Monitor
extracells:storage.fluid:0, ME 1k Fluid Storage
extracells:storage.fluid:1, ME 4k Fluid Storage
extracells:storage.fluid:2, ME 16k Fluid Storage
extracells:storage.fluid:3, ME 64k Fluid Storage
extracells:storage.fluid:4, ME 256k Fluid Storage
extracells:storage.fluid:5, ME 1024k Fluid Storage
extracells:storage.fluid:6, ME 4096k Fluid Storage
extracells:storage.physical:0, ME 256k Storage
extracells:storage.physical:1, ME 1024k Storage
extracells:storage.physical:2, ME 4096k Storage
extracells:storage.physical:3, ME 16384k Storage
extracells:storage.physical:4, ME Block Container - Empty
extracells:storage.physical:4, ME Block Container - Empty
extracells:storage.gas:0, ME 1k Gas Storage
extracells:storage.gas:1, ME 4k Gas Storage
extracells:storage.gas:2, ME 16k Gas Storage
extracells:storage.gas:3, ME 64k Gas Storage
extracells:storage.gas:4, ME 256k Gas Storage
extracells:storage.gas:5, ME 1024k Gas Storage
extracells:storage.gas:6, ME 4096k Gas Storage
extracells:pattern.fluid, item.extracells.pattern.fluid.name
extracells:terminal.fluid.wireless, item.extracells.terminal.fluid.wireless.name
extracells:storage.component:0, 256k ME Storage Component
extracells:storage.component:1, 1024k ME Storage Component
extracells:storage.component:2, 4096k ME Storage Component
extracells:storage.component:3, 16384k ME Storage Component
extracells:storage.component:4, 1k ME Fluid Storage Component
extracells:storage.component:5, 4k ME Fluid Storage Component
extracells:storage.component:6, 16k ME Fluid Storage Component
extracells:storage.component:7, 64k ME Fluid Storage Component
extracells:storage.component:8, 256k ME Fluid Storage Component
extracells:storage.component:9, 1024k ME Fluid Storage Component
extracells:storage.component:10, 4096k ME Fluid Storage Component
extracells:storage.component:11, 1k ME Gas Storage Component
extracells:storage.component:12, 4k ME Gas Storage Component
extracells:storage.component:13, 16k ME Gas Storage Component
extracells:storage.component:14, 64k ME Gas Storage Component
extracells:storage.component:15, 256k ME Gas Storage Component
extracells:storage.component:16, 1024k ME Gas Storage Component
extracells:storage.component:17, 4096k ME Gas Storage Component
extracells:storage.casing:0, Advanced Storage Housing
extracells:storage.casing:1, Fluid Storage Housing
extracells:storage.casing:2, Gas Storage Housing
extracells:fluid.item, item.extracells.fluid.item.name
extracells:storage.fluid.portable, item.extracells.storage.fluid.portable.name
extracells:storage.gas.portable, item.extracells.storage.gas.portable.name
extracells:pattern.crafting, item.extracells.pattern.crafting.name
extracells:terminal.universal.wireless, item.extracells.terminal.universal.wireless.name
extracells:terminal.gas.wireless, item.extracells.terminal.gas.wireless.name
extracells:oc.upgrade, ME Upgrade
ProjectE:item.pe_philosophers_stone, Philosopher's Stone
ProjectE:item.pe_alchemical_bag:0, Alchemical Bag (White)
ProjectE:item.pe_alchemical_bag:1, Alchemical Bag (Orange)
ProjectE:item.pe_alchemical_bag:2, Alchemical Bag (Magenta)
ProjectE:item.pe_alchemical_bag:3, Alchemical Bag (Light Blue)
ProjectE:item.pe_alchemical_bag:4, Alchemical Bag (Yellow)
ProjectE:item.pe_alchemical_bag:5, Alchemical Bag (Lime)
ProjectE:item.pe_alchemical_bag:6, Alchemical Bag (Pink)
ProjectE:item.pe_alchemical_bag:7, Alchemical Bag (Gray)
ProjectE:item.pe_alchemical_bag:8, Alchemical Bag (Light Gray)
ProjectE:item.pe_alchemical_bag:9, Alchemical Bag (Cyan)
ProjectE:item.pe_alchemical_bag:10, Alchemical Bag (Purple)
ProjectE:item.pe_alchemical_bag:11, Alchemical Bag (Blue)
ProjectE:item.pe_alchemical_bag:12, Alchemical Bag (Brown)
ProjectE:item.pe_alchemical_bag:13, Alchemical Bag (Green)
ProjectE:item.pe_alchemical_bag:14, Alchemical Bag (Red)
ProjectE:item.pe_alchemical_bag:15, Alchemical Bag (Black)
ProjectE:item.pe_repair_talisman, Repair Talisman
ProjectE:item.pe_klein_star:0, Klein Star Ein
ProjectE:item.pe_klein_star:1, Klein Star Zwei
ProjectE:item.pe_klein_star:2, Klein Star Drei
ProjectE:item.pe_klein_star:3, Klein Star Vier
ProjectE:item.pe_klein_star:4, Klein Star Sphere
ProjectE:item.pe_klein_star:5, Klein Star Omega
ProjectE:item.pe_fuel:0, Alchemical Coal
ProjectE:item.pe_fuel:1, Mobius Fuel
ProjectE:item.pe_fuel:2, Aeternalis Fuel
ProjectE:item.pe_covalence_dust:0, Low Covalence Dust
ProjectE:item.pe_covalence_dust:1, Medium Covalence Dust
ProjectE:item.pe_covalence_dust:2, High Covalence Dust
ProjectE:item.pe_matter:0, Dark Matter
ProjectE:item.pe_matter:1, Red Matter
ProjectE:item.pe_dm_pick, Dark Matter Pickaxe
ProjectE:item.pe_dm_axe, Dark Matter Axe
ProjectE:item.pe_dm_shovel, Dark Matter Shovel
ProjectE:item.pe_dm_sword, Dark Matter Sword
ProjectE:item.pe_dm_hoe, Dark Matter Hoe
ProjectE:item.pe_dm_shears, Dark Matter Shears
ProjectE:item.pe_dm_hammer, Dark Matter Hammer
ProjectE:item.pe_rm_pick, Red Matter Pickaxe
ProjectE:item.pe_rm_axe, Red Matter Axe
ProjectE:item.pe_rm_shovel, Red Matter Shovel
ProjectE:item.pe_rm_sword, Red Matter Sword
ProjectE:item.pe_rm_hoe, Red Matter Hoe
ProjectE:item.pe_rm_shears, Red Matter Shears
ProjectE:item.pe_rm_hammer, Red Matter Hammer
ProjectE:item.pe_rm_katar, Red Katar
ProjectE:item.pe_rm_morning_star, Red Morningstar
ProjectE:item.pe_dm_armor_0, Dark Matter Helmet
ProjectE:item.pe_dm_armor_1, Dark Matter Chestplate
ProjectE:item.pe_dm_armor_2, Dark Matter Leggings
ProjectE:item.pe_dm_armor_3, Dark Matter Boots
ProjectE:item.pe_rm_armor_0, Red Matter Helmet
ProjectE:item.pe_rm_armor_1, Red Matter Chestplate
ProjectE:item.pe_rm_armor_2, Red Matter Leggings
ProjectE:item.pe_rm_armor_3, Red Matter Boots
ProjectE:item.pe_gem_armor_0, Gem Helmet
ProjectE:item.pe_gem_armor_1, Gem Chestplate
ProjectE:item.pe_gem_armor_2, Gem Leggings
ProjectE:item.pe_gem_armor_3, Gem Boots
ProjectE:item.pe_ring_iron_band, Iron Band
ProjectE:item.pe_black_hole:0, Black Hole Band
ProjectE:item.pe_archangel_smite:0, Archangel's Smite
ProjectE:item.pe_harvest_god:0, Harvest Goddess Band
ProjectE:item.pe_ignition:0, Ignition Ring
ProjectE:item.pe_zero_ring, Zero Ring
ProjectE:item.pe_swrg, Swiftwolf's Rending Gale
ProjectE:item.pe_time_watch, Watch of Flowing Time
ProjectE:item.pe_gem_density, Gem of Eternal Density
ProjectE:item.pe_divining_rod_1, Divining Rod (low)
ProjectE:item.pe_divining_rod_2, Divining Rod (medium)
ProjectE:item.pe_divining_rod_3, Divining Rod (high)
ProjectE:item.pe_mercurial_eye, Mercurial Eye
ProjectE:item.pe_void_ring, Void Ring
ProjectE:item.pe_arcana_ring, Ring of Arcana
ProjectE:item.pe_body_stone:0, Body Stone
ProjectE:item.pe_soul_stone:0, Soul Stone
ProjectE:item.pe_mind_stone:0, Mind Stone
ProjectE:item.pe_life_stone:0, Life Stone
ProjectE:item.pe_evertide_amulet, Evertide Amulet
ProjectE:item.pe_volcanite_amulet, Volcanite Amulet
ProjectE:item.pe_water_orb, Water Orb
ProjectE:item.pe_lava_orb, Lava Orb
ProjectE:item.pe_loot_ball, Loot Ball
ProjectE:item.pe_randomizer, Randomizer Orb
ProjectE:item.pe_lens_explosive, Explosive Lens
ProjectE:item.pe_fire_projectile, item.pe_fire_projectile.name
ProjectE:item.pe_wind_projectile, item.pe_wind_projectile.name
ProjectE:item.pe_destruction_catalyst, Destruction Catalyst
ProjectE:item.pe_hyperkinetic_lens, Hyperkinetic Lens
ProjectE:item.pe_catalitic_lens, Catalytic Lens
ProjectE:item.pe_tome, Tome of Knowledge
ProjectE:item.pe_transmutation_tablet, Transmutation Tablet
ProjectE:item.pe_manual, Book of the Alchemist [WIP]
ExtraUtilities:glove, Glove
ExtraUtilities:heatingElement, Heating Coil
ExtraUtilities:mini-soul:0, Soul fragment
ExtraUtilities:mini-soul:3, Soul fragment
ExtraUtilities:angelRing:0, Angel Ring
ExtraUtilities:angelRing:1, Angel Ring
ExtraUtilities:angelRing:2, Angel Ring
ExtraUtilities:angelRing:3, Angel Ring
ExtraUtilities:angelRing:4, Angel Ring
ExtraUtilities:paintbrush:0, Paintbrush
ExtraUtilities:nodeUpgrade:0, Speed Upgrade
ExtraUtilities:nodeUpgrade:1, Item Filter
ExtraUtilities:nodeUpgrade:2, World Interaction Upgrade
ExtraUtilities:nodeUpgrade:3, Stack Upgrade
ExtraUtilities:nodeUpgrade:4, Creative Upgrade
ExtraUtilities:nodeUpgrade:5, Ender Transmitter
ExtraUtilities:nodeUpgrade:6, Ender Receiver
ExtraUtilities:nodeUpgrade:7, Depth-First Search Upgrade
ExtraUtilities:nodeUpgrade:8, Breadth-First Search Upgrade
ExtraUtilities:nodeUpgrade:9, Pseudo Round Robin Upgrade
ExtraUtilities:nodeUpgrade:10, Advanced Item Filter
ExtraUtilities:lawSword, Kikoku
ExtraUtilities:golden_lasso:0, Golden Lasso
ExtraUtilities:divisionSigil, Division Sigil
ExtraUtilities:unstableingot:0, Unstable Ingot
ExtraUtilities:unstableingot:1, Semi-stable Nugget
ExtraUtilities:unstableingot:2, Mobius "Unstable/Stable" Ingot
ExtraUtilities:builderswand, Builder's Wand
ExtraUtilities:shears, Precision Shears
ExtraUtilities:creativebuilderswand, Super Builder's Wand
ExtraUtilities:ethericsword, Etheric Sword
ExtraUtilities:erosionShovel, Erosion Shovel
ExtraUtilities:destructionpickaxe, Destruction Pickaxe
ExtraUtilities:defoliageAxe, Healing Axe
ExtraUtilities:temporalHoe, Reversing Hoe
ExtraUtilities:sonar_goggles, Sonar Goggles
ExtraUtilities:watering_can, Watering Can
ExtraUtilities:scanner, Portable Scanner
ExtraUtilities:golden_bag, Golden Bag of Holding
ExtraUtilities:bedrockiumIngot, Bedrockium Ingot
harvestcraft:cuttingboardItem, Cutting Board
harvestcraft:potItem, Pot
harvestcraft:skilletItem, Skillet
harvestcraft:saucepanItem, Saucepan
harvestcraft:bakewareItem, Bakeware
harvestcraft:mortarandpestleItem, Mortar and Pestle
harvestcraft:mixingbowlItem, Mixing Bowl
harvestcraft:juicerItem, Juicer
harvestcraft:queenbeeItem, Queen Bee
harvestcraft:waxcombItem, Waxcomb
harvestcraft:honeycombItem, Honeycomb
harvestcraft:beeswaxItem, Beeswax
harvestcraft:honeyItem, Honey
harvestcraft:grubItem, Bee Grub
harvestcraft:royaljellyItem, Royal Jelly
harvestcraft:saltItem, Salt
harvestcraft:waxItem, Wax
harvestcraft:wovencottonItem, Woven Cotton
harvestcraft:hardenedleatherItem, Hardened Leather
harvestcraft:grainbaitItem, Grain Bait
harvestcraft:veggiebaitItem, Veggie Bait
harvestcraft:fruitbaitItem, Fruit Bait
harvestcraft:fishtrapbaitItem, Fish Trap Bait
harvestcraft:hardenedleatherhelmItem, Hardened Leather Helm
harvestcraft:hardenedleatherchestItem, Hardened Leather Chest
harvestcraft:hardenedleatherleggingsItem, Hardened Leather Leggings
harvestcraft:hardenedleatherbootsItem, Hardened Leather Boots
harvestcraft:muttonrawItem, Raw Mutton
harvestcraft:muttoncookedItem, Cooked Mutton
harvestcraft:calamarirawItem, Raw Calamari
harvestcraft:calamaricookedItem, Cooked Calamari
harvestcraft:sunflowerseedsItem, Sunflower Seeds
harvestcraft:freshwaterItem, Fresh Water
harvestcraft:freshmilkItem, Fresh Milk
harvestcraft:blackberryItem, Blackberry
harvestcraft:blueberryItem, Blueberry
harvestcraft:candleberryItem, Candleberry
harvestcraft:raspberryItem, Raspberry
harvestcraft:strawberryItem, Strawberry
harvestcraft:grapeItem, Grape
harvestcraft:cactusfruitItem, Cactus Fruit
harvestcraft:asparagusItem, Asparagus
harvestcraft:barleyItem, Barley
harvestcraft:oatsItem, Oats
harvestcraft:ryeItem, Rye
harvestcraft:cornItem, Corn
harvestcraft:bambooshootItem, Bamboo Shoot
harvestcraft:cantaloupeItem, Cantaloupe
harvestcraft:cucumberItem, Cucumber
harvestcraft:wintersquashItem, Winter Squash
harvestcraft:zucchiniItem, Zucchini
harvestcraft:beetItem, Beet
harvestcraft:onionItem, Onion
harvestcraft:parsnipItem, Parsnip
harvestcraft:peanutItem, Peanut
harvestcraft:radishItem, Radish
harvestcraft:rutabagaItem, Rutabaga
harvestcraft:sweetpotatoItem, Sweet Potato
harvestcraft:turnipItem, Turnip
harvestcraft:rhubarbItem, Rhubarb
harvestcraft:celeryItem, Celery
harvestcraft:garlicItem, Garlic
harvestcraft:gingerItem, Ginger
harvestcraft:spiceleafItem, Spice Leaf
harvestcraft:ediblerootItem, Edible Root
harvestcraft:tealeafItem, Tea Leaf
harvestcraft:coffeebeanItem, Coffee Beans
harvestcraft:mustardseedsItem, Mustard Seeds
harvestcraft:broccoliItem, Broccoli
harvestcraft:cauliflowerItem, Cauliflower
harvestcraft:leekItem, Leek
harvestcraft:lettuceItem, Lettuce
harvestcraft:scallionItem, Scallion
harvestcraft:artichokeItem, Artichoke
harvestcraft:brusselsproutItem, Brussel Sprout
harvestcraft:cabbageItem, Cabbage
harvestcraft:spinachItem, Spinach
harvestcraft:whitemushroomItem, White Mushroom
harvestcraft:beanItem, Beans
harvestcraft:soybeanItem, Soybean
harvestcraft:bellpepperItem, Bellpepper
harvestcraft:chilipepperItem, Chili Pepper
harvestcraft:eggplantItem, Eggplant
harvestcraft:okraItem, Okra
harvestcraft:peasItem, Peas
harvestcraft:tomatoItem, Tomato
harvestcraft:cottonItem, Cotton
harvestcraft:pineappleItem, Pineapple
harvestcraft:kiwiItem, Kiwi
harvestcraft:sesameseedsItem, Sesame Seeds
harvestcraft:curryleafItem, Curry Leaf
harvestcraft:cranberryItem, Cranberry
harvestcraft:riceItem, Rice
harvestcraft:seaweedItem, Seaweed
harvestcraft:waterchestnutItem, Water Chestnut
harvestcraft:blackberryseedItem, Blackberry Seed
harvestcraft:blueberryseedItem, Blueberry Seed
harvestcraft:candleberryseedItem, Candleberry Seed
harvestcraft:raspberryseedItem, Raspberry Seed
harvestcraft:strawberryseedItem, Strawberry Seed
harvestcraft:grapeseedItem, Grape Seed
harvestcraft:cactusfruitseedItem, Cactus Fruit Seed
harvestcraft:asparagusseedItem, Asparagus Seed
harvestcraft:barleyseedItem, Barley Seed
harvestcraft:oatsseedItem, Oats Seed
harvestcraft:ryeseedItem, Rye Seed
harvestcraft:cornseedItem, Corn Seed
harvestcraft:bambooshootseedItem, Bamboo Shoot Seed
harvestcraft:cantaloupeseedItem, Cantaloupe Seed
harvestcraft:cucumberseedItem, Cucumber Seed
harvestcraft:wintersquashseedItem, Winter Squash Seed
harvestcraft:zucchiniseedItem, Zucchini Seed
harvestcraft:beetseedItem, Beet Seed
harvestcraft:onionseedItem, Onion Seed
harvestcraft:parsnipseedItem, Parsnip Seed
harvestcraft:peanutseedItem, Peanut Seed
harvestcraft:radishseedItem, Radish Seed
harvestcraft:rutabagaseedItem, Rutabaga Seed
harvestcraft:sweetpotatoseedItem, Sweet Potato Seed
harvestcraft:turnipseedItem, Turnip Seed
harvestcraft:rhubarbseedItem, Rhubarb Seed
harvestcraft:celeryseedItem, Celery Seed
harvestcraft:garlicseedItem, Garlic Seed
harvestcraft:gingerseedItem, Ginger Seed
harvestcraft:spiceleafseedItem, Spice Leaf Seed
harvestcraft:teaseedItem, Tea Seed
harvestcraft:coffeeseedItem, Coffee Seed
harvestcraft:mustardseedItem, Mustard Seed
harvestcraft:broccoliseedItem, Broccoli Seed
harvestcraft:cauliflowerseedItem, Cauliflower Seed
harvestcraft:leekseedItem, Leek Seed
harvestcraft:lettuceseedItem, Lettuce Seed
harvestcraft:scallionseedItem, Scallion Seed
harvestcraft:artichokeseedItem, Artichoke Seed
harvestcraft:brusselsproutseedItem, Brussel Sprout Seed
harvestcraft:cabbageseedItem, Cabbage Seed
harvestcraft:spinachseedItem, Spinach Seed
harvestcraft:whitemushroomseedItem, White Mushroom Spore
harvestcraft:beanseedItem, Bean Seed
harvestcraft:soybeanseedItem, Soybean Seed
harvestcraft:bellpepperseedItem, Bellpepper Seed
harvestcraft:chilipepperseedItem, Chili Pepper Seed
harvestcraft:eggplantseedItem, Eggplant Seed
harvestcraft:okraseedItem, Okra Seed
harvestcraft:peasseedItem, Peas Seed
harvestcraft:tomatoseedItem, Tomato Seed
harvestcraft:cottonseedItem, Cotton Seed
harvestcraft:pineappleseedItem, Pineapple Seed
harvestcraft:curryleafseedItem, Curry Leaf Seed
harvestcraft:sesameseedsseedItem, Sesame Seeds Seed
harvestcraft:kiwiseedItem, Kiwi Seed
harvestcraft:cranberryseedItem, Cranberry Seed
harvestcraft:riceseedItem, Rice Seed
harvestcraft:seaweedseedItem, Seaweed Seed
harvestcraft:waterchestnutseedItem, Water Chestnut Seed
harvestcraft:almondItem, Almond
harvestcraft:apricotItem, Apricot
harvestcraft:avocadoItem, Avocado
harvestcraft:bananaItem, Banana
harvestcraft:cashewItem, Cashew
harvestcraft:cherryItem, Cherry
harvestcraft:chestnutItem, Chestnut
harvestcraft:cinnamonItem, Cinnamon
harvestcraft:coconutItem, Coconut
harvestcraft:dateItem, Date
harvestcraft:dragonfruitItem, Dragonfruit
harvestcraft:durianItem, Durian
harvestcraft:figItem, Fig
harvestcraft:grapefruitItem, Grapefruit
harvestcraft:lemonItem, Lemon
harvestcraft:limeItem, Lime
harvestcraft:maplesyrupItem, Maple Syrup
harvestcraft:mangoItem, Mango
harvestcraft:nutmegItem, Nutmeg
harvestcraft:oliveItem, Olive
harvestcraft:orangeItem, Orange
harvestcraft:papayaItem, Papaya
harvestcraft:peachItem, Peach
harvestcraft:pearItem, Pear
harvestcraft:pecanItem, Pecan
harvestcraft:peppercornItem, Peppercorn
harvestcraft:persimmonItem, Persimmon
harvestcraft:pistachioItem, Pistachio
harvestcraft:plumItem, Plum
harvestcraft:pomegranateItem, Pomegranate
harvestcraft:starfruitItem, Starfruit
harvestcraft:vanillabeanItem, Vanilla Bean
harvestcraft:walnutItem, Walnut
harvestcraft:gooseberryItem, Gooseberry
harvestcraft:grilledasparagusItem, Grilled Asparagus
harvestcraft:bakedsweetpotatoItem, Baked Sweet Potato
harvestcraft:teaItem, Cup of Tea
harvestcraft:coffeeItem, Cup of Coffee
harvestcraft:popcornItem, Popcorn
harvestcraft:grilledeggplantItem, Grilled Eggplant
harvestcraft:raisinsItem, Raisins
harvestcraft:ricecakeItem, Rice Cake
harvestcraft:toastedcoconutItem, Toasted Coconut
harvestcraft:vanillaItem, Vanilla
harvestcraft:toastedsesameseedsItem, Toasted Sesame Seeds
harvestcraft:flourItem, Flour
harvestcraft:doughItem, Dough
harvestcraft:toastItem, Toast
harvestcraft:pastaItem, Pasta
harvestcraft:heavycreamItem, Heavy Cream
harvestcraft:butterItem, Butter
harvestcraft:cheeseItem, Cheese
harvestcraft:icecreamItem, Ice Cream
harvestcraft:grilledcheeseItem, Grilled Cheese
harvestcraft:applejuiceItem, Apple Juice
harvestcraft:applesauceItem, Apple Sauce
harvestcraft:applepieItem, Apple Pie
harvestcraft:caramelappleItem, Caramel Apple
harvestcraft:pumpkinbreadItem, Pumpkin Bread
harvestcraft:roastedpumpkinseedsItem, Roasted Pumpkin Seeds
harvestcraft:pumpkinsoupItem, Pumpkin Soup
harvestcraft:melonjuiceItem, Melon Juice
harvestcraft:melonsmoothieItem, Melon Smoothie
harvestcraft:carrotjuiceItem, Carrot Juice
harvestcraft:carrotcakeItem, Carrot Cake
harvestcraft:carrotsoupItem, Carrot Soup
harvestcraft:glazedcarrotsItem, Glazed Carrots
harvestcraft:butteredpotatoItem, Buttered Potato
harvestcraft:loadedbakedpotatoItem, Loaded Baked Potato
harvestcraft:mashedpotatoesItem, Mashed Potatoes
harvestcraft:potatosaladItem, Potato Salad
harvestcraft:potatosoupItem, Potato Soup
harvestcraft:friesItem, Fries
harvestcraft:grilledmushroomItem, Grilled Mushroom
harvestcraft:stuffedmushroomItem, Stuffed Mushroom
harvestcraft:chickensandwichItem, Chicken Sandwich
harvestcraft:chickennoodlesoupItem, Chicken Noodle Soup
harvestcraft:chickenpotpieItem, Chicken Pot Pie
harvestcraft:breadedporkchopItem, Breaded Porkchop
harvestcraft:hotdogItem, Hotdog
harvestcraft:bakedhamItem, Baked Ham
harvestcraft:hamburgerItem, Hamburger
harvestcraft:cheeseburgerItem, Cheeseburger
harvestcraft:baconcheeseburgerItem, Bacon Cheeseburger
harvestcraft:potroastItem, Pot Roast
harvestcraft:fishsandwichItem, Fish Sandwich
harvestcraft:fishsticksItem, Fish Sticks
harvestcraft:fishandchipsItem, Fish and Chips
harvestcraft:mayoItem, Mayo
harvestcraft:friedeggItem, Fried Egg
harvestcraft:scrambledeggItem, Scrambled Egg
harvestcraft:boiledeggItem, Boiled Egg
harvestcraft:eggsaladItem, Egg Salad
harvestcraft:caramelItem, Caramel
harvestcraft:taffyItem, Taffy
harvestcraft:spidereyesoupItem, Spider Eye Soup
harvestcraft:zombiejerkyItem, Zombie Jerky
harvestcraft:cocoapowderItem, Cocoa Powder
harvestcraft:chocolatebarItem, Chocolate Bar
harvestcraft:hotchocolateItem, Hot Chocolate
harvestcraft:chocolateicecreamItem, Chocolate Ice Cream
harvestcraft:vegetablesoupItem, Vegetable Soup
harvestcraft:stockItem, Stock
harvestcraft:fruitsaladItem, Fruit Salad
harvestcraft:spagettiItem, Spagetti
harvestcraft:spagettiandmeatballsItem, Spagetti and Meatballs
harvestcraft:tomatosoupItem, Tomato Soup
harvestcraft:ketchupItem, Ketchup
harvestcraft:chickenparmasanItem, Chicken Parmasan
harvestcraft:pizzaItem, Pizza
harvestcraft:springsaladItem, Spring Salad
harvestcraft:porklettucewrapItem, Pork Lettuce Wrap
harvestcraft:fishlettucewrapItem, Fish Lettuce Wrap
harvestcraft:bltItem, BLT
harvestcraft:leafychickensandwichItem, Leafy Chicken Sandwich
harvestcraft:leafyfishsandwichItem, Leafy Fish Sandwich
harvestcraft:deluxecheeseburgerItem, Deluxe Cheeseburger
harvestcraft:delightedmealItem, Delighted Meal
harvestcraft:onionsoupItem, Onion Soup
harvestcraft:potatocakesItem, Potato Cakes
harvestcraft:hashItem, Hash
harvestcraft:braisedonionsItem, Braised Onions
harvestcraft:heartybreakfastItem, Hearty Breakfast
harvestcraft:cornonthecobItem, Corn on the Cob
harvestcraft:cornmealItem, Cornmeal
harvestcraft:cornbreadItem, Cornbread
harvestcraft:tortillaItem, Tortilla
harvestcraft:nachoesItem, Nachoes
harvestcraft:tacoItem, Taco
harvestcraft:fishtacoItem, Fish Taco
harvestcraft:creamedcornItem, Creamed Corn
harvestcraft:strawberrysmoothieItem, Strawberry Smoothie
harvestcraft:strawberrypieItem, Strawberry Pie
harvestcraft:strawberrysaladItem, Strawberry Salad
harvestcraft:strawberryjuiceItem, Strawberry Juice
harvestcraft:chocolatestrawberryItem, Chocolate Strawberry
harvestcraft:peanutbutterItem, Peanut Butter
harvestcraft:trailmixItem, Trail Mix
harvestcraft:pbandjItem, PB&J
harvestcraft:peanutbuttercookiesItem, Peanut Butter Cookies
harvestcraft:grapejuiceItem, Grape Juice
harvestcraft:vinegarItem, Vinegar
harvestcraft:grapejellyItem, Grape Jelly
harvestcraft:grapesaladItem, Grape Salad
harvestcraft:raisincookiesItem, Raisin Cookies
harvestcraft:picklesItem, Pickles
harvestcraft:cucumbersaladItem, Cucumber Salad
harvestcraft:cucumbersoupItem, Cucumber Soup
harvestcraft:vegetarianlettucewrapItem, Vegetarian Lettuce Wrap
harvestcraft:marinatedcucumbersItem, Marinated Cucumbers
harvestcraft:ricesoupItem, Rice Soup
harvestcraft:friedriceItem, Fried Rice
harvestcraft:mushroomrisottoItem, Mushroom Risotto
harvestcraft:curryItem, Curry Rice
harvestcraft:rainbowcurryItem, Rainbow Curry
harvestcraft:refriedbeansItem, Refried Beans
harvestcraft:bakedbeansItem, Baked Beans
harvestcraft:beansandriceItem, Beans and Rice
harvestcraft:chiliItem, Chili
harvestcraft:beanburritoItem, Bean Burrito
harvestcraft:stuffedpepperItem, Stuffed Pepper
harvestcraft:veggiestirfryItem, Veggie Stirfry
harvestcraft:grilledskewersItem, Grilled Skewer
harvestcraft:supremepizzaItem, Supreme Pizza
harvestcraft:omeletItem, Omelet
harvestcraft:hotwingsItem, Hot Wings
harvestcraft:chilipoppersItem, Chili Poppers
harvestcraft:extremechiliItem, Extreme Chili
harvestcraft:chilichocolateItem, Chili Chocolate
harvestcraft:lemonaideItem, Lemonade
harvestcraft:lemonbarItem, Lemon Bar
harvestcraft:fishdinnerItem, Fish Dinner
harvestcraft:lemonsmoothieItem, Lemon Smoothie
harvestcraft:lemonmeringueItem, Lemon Meringue
harvestcraft:candiedlemonItem, Candied Lemon
harvestcraft:lemonchickenItem, Lemon Chicken
harvestcraft:blueberrysmoothieItem, Blueberry Smoothie
harvestcraft:blueberrypieItem, Blueberry Pie
harvestcraft:blueberrymuffinItem, Blueberry Muffin
harvestcraft:blueberryjuiceItem, Blueberry Juice
harvestcraft:pancakesItem, Pancakes
harvestcraft:blueberrypancakesItem, Blueberry Pancakes
harvestcraft:cherryjuiceItem, Cherry Juice
harvestcraft:cherrypieItem, Cherry Pie
harvestcraft:chocolatecherryItem, Chocolate Cherry
harvestcraft:cherrysmoothieItem, Cherry Smoothie
harvestcraft:cheesecakeItem, Cheesecake
harvestcraft:cherrycheesecakeItem, Cherry Cheesecake
harvestcraft:stuffedeggplantItem, Stuffed Eggplant
harvestcraft:eggplantparmItem, Eggplant Parm
harvestcraft:raspberryicedteaItem, Raspberry Iced Tea
harvestcraft:chaiteaItem, Chai Tea
harvestcraft:espressoItem, Espresso
harvestcraft:coffeeconlecheItem, Coffee con Leche
harvestcraft:mochaicecreamItem, Mocha Ice Cream
harvestcraft:pickledbeetsItem, Pickled Beets
harvestcraft:beetsaladItem, Beet Salad
harvestcraft:beetsoupItem, Beet Soup
harvestcraft:bakedbeetsItem, Baked Beets
harvestcraft:broccolimacItem, Broccoli Mac
harvestcraft:broccolindipItem, Broccoli n Dip
harvestcraft:creamedbroccolisoupItem, Creamed Broccoli Soup
harvestcraft:sweetpotatopieItem, Sweet Potato Pie
harvestcraft:candiedsweetpotatoesItem, Candied Sweet Potatoes
harvestcraft:mashedsweetpotatoesItem, Mashed Sweet Potatoes
harvestcraft:steamedpeasItem, Steamed Peas
harvestcraft:splitpeasoupItem, Split Pea Soup
harvestcraft:pineappleupsidedowncakeItem, Pineapple Upsidedown Cake
harvestcraft:pineapplehamItem, Pineapple Ham
harvestcraft:pineappleyogurtItem, Pineapple Yogurt
harvestcraft:turnipsoupItem, Turnip Soup
harvestcraft:roastedrootveggiemedleyItem, Roasted Root Veggie Medley
harvestcraft:bakedturnipsItem, Baked Turnips
harvestcraft:gingerbreadItem, Ginger Bread
harvestcraft:gingersnapsItem, Ginger Snaps
harvestcraft:candiedgingerItem, Candied Ginger
harvestcraft:mustardItem, Mustard
harvestcraft:softpretzelandmustardItem, Soft Pretzel and Mustard
harvestcraft:spicymustardporkItem, Spicy Mustard Pork
harvestcraft:spicygreensItem, Spicy Greens
harvestcraft:garlicbreadItem, Garlic Bread
harvestcraft:garlicmashedpotatoesItem, Garlic Mashed Potatoes
harvestcraft:garlicchickenItem, Garlic Chicken
harvestcraft:summerradishsaladItem, Summer Radish Salad
harvestcraft:summersquashwithradishItem, Summer Squash with Radish
harvestcraft:celeryandpeanutbutterItem, Celery and Peanut Butter
harvestcraft:chickencelerycasseroleItem, Chicken Celery Casserole
harvestcraft:peasandceleryItem, Peas and Celery
harvestcraft:celerysoupItem, Celery Soup
harvestcraft:zucchinibreadItem, Zucchini Bread
harvestcraft:zucchinifriesItem, Zucchini Fries
harvestcraft:zestyzucchiniItem, Zesty Zucchini
harvestcraft:zucchinibakeItem, Zucchini Bake
harvestcraft:asparagusquicheItem, Asparagus Quiche
harvestcraft:asparagussoupItem, Asparagus Soup
harvestcraft:walnutraisinbreadItem, Walnut Raisin Bread
harvestcraft:candiedwalnutsItem, Candied Walnuts
harvestcraft:brownieItem, Brownie
harvestcraft:papayajuiceItem, Papaya Juice
harvestcraft:papayasmoothieItem, Papaya Smoothie
harvestcraft:papayayogurtItem, Papaya Yogurt
harvestcraft:starfruitjuiceItem, Starfruit Juice
harvestcraft:starfruitsmoothieItem, Starfruit Smoothie
harvestcraft:starfruityogurtItem, Starfruit Yogurt
harvestcraft:guacamoleItem, Guacamole
harvestcraft:creamofavocadosoupItem, Cream of Avocado Soup
harvestcraft:avocadoburritoItem, Avocado Burrito
harvestcraft:poachedpearItem, Poached Pear
harvestcraft:fruitcrumbleItem, Fruit Crumble
harvestcraft:pearyogurtItem, Pear Yogurt
harvestcraft:plumyogurtItem, Plum Yogurt
harvestcraft:bananasplitItem, Banana Split
harvestcraft:banananutbreadItem, Banana Nut Bread
harvestcraft:bananasmoothieItem, Banana Smoothie
harvestcraft:bananayogurtItem, Banana Yogurt
harvestcraft:coconutmilkItem, Coconut Milk
harvestcraft:chickencurryItem, Chicken Curry
harvestcraft:coconutshrimpItem, Coconut Shrimp
harvestcraft:coconutyogurtItem, Coconut Yogurt
harvestcraft:orangejuiceItem, Orange Juice
harvestcraft:orangechickenItem, Orange Chicken
harvestcraft:orangesmoothieItem, Orange Smoothie
harvestcraft:orangeyogurtItem, Orange Yogurt
harvestcraft:peachjuiceItem, Peach Juice
harvestcraft:peachcobblerItem, Peach Cobbler
harvestcraft:peachsmoothieItem, Peach Smoothie
harvestcraft:peachyogurtItem, Peach Yogurt
harvestcraft:limejuiceItem, Lime Juice
harvestcraft:keylimepieItem, Keylime Pie
harvestcraft:limesmoothieItem, Lime Smoothie
harvestcraft:limeyogurtItem, Lime Yogurt
harvestcraft:mangojuiceItem, Mango Juice
harvestcraft:mangosmoothieItem, Mango Smoothie
harvestcraft:mangoyogurtItem, Mango Yogurt
harvestcraft:pomegranatejuiceItem, Pomegranate Juice
harvestcraft:pomegranatesmoothieItem, Pomegranate Smoothie
harvestcraft:pomegranateyogurtItem, Pomegranate Yogurt
harvestcraft:vanillayogurtItem, Vanilla Yogurt
harvestcraft:cinnamonrollItem, Cinnamon Roll
harvestcraft:frenchtoastItem, French Toast
harvestcraft:marshmellowsItem, Marshmellows
harvestcraft:donutItem, Donut
harvestcraft:chocolatedonutItem, Chocolate Donut
harvestcraft:powdereddonutItem, Powdered Donut
harvestcraft:jellydonutItem, Jelly Donut
harvestcraft:frosteddonutItem, Frosted Donut
harvestcraft:cactussoupItem, Cactus Soup
harvestcraft:wafflesItem, Waffles
harvestcraft:seedsoupItem, Seed Soup
harvestcraft:softpretzelItem, Soft Pretzel
harvestcraft:jellybeansItem, Jellybeans
harvestcraft:biscuitItem, Biscuit
harvestcraft:creamcookieItem, Cream Cookie
harvestcraft:jaffaItem, Jaffa
harvestcraft:friedchickenItem, Fried Chicken
harvestcraft:chocolatesprinklecakeItem, Chocolate Spinkles Cake
harvestcraft:redvelvetcakeItem, Red Velvet Cake
harvestcraft:footlongItem, Footlong
harvestcraft:blueberryyogurtItem, Blueberry Yogurt
harvestcraft:lemonyogurtItem, Lemon Yogurt
harvestcraft:cherryyogurtItem, Cherry Yogurt
harvestcraft:strawberryyogurtItem, Strawberry Yogurt
harvestcraft:grapeyogurtItem, Grape Yogurt
harvestcraft:chocolateyogurtItem, Chocolate Yogurt
harvestcraft:blackberryjuiceItem, Blackberry Juice
harvestcraft:blackberrycobblerItem, Blackberry Cobbler
harvestcraft:blackberrysmoothieItem, Blackberry Smoothie
harvestcraft:blackberryyogurtItem, Blackberry Yogurt
harvestcraft:chocolatemilkItem, Chocolate Milk
harvestcraft:pumpkinyogurtItem, Pumpkin Yogurt
harvestcraft:raspberryjuiceItem, Raspberry Juice
harvestcraft:raspberrypieItem, Raspberry Pie
harvestcraft:raspberrysmoothieItem, Raspberry Smoothie
harvestcraft:raspberryyogurtItem, Raspberry Yogurt
harvestcraft:cinnamonsugardonutItem, Cinnamon Sugar Donut
harvestcraft:melonyogurtItem, Melon Yogurt
harvestcraft:kiwijuiceItem, Kiwi Juice
harvestcraft:kiwismoothieItem, Kiwi Smoothie
harvestcraft:kiwiyogurtItem, Kiwi Yogurt
harvestcraft:plainyogurtItem, Plain Yogurt
harvestcraft:appleyogurtItem, Apple Yogurt
harvestcraft:saltedsunflowerseedsItem, Salted Sunflower Seeds
harvestcraft:sunflowerwheatrollsItem, Sunflower Wheat Rolls
harvestcraft:sunflowerbroccolisaladItem, Sunflower Broccoli Salad
harvestcraft:cranberryjuiceItem, Cranberry Juice
harvestcraft:cranberrysauceItem, Cranberry Sauce
harvestcraft:cranberrybarItem, Cranberry Bar
harvestcraft:peppermintItem, Peppermint
harvestcraft:cactusfruitjuiceItem, Cactus Fruit Juice
harvestcraft:blackpepperItem, Black Pepper
harvestcraft:groundcinnamonItem, Ground Cinnamon
harvestcraft:groundnutmegItem, Ground Nutmeg
harvestcraft:oliveoilItem, Cooking Oil
harvestcraft:baklavaItem, Baklava
harvestcraft:gummybearsItem, Gummy Bears
harvestcraft:baconmushroomburgerItem, Bacon Mushroom Burger
harvestcraft:fruitpunchItem, Fruit Punch
harvestcraft:meatystewItem, Meaty Stew
harvestcraft:mixedsaladItem, Mixed Salad
harvestcraft:pinacoladaItem, Pinacolada
harvestcraft:saladdressingItem, Salad Dressing
harvestcraft:shepardspieItem, Shepherd's Pie
harvestcraft:eggnogItem, Egg Nog
harvestcraft:custardItem, Custard
harvestcraft:sushiItem, Sushi
harvestcraft:gardensoupItem, Garden Soup
harvestcraft:applejellyItem, Apple Jelly
harvestcraft:applejellysandwichItem, Apple Jelly Sandwich
harvestcraft:blackberryjellyItem, Blackberry Jelly
harvestcraft:blackberryjellysandwichItem, Blackberry Jelly Sandwich
harvestcraft:blueberryjellyItem, Blueberry Jelly
harvestcraft:blueberryjellysandwichItem, Blueberry Jelly Sandwich
harvestcraft:cherryjellyItem, Cherry Jelly
harvestcraft:cherryjellysandwichItem, Cherry Jelly Sandwich
harvestcraft:cranberryjellyItem, Cranberry Jelly
harvestcraft:cranberryjellysandwichItem, Cranberry Jelly Sandwich
harvestcraft:kiwijellyItem, Kiwi Jelly
harvestcraft:kiwijellysandwichItem, Kiwi Jelly Sandwich
harvestcraft:lemonjellyItem, Lemon Jelly
harvestcraft:lemonjellysandwichItem, Lemon Jelly Sandwich
harvestcraft:limejellyItem, Lime Jelly
harvestcraft:limejellysandwichItem, Lime Jelly Sandwich
harvestcraft:mangojellyItem, Mango Jelly
harvestcraft:mangojellysandwichItem, Mango Jelly Sandwich
harvestcraft:orangejellyItem, Orange Jelly
harvestcraft:orangejellysandwichItem, Orange Jelly Sandwich
harvestcraft:papayajellyItem, Papaya Jelly
harvestcraft:papayajellysandwichItem, Papaya Jelly Sandwich
harvestcraft:peachjellyItem, Peach Jelly
harvestcraft:peachjellysandwichItem, Peach Jelly Sandwich
harvestcraft:pomegranatejellyItem, Pomegranate Jelly
harvestcraft:pomegranatejellysandwichItem, Pomegranate Jelly Sandwich
harvestcraft:raspberryjellyItem, Raspberry Jelly
harvestcraft:raspberryjellysandwichItem, Raspberry Jelly Sandwich
harvestcraft:starfruitjellyItem, Starfruit Jelly
harvestcraft:starfruitjellysandwichItem, Starfruit Jelly Sandwich
harvestcraft:strawberryjellyItem, Strawberry Jelly
harvestcraft:strawberryjellysandwichItem, Strawberry Jelly Sandwich
harvestcraft:watermelonjellyItem, Watermelon Jelly
harvestcraft:watermelonjellysandwichItem, Watermelon Jelly Sandwich
harvestcraft:bubblywaterItem, Bubbly Water
harvestcraft:cherrysodaItem, Cherry Soda
harvestcraft:colasodaItem, Cola Soda
harvestcraft:gingersodaItem, Ginger Ale
harvestcraft:grapesodaItem, Grape Soda
harvestcraft:lemonlimesodaItem, Lemon-Lime Soda
harvestcraft:orangesodaItem, Orange Soda
harvestcraft:rootbeersodaItem, Root Beer
harvestcraft:strawberrysodaItem, Strawberry Soda
harvestcraft:caramelicecreamItem, Caramel Ice Cream
harvestcraft:mintchocolatechipicemcreamItem, Mint Chocolate Chip Ice Cream
harvestcraft:strawberryicecreamItem, Strawberry Ice Cream
harvestcraft:vanillaicecreamItem, Vanilla Ice Cream
harvestcraft:gingerchickenItem, Ginger Chicken
harvestcraft:oldworldveggiesoupItem, Old World Veggie Soup
harvestcraft:spicebunItem, Spice Bun
harvestcraft:gingeredrhubarbtartItem, Gingered Rhubarb Tart
harvestcraft:lambbarleysoupItem, Lamb Barley Soup
harvestcraft:honeylemonlambItem, Honey Lemon Lamb
harvestcraft:pumpkinoatsconesItem, Pumpkin Oat Scones
harvestcraft:beefjerkyItem, Beef Jerky
harvestcraft:plumjuiceItem, Plum Juice
harvestcraft:pearjuiceItem, Pear Juice
harvestcraft:ovenroastedcauliflowerItem, Oven Roasted Cauliflower
harvestcraft:leekbaconsoupItem, Leek Bacon Soup
harvestcraft:herbbutterparsnipsItem, Herb Butter Parsnips
harvestcraft:scallionbakedpotatoItem, Scallion Baked Potato
harvestcraft:soymilkItem, Soy Milk
harvestcraft:firmtofuItem, Firm Tofu
harvestcraft:silkentofuItem, Silken Tofu
harvestcraft:bamboosteamedriceItem, Bamboo Steamed Rice
harvestcraft:roastedchestnutItem, Roasted Chestnut
harvestcraft:sweetpotatosouffleItem, Sweet Potato Souffle
harvestcraft:cashewchickenItem, Cashew Chicken
harvestcraft:apricotjuiceItem, Apricot Juice
harvestcraft:apricotyogurtItem, Apricot Yogurt
harvestcraft:apricotglazedporkItem, Apricot Glazed Pork
harvestcraft:apricotjellyItem, Apricot Jelly
harvestcraft:apricotjellysandwichItem, Apricot Jelly Sandwich
harvestcraft:apricotsmoothieItem, Apricot Smoothie
harvestcraft:figbarItem, Fig Bar
harvestcraft:figjellyItem, Fig Jelly
harvestcraft:figjellysandwichItem, Fig Jelly Sandwich
harvestcraft:figsmoothieItem, Fig Smoothie
harvestcraft:figyogurtItem, Fig Yogurt
harvestcraft:figjuiceItem, Fig Juice
harvestcraft:grapefruitjuiceItem, Grapfruit Juice
harvestcraft:grapefruitjellyItem, Grapefruit Jelly
harvestcraft:grapefruitjellysandwichItem, Grapefruit Jelly Sandwich
harvestcraft:grapefruitsmoothieItem, Grapefruit Smoothie
harvestcraft:grapefruityogurtItem, Grapefruit Yogurt
harvestcraft:grapefruitsodaItem, Grapefruit Soda
harvestcraft:citrussaladItem, Citrus Salad
harvestcraft:pecanpieItem, Pecan Pie
harvestcraft:pralinesItem, Pralines
harvestcraft:persimmonjuiceItem, Persimmon Juice
harvestcraft:persimmonyogurtItem, Persimmon Yogurt
harvestcraft:persimmonsmoothieItem, Persimmon Smoothie
harvestcraft:persimmonjellyItem, Persimmon Jelly
harvestcraft:persimmonjellysandwichItem, Persimmon Jelly Sandwich
harvestcraft:pistachiobakedsalmonItem, Pistachio Baked Salmon
harvestcraft:baconwrappeddatesItem, Bacon Wrapped Dates
harvestcraft:datenutbreadItem, Date Nut Bread
harvestcraft:maplesyruppancakesItem, Maple Syrup Pancakes
harvestcraft:maplesyrupwafflesItem, Maple Syrup Waffles
harvestcraft:maplesausageItem, Maple Sausage
harvestcraft:mapleoatmealItem, Maple Oatmeal
harvestcraft:peachesandcreamoatmealItem, Peaches and Cream Oatmeal
harvestcraft:cinnamonappleoatmealItem, Cinnamon Apple Oatmeal
harvestcraft:maplecandiedbaconItem, Maple Candied Bacon
harvestcraft:toastsandwichItem, Toast Sandwich
harvestcraft:potatoandcheesepirogiItem, Potato and Cheese Pirogi
harvestcraft:zeppoleItem, Zeppole
harvestcraft:sausageinbreadItem, Sausage in Bread
harvestcraft:chocolatecaramelfudgeItem, Chocolate Caramel Fudge
harvestcraft:lavendershortbreadItem, Lavender Shortbread
harvestcraft:beefwellingtonItem, Beef Wellington
harvestcraft:epicbaconItem, Epic Bacon
harvestcraft:manjuuItem, Manjuu
harvestcraft:chickengumboItem, Chicken Gumbo
harvestcraft:generaltsochickenItem, General Tso's Chicken
harvestcraft:californiarollItem, California Roll
harvestcraft:futomakiItem, Futo Maki
harvestcraft:beansontoastItem, Beans on Toast
harvestcraft:vegemiteItem, Vegemite
harvestcraft:honeycombchocolatebarItem, Honeycomb Chocolate Bar
harvestcraft:cherrycoconutchocolatebarItem, Cherry Coconut Chocolate Bar
harvestcraft:fairybreadItem, Fairy Bread
harvestcraft:lamingtonItem, Lamington
harvestcraft:timtamItem, Tim Tam
harvestcraft:meatpieItem, Meat Pie
harvestcraft:chikorollItem, Chiko Roll
harvestcraft:damperItem, Damper
harvestcraft:beetburgerItem, Beet Burger
harvestcraft:pavlovaItem, Pavlova
harvestcraft:gherkinItem, Gherkin
harvestcraft:mcpamItem, McPam
harvestcraft:ceasarsaladItem, Ceasar Salad
harvestcraft:chaoscookieItem, Chaos Cookie
harvestcraft:chocolatebaconItem, Chocolate Bacon
harvestcraft:lambkebabItem, Lamb Kebab
harvestcraft:nutellaItem, Nutella
harvestcraft:snickersbarItem, Snickers Bar
harvestcraft:spinachpieItem, Spinach Pie
harvestcraft:steamedspinachItem, Steamed Spinach
harvestcraft:vegemiteontoastItem, Vegemite on Toast
harvestcraft:anchovyrawItem, Raw Anchovy
harvestcraft:bassrawItem, Raw Bass
harvestcraft:carprawItem, Raw Carp
harvestcraft:catfishrawItem, Raw Catfish
harvestcraft:charrrawItem, Raw Charr
harvestcraft:clamrawItem, Raw Clam
harvestcraft:crabrawItem, Raw Crab
harvestcraft:crayfishrawItem, Raw Crayfish
harvestcraft:eelrawItem, Raw Eel
harvestcraft:frograwItem, Raw Frog
harvestcraft:grouperrawItem, Raw Grouper
harvestcraft:herringrawItem, Raw Herring
harvestcraft:jellyfishrawItem, Raw Jellyfish
harvestcraft:mudfishrawItem, Raw Mudfish
harvestcraft:octopusrawItem, Raw Octopus
harvestcraft:perchrawItem, Raw Perch
harvestcraft:scalloprawItem, Raw Scallop
harvestcraft:shrimprawItem, Raw Shrimp
harvestcraft:snailrawItem, Raw Snail
harvestcraft:snapperrawItem, Raw Snapper
harvestcraft:tilapiarawItem, Raw Tilapia
harvestcraft:troutrawItem, Raw Trout
harvestcraft:tunarawItem, Raw Tuna
harvestcraft:turtlerawItem, Raw Turtle
harvestcraft:walleyerawItem, Raw Walleye
harvestcraft:holidaycakeItem, Holiday Cake
harvestcraft:clamcookedItem, Cooked Clam
harvestcraft:crabcookedItem, Cooked Crab
harvestcraft:crayfishcookedItem, Cooked Crayfish
harvestcraft:frogcookedItem, Cooked Frog Legs
harvestcraft:octopuscookedItem, Cooked Octopus
harvestcraft:scallopcookedItem, Cooked Scallop
harvestcraft:shrimpcookedItem, Cooked Shrimp
harvestcraft:snailcookedItem, Cooked Snail
harvestcraft:turtlecookedItem, Cooked Turtle
harvestcraft:appleciderItem, Apple Cider
harvestcraft:bangersandmashItem, Bangers and Mash
harvestcraft:batteredsausageItem, Battered Sausage
harvestcraft:batterItem, Batter
harvestcraft:chorizoItem, Chorizo
harvestcraft:coleslawItem, Coleslaw
harvestcraft:energydrinkItem, Energy Drink
harvestcraft:friedonionsItem, Fried Onions
harvestcraft:meatfeastpizzaItem, Meat Feast Pizza
harvestcraft:mincepieItem, Mince Pie
harvestcraft:onionhamburgerItem, Onion Hamburger
harvestcraft:pepperoniItem, Pepperoni
harvestcraft:pickledonionsItem, Pickled Onions
harvestcraft:porksausageItem, Pork Sausage
harvestcraft:raspberrytrifleItem, Raspberry Trifle
harvestcraft:pumpkincheesecakeItem, Pumpkin Cheesecake
harvestcraft:pumpkinmuffinItem, Pumpkin Muffin
harvestcraft:suaderoItem, Suadero
harvestcraft:randomtacoItem, Random Taco
harvestcraft:turkeyrawItem, Raw Turkey
harvestcraft:turkeycookedItem, Cooked Turkey
harvestcraft:rabbitrawItem, Raw Rabbit
harvestcraft:rabbitcookedItem, Cooked Rabbit
harvestcraft:venisonrawItem, Raw Venison
harvestcraft:venisoncookedItem, Cooked Venison
harvestcraft:strawberrymilkshakeItem, Strawberry Milkshake
harvestcraft:chocolatemilkshakeItem, Chocolate Milkshake
harvestcraft:bananamilkshakeItem, Banana Milkeshake
harvestcraft:cornflakesItem, Cornflakes
harvestcraft:coleslawburgerItem, Coleslaw Burger
harvestcraft:roastchickenItem, Roast Chicken
harvestcraft:roastpotatoesItem, Roast Potatoes
harvestcraft:sundayroastItem, Sunday Roast
harvestcraft:bbqpulledporkItem, BBQ Pulled Pork
harvestcraft:lambwithmintsauceItem, Lamb with Mint Sauce
harvestcraft:steakandchipsItem, Steak and Chips
harvestcraft:cherryicecreamItem, Cherry Ice Cream
harvestcraft:pistachioicecreamItem, Pistachio Ice Cream
harvestcraft:neapolitanicecreamItem, Neapolitan Ice Cream
harvestcraft:spumoniicecreamItem, Spumoni Ice Cream
harvestcraft:almondbutterItem, Almond Butter
harvestcraft:cashewbutterItem, Cashew Butter
harvestcraft:chestnutbutterItem, Chestnut Butter
harvestcraft:cornishpastyItem, Cornish Pasty
harvestcraft:cottagepieItem, Cottage Pie
harvestcraft:croissantItem, Croissant
harvestcraft:currypowderItem, Curry Powder
harvestcraft:dimsumItem, Dim Sum
harvestcraft:friedpecanokraItem, Fried Pecan Okra
harvestcraft:gooseberryjellyItem, Gooseberry Jelly
harvestcraft:gooseberryjellysandwichItem, Gooseberry Jelly Sandwich
harvestcraft:gooseberrymilkshakeItem, Gooseberry Milkshake
harvestcraft:gooseberrypieItem, Gooseberry Pie
harvestcraft:gooseberrysmoothieItem, Gooseberry Smoothie
harvestcraft:gooseberryyogurtItem, Gooseberry Yogurt
harvestcraft:greenheartfishItem, Green Heart Fish
harvestcraft:hamsweetpicklesandwichItem, Ham & Sweet Pickle Sandwich
harvestcraft:hushpuppiesItem, Hushpuppies
harvestcraft:kimchiItem, Kimchi
harvestcraft:mochiItem, Mochi
harvestcraft:museliItem, Museli
harvestcraft:naanItem, Naan
harvestcraft:okrachipsItem, Okra Chips
harvestcraft:okracreoleItem, Okra Creole
harvestcraft:pistachiobutterItem, Pistachio Butter
harvestcraft:ploughmanslunchItem, Ploughman's Lunch
harvestcraft:porklomeinItem, Pork Lo Mein
harvestcraft:salmonpattiesItem, Salmon Patties
harvestcraft:sausageItem, Sausage
harvestcraft:sausagerollItem, Sausage Roll
harvestcraft:sesameballItem, Sesame Ball
harvestcraft:sesamesnapsItem, Sesame Snaps
harvestcraft:shrimpokrahushpuppiesItem, Shrimp Pork Okra Hushpuppies
harvestcraft:soysauceItem, Soy Sauce
harvestcraft:sweetpickleItem, Sweet Pickle
harvestcraft:veggiestripsItem, Veggie Strips
harvestcraft:vindalooItem, Vindaloo
harvestcraft:applesmoothieItem, Apple Smoothie
harvestcraft:coconutsmoothieItem, Coconut Smoothie
harvestcraft:cranberrysmoothieItem, Cranberry Smoothie
harvestcraft:cranberryyogurtItem, Cranberry Yogurt
harvestcraft:grapesmoothieItem, Grape Smoothie
harvestcraft:pearsmoothieItem, Pear Smoothie
harvestcraft:pearjellyItem, Pear Jelly
harvestcraft:pearjellysandwichItem, Pear Jelly Sandwich
harvestcraft:plumsmoothieItem, Plum Smoothie
harvestcraft:plumjellyItem, Plum Jelly
harvestcraft:plumjellysandwichItem, Plum Jelly Sandwich
harvestcraft:honeysandwichItem, Honey Sandwich
harvestcraft:cheeseontoastItem, Cheese on Toast
harvestcraft:tunapotatoItem, Tuna Potato
harvestcraft:chocolaterollItem, Chocolate Roll
harvestcraft:jamrollItem, Jam Roll
harvestcraft:coconutcreamItem, Coconut Cream
harvestcraft:crackerItem, Cracker
harvestcraft:garammasalaItem, Garam Masala
harvestcraft:paneerItem, Paneer
harvestcraft:deluxechickencurryItem, Deluxe Chicken Curry
harvestcraft:gravyItem, Gravy
harvestcraft:mangochutneyItem, Mango Chutney
harvestcraft:marzipanItem, Marzipan
harvestcraft:paneertikkamasalaItem, Paneer Tikka Masala
harvestcraft:peaandhamsoupItem, Pea and Ham Soup
harvestcraft:potatoandleeksoupItem, Potato and Leek Soup
harvestcraft:yorkshirepuddingItem, Yorkshire Pudding
harvestcraft:toadintheholeItem, Toad in the Hole
progressiveautomation:Wrench, PA Wrench
progressiveautomation:WoodUpgrade, Wooden Upgrade
progressiveautomation:StoneUpgrade, Stone Upgrade
progressiveautomation:IronUpgrade, Iron Upgrade
progressiveautomation:DiamondUpgrade, Diamond Upgrade
progressiveautomation:WitherUpgrade, Wither Upgrade
progressiveautomation:FillerUpgrade, Filler Upgrade
progressiveautomation:FilterPlayerUpgrade, Player Filter Upgrade
progressiveautomation:FilterMobUpgrade, Mob Filter Upgrade
progressiveautomation:FilterAnimalUpgrade, Animal Filter Upgrade
progressiveautomation:FilterAdultUpgrade, Adult Filter Upgrade
progressiveautomation:MilkerUpgrade, Milker Upgrade
progressiveautomation:ShearingUpgrade, Shearing Upgrade
progressiveautomation:RFEngine, RF Engine
progressiveautomation:CreativeRFEngine, Creative RF Engine
progressiveautomation:CoalPellet, Fuel Pellet
progressiveautomation:WitherWood, Wither Wood
progressiveautomation:WitherStone, Wither Stone
progressiveautomation:WitherIron, Wither Iron
progressiveautomation:WitherDiamond, Wither Diamond
ImmersiveEngineering:metal:0, Copper Ingot
ImmersiveEngineering:metal:1, Aluminium Ingot
ImmersiveEngineering:metal:2, Lead Ingot
ImmersiveEngineering:metal:3, Silver Ingot
ImmersiveEngineering:metal:4, Nickel Ingot
ImmersiveEngineering:metal:5, Constantan Ingot
ImmersiveEngineering:metal:6, Electrum Ingot
ImmersiveEngineering:metal:7, Steel Ingot
ImmersiveEngineering:metal:8, Iron Grit
ImmersiveEngineering:metal:9, Gold Grit
ImmersiveEngineering:metal:10, Copper Grit
ImmersiveEngineering:metal:11, Aluminium Grit
ImmersiveEngineering:metal:12, Lead Grit
ImmersiveEngineering:metal:13, Silver Grit
ImmersiveEngineering:metal:14, Nickel Grit
ImmersiveEngineering:metal:15, Constantan Grit
ImmersiveEngineering:metal:16, Electrum Grit
ImmersiveEngineering:metal:17, Coke Dust
ImmersiveEngineering:metal:18, Quartz Dust
ImmersiveEngineering:metal:19, HOP Graphite Dust
ImmersiveEngineering:metal:20, HOP Graphite Ingot
ImmersiveEngineering:metal:21, Iron Nugget
ImmersiveEngineering:metal:22, Copper Nugget
ImmersiveEngineering:metal:23, Aluminium Nugget
ImmersiveEngineering:metal:24, Lead Nugget
ImmersiveEngineering:metal:25, Silver Nugget
ImmersiveEngineering:metal:26, Nickel Nugget
ImmersiveEngineering:metal:27, Constantan Nugget
ImmersiveEngineering:metal:28, Electrum Nugget
ImmersiveEngineering:metal:29, Steel Nugget
ImmersiveEngineering:metal:30, Iron Plate
ImmersiveEngineering:metal:32, Aluminium Plate
ImmersiveEngineering:metal:33, Lead Plate
ImmersiveEngineering:metal:36, Constantan Plate
ImmersiveEngineering:metal:38, Steel Plate
ImmersiveEngineering:material:0, Treated Stick
ImmersiveEngineering:material:1, Waterwheel Segment
ImmersiveEngineering:material:2, Windmill Blade
ImmersiveEngineering:material:3, Industrial Hemp Fiber
ImmersiveEngineering:material:4, Tough Fabric
ImmersiveEngineering:material:5, Improved Windmill Blade
ImmersiveEngineering:material:6, Coal Coke
ImmersiveEngineering:material:7, Revolver Barrel
ImmersiveEngineering:material:8, Revolver Drum
ImmersiveEngineering:material:9, Wooden Grip
ImmersiveEngineering:material:10, Revolver Hammer
ImmersiveEngineering:material:11, Iron Mechanical Component
ImmersiveEngineering:material:12, Steel Mechanical Component
ImmersiveEngineering:material:13, Slag
ImmersiveEngineering:material:14, Iron Rod
ImmersiveEngineering:material:15, Steel Rod
ImmersiveEngineering:material:16, Aluminium Rod
ImmersiveEngineering:seed:0, Industrial Hemp Seeds
ImmersiveEngineering:coil:0, LV Wire Coil
ImmersiveEngineering:coil:1, MV Wire Coil
ImmersiveEngineering:coil:2, HV Wire Coil
ImmersiveEngineering:coil:3, Hemp Rope Coil
ImmersiveEngineering:coil:4, Steel Cable Coil
ImmersiveEngineering:tool:0, Engineer's Hammer
ImmersiveEngineering:tool:1, Engineer's Wire Cutters
ImmersiveEngineering:tool:2, Engineer's Voltmeter
ImmersiveEngineering:tool:3, Engineer's Manual
ImmersiveEngineering:toolbox, Engineer's Toolbox
ImmersiveEngineering:revolver:0, Revolver
ImmersiveEngineering:revolver:1, Revolver Speedloader
ImmersiveEngineering:bullet:0, Empty Casing
ImmersiveEngineering:bullet:1, Empty Shell
ImmersiveEngineering:bullet:2, Casull Cartridge
ImmersiveEngineering:bullet:3, Armor-Piercing Cartridge
ImmersiveEngineering:bullet:4, Buckshot Cartridge
ImmersiveEngineering:bullet:5, High-Explosive Cartridge
ImmersiveEngineering:bullet:6, Dragon's Breath Cartridge
ImmersiveEngineering:bullet:7, Homing Cartridge
ImmersiveEngineering:bullet:8, Wolfpack Cartridge
ImmersiveEngineering:bullet:9, Silver Cartridge
ImmersiveEngineering:bullet:10, Phial Cartridge
ImmersiveEngineering:fluidContainers:0, Bottle of Creosote Oil
ImmersiveEngineering:fluidContainers:1, Bucket of Creosote Oil
ImmersiveEngineering:fluidContainers:2, Bottle of Plant Oil
ImmersiveEngineering:fluidContainers:3, Bucket of Plant Oil
ImmersiveEngineering:fluidContainers:4, Bottle of Ethanol
ImmersiveEngineering:fluidContainers:5, Bucket of Ethanol
ImmersiveEngineering:fluidContainers:6, Bottle of Biodiesel
ImmersiveEngineering:fluidContainers:7, Bucket of Biodiesel
ImmersiveEngineering:drill:0, Mining Drill
ImmersiveEngineering:drillhead:0, Steel Drill Head
ImmersiveEngineering:drillhead:1, Iron Drill Head
ImmersiveEngineering:toolupgrade:0, Pressurized Air Tank
ImmersiveEngineering:toolupgrade:1, Advanced Lubrication System
ImmersiveEngineering:toolupgrade:2, Additional Augers
ImmersiveEngineering:toolupgrade:3, Large Tank
ImmersiveEngineering:toolupgrade:4, Bayonet
ImmersiveEngineering:toolupgrade:5, Extended Magazine
ImmersiveEngineering:toolupgrade:6, Amplifier Electron Tubes
ImmersiveEngineering:toolupgrade:7, Focused Nozzle
ImmersiveEngineering:toolupgrade:8, Precision Scope
ImmersiveEngineering:toolupgrade:9, Additional Capacitors
ImmersiveEngineering:skyhook, Engineer's Skyhook
ImmersiveEngineering:blueprint, Engineer's Blueprint
ImmersiveEngineering:graphiteElectrode, Graphite Electrode
ImmersiveEngineering:shader, Shader
ImmersiveEngineering:shaderBag, Shader Grabbag
ImmersiveEngineering:jerrycan, Jerrycan
ImmersiveEngineering:chemthrower, Chemical Thrower
ImmersiveEngineering:railgun, Railgun
ImmersiveEngineering:mold:0, Metal Press Mold: Plate
ImmersiveEngineering:mold:2, Metal Press Mold: Rod
TConstruct:goldHead:0, Golden Head
TConstruct:strangeFood:0, Gelatinous Slime
TConstruct:strangeFood:1, Coagulated Blood
TConstruct:strangeFood:2, Bacon
TConstruct:oreBerries:0, Iron Oreberry
TConstruct:oreBerries:1, Gold Oreberry
TConstruct:oreBerries:2, Copper Oreberry
TConstruct:oreBerries:3, Tin Oreberry
TConstruct:oreBerries:4, Aluminum Oreberry
TConstruct:oreBerries:5, Concentrated Essence Berry
TConstruct:titleIcon:0, Spawn Blue Slime
TConstruct:titleIcon:1, Spawn King Slime
TConstruct:blankPattern:0, Blank Pattern
TConstruct:blankPattern:1, Blank Cast
TConstruct:blankPattern:2, Blank Cast
TConstruct:materials:0, Paper Stack
TConstruct:materials:1, Slime Crystal
TConstruct:materials:2, Seared Brick
TConstruct:materials:3, Cobalt Ingot
TConstruct:materials:4, Ardite Ingot
TConstruct:materials:5, Manyullyn Ingot
TConstruct:materials:6, Ball of Moss
TConstruct:materials:7, Lava Crystal
TConstruct:materials:8, Necrotic Bone
TConstruct:materials:9, Copper Ingot
TConstruct:materials:10, Tin Ingot
TConstruct:materials:11, Aluminum Ingot
TConstruct:materials:12, Raw Aluminum
TConstruct:materials:13, Bronze Ingot
TConstruct:materials:14, Aluminum Brass Ingot
TConstruct:materials:15, Alumite Ingot
TConstruct:materials:16, Steel Ingot
TConstruct:materials:17, Slime Crystal
TConstruct:materials:18, Obsidian Ingot
TConstruct:materials:19, Iron Nugget
TConstruct:materials:20, Copper Nugget
TConstruct:materials:21, Tin Nugget
TConstruct:materials:22, Aluminum Nugget
TConstruct:materials:24, Aluminum Brass Nugget
TConstruct:materials:25, Silky Cloth
TConstruct:materials:26, Silky Jewel
TConstruct:materials:27, Obsidian Nugget
TConstruct:materials:28, Cobalt Nugget
TConstruct:materials:29, Ardite Nugget
TConstruct:materials:30, Manyullyn Nugget
TConstruct:materials:31, Bronze Nugget
TConstruct:materials:32, Alumite Nugget
TConstruct:materials:33, Steel Nugget
TConstruct:materials:34, Pig Iron Ingot
TConstruct:materials:35, Pig Iron Platter
TConstruct:materials:36, Ball of Glue
TConstruct:materials:37, Seared Brick
TConstruct:materials:38, Ardite Dust
TConstruct:materials:39, Cobalt Dust
TConstruct:materials:40, Aluminum Dust
TConstruct:materials:41, Manyullyn Dust
TConstruct:materials:42, Aluminum Brass Dust
TConstruct:woodPattern:1, Tool Rod Pattern
TConstruct:woodPattern:2, Pickaxe Head Pattern
TConstruct:woodPattern:3, Shovel Head Pattern
TConstruct:woodPattern:4, Axe Head Pattern
TConstruct:woodPattern:5, Sword Blade Pattern
TConstruct:woodPattern:6, Wide Guard Pattern
TConstruct:woodPattern:7, Hand Guard Pattern
TConstruct:woodPattern:8, Crossbar Pattern
TConstruct:woodPattern:9, Tool Binding Pattern
TConstruct:woodPattern:10, Pan Pattern
TConstruct:woodPattern:11, Wide Board Pattern
TConstruct:woodPattern:12, Knife Blade Pattern
TConstruct:woodPattern:13, Chisel Head Pattern
TConstruct:woodPattern:14, Tough Rod Pattern
TConstruct:woodPattern:15, Tough Binding Pattern
TConstruct:woodPattern:16, Large Plate Pattern
TConstruct:woodPattern:17, Broadaxe Head Pattern
TConstruct:woodPattern:18, Scythe Head Pattern
TConstruct:woodPattern:19, Excavator Head Pattern
TConstruct:woodPattern:20, Large Blade Pattern
TConstruct:woodPattern:21, Hammer Head Pattern
TConstruct:woodPattern:22, Full Guard Pattern
TConstruct:woodPattern:23, Bowstring Pattern
TConstruct:woodPattern:24, Fletching Pattern
TConstruct:woodPattern:25, Arrowhead Pattern
TConstruct:manualBook:0, Materials and You: Volume 1
TConstruct:manualBook:1, Materials and You: Volume 2
TConstruct:manualBook:2, Mighty Smelting
TConstruct:manualBook:3, Diary of a Tinker
TConstruct:manualBook:4, Tinkers' Weaponry
TConstruct:pickaxe, Pickaxe
TConstruct:shovel, Shovel
TConstruct:hatchet, Hatchet
TConstruct:broadsword, Broadsword
TConstruct:longsword, Longsword
TConstruct:rapier, Rapier
TConstruct:dagger, Dagger
TConstruct:cutlass, Cutlass
TConstruct:frypan, Frying Pan
TConstruct:battlesign, Battlesign
TConstruct:mattock, Mattock
TConstruct:chisel, Chisel
TConstruct:lumberaxe, Lumber Axe
TConstruct:cleaver, Cleaver
TConstruct:scythe, Scythe
TConstruct:excavator, Excavator
TConstruct:hammer, Hammer
TConstruct:battleaxe, Battleaxe
TConstruct:potionLauncher, Potion Launcher
TConstruct:toolRod:0, Wooden Tool Rod
TConstruct:toolRod:1, Stone Tool Rod
TConstruct:toolRod:2, Iron Tool Rod
TConstruct:toolRod:3, Flint Tool Rod
TConstruct:toolRod:4, Cactus Tool Rod
TConstruct:toolRod:5, Bone Tool Rod
TConstruct:toolRod:6, Obsidian Tool Rod
TConstruct:toolRod:7, Netherrack Tool Rod
TConstruct:toolRod:8, Slime Tool Rod
TConstruct:toolRod:9, Paper Tool Rod
TConstruct:toolRod:10, Cobalt Tool Rod
TConstruct:toolRod:11, Ardite Tool Rod
TConstruct:toolRod:12, Manyullyn Tool Rod
TConstruct:toolRod:13, Copper Tool Rod
TConstruct:toolRod:14, Bronze Tool Rod
TConstruct:toolRod:15, Alumite Tool Rod
TConstruct:toolRod:16, Steel Tool Rod
TConstruct:toolRod:17, Slime Tool Rod
TConstruct:toolRod:18, Pig Iron Tool Rod
TConstruct:toolShard:1, Stone Shard
TConstruct:toolShard:3, Flint Shard
TConstruct:toolShard:4, Cactus Shard
TConstruct:toolShard:6, Obsidian Shard
TConstruct:toolShard:7, Netherrack Shard
TConstruct:toolShard:8, Slime Shard
TConstruct:toolShard:17, Slime Shard
TConstruct:pickaxeHead:0, Wooden Pickaxe Head
TConstruct:pickaxeHead:1, Stone Pickaxe Head
TConstruct:pickaxeHead:2, Iron Pickaxe Head
TConstruct:pickaxeHead:3, Flint Pickaxe Head
TConstruct:pickaxeHead:4, Cactus Pickaxe Head
TConstruct:pickaxeHead:5, Bone Pickaxe Head
TConstruct:pickaxeHead:6, Obsidian Pickaxe Head
TConstruct:pickaxeHead:7, Netherrack Pickaxe Head
TConstruct:pickaxeHead:8, Slime Pickaxe Head
TConstruct:pickaxeHead:9, Paper Pickaxe Head
TConstruct:pickaxeHead:10, Cobalt Pickaxe Head
TConstruct:pickaxeHead:11, Ardite Pickaxe Head
TConstruct:pickaxeHead:12, Manyullyn Pickaxe Head
TConstruct:pickaxeHead:13, Copper Pickaxe Head
TConstruct:pickaxeHead:14, Bronze Pickaxe Head
TConstruct:pickaxeHead:15, Alumite Pickaxe Head
TConstruct:pickaxeHead:16, Steel Pickaxe Head
TConstruct:pickaxeHead:17, Slime Pickaxe Head
TConstruct:pickaxeHead:18, Pig Iron Pickaxe Head
TConstruct:shovelHead:0, Wooden Shovel Head
TConstruct:shovelHead:1, Stone Shovel Head
TConstruct:shovelHead:2, Iron Shovel Head
TConstruct:shovelHead:3, Flint Shovel Head
TConstruct:shovelHead:4, Cactus Shovel Head
TConstruct:shovelHead:5, Bone Shovel Head
TConstruct:shovelHead:6, Obsidian Shovel Head
TConstruct:shovelHead:7, Netherrack Shovel Head
TConstruct:shovelHead:8, Slime Shovel Head
TConstruct:shovelHead:9, Paper Shovel Head
TConstruct:shovelHead:10, Cobalt Shovel Head
TConstruct:shovelHead:11, Ardite Shovel Head
TConstruct:shovelHead:12, Manyullyn Shovel Head
TConstruct:shovelHead:13, Copper Shovel Head
TConstruct:shovelHead:14, Bronze Shovel Head
TConstruct:shovelHead:15, Alumite Shovel Head
TConstruct:shovelHead:16, Steel Shovel Head
TConstruct:shovelHead:17, Slime Shovel Head
TConstruct:shovelHead:18, Pig Iron Shovel Head
TConstruct:hatchetHead:0, Wooden Axe Head
TConstruct:hatchetHead:1, Stone Axe Head
TConstruct:hatchetHead:2, Iron Axe Head
TConstruct:hatchetHead:3, Flint Axe Head
TConstruct:hatchetHead:4, Cactus Axe Head
TConstruct:hatchetHead:5, Bone Axe Head
TConstruct:hatchetHead:6, Obsidian Axe Head
TConstruct:hatchetHead:7, Netherrack Axe Head
TConstruct:hatchetHead:8, Slime Axe Head
TConstruct:hatchetHead:9, Paper Axe Head
TConstruct:hatchetHead:10, Cobalt Axe Head
TConstruct:hatchetHead:11, Ardite Axe Head
TConstruct:hatchetHead:12, Manyullyn Axe Head
TConstruct:hatchetHead:13, Copper Axe Head
TConstruct:hatchetHead:14, Bronze Axe Head
TConstruct:hatchetHead:15, Alumite Axe Head
TConstruct:hatchetHead:16, Steel Axe Head
TConstruct:hatchetHead:17, Slime Axe Head
TConstruct:hatchetHead:18, Pig Iron Axe Head
TConstruct:binding:0, Wooden Binding
TConstruct:binding:1, Stone Binding
TConstruct:binding:2, Iron Binding
TConstruct:binding:3, Flint Binding
TConstruct:binding:4, Cactus Binding
TConstruct:binding:5, Bone Binding
TConstruct:binding:6, Obsidian Binding
TConstruct:binding:7, Netherrack Binding
TConstruct:binding:8, Slime Binding
TConstruct:binding:9, Paper Binding
TConstruct:binding:10, Cobalt Binding
TConstruct:binding:11, Ardite Binding
TConstruct:binding:12, Manyullyn Binding
TConstruct:binding:13, Copper Binding
TConstruct:binding:14, Bronze Binding
TConstruct:binding:15, Alumite Binding
TConstruct:binding:16, Steel Binding
TConstruct:binding:17, Slime Binding
TConstruct:binding:18, Pig Iron Binding
TConstruct:toughBinding:0, Wooden Tough Binding
TConstruct:toughBinding:1, Stone Tough Binding
TConstruct:toughBinding:2, Iron Tough Binding
TConstruct:toughBinding:3, Flint Tough Binding
TConstruct:toughBinding:4, Cactus Tough Binding
TConstruct:toughBinding:5, Bone Tough Binding
TConstruct:toughBinding:6, Obsidian Tough Binding
TConstruct:toughBinding:7, Netherrack Tough Binding
TConstruct:toughBinding:8, Slime Tough Binding
TConstruct:toughBinding:9, Paper Tough Binding
TConstruct:toughBinding:10, Cobalt Tough Binding
TConstruct:toughBinding:11, Ardite Tough Binding
TConstruct:toughBinding:12, Manyullyn Tough Binding
TConstruct:toughBinding:13, Copper Tough Binding
TConstruct:toughBinding:14, Bronze Tough Binding
TConstruct:toughBinding:15, Alumite Tough Binding
TConstruct:toughBinding:16, Steel Tough Binding
TConstruct:toughBinding:17, Slime Tough Binding
TConstruct:toughBinding:18, Pig Iron Tough Binding
TConstruct:toughRod:0, Wooden Tough Rod
TConstruct:toughRod:1, Stone Tough Rod
TConstruct:toughRod:2, Iron Tough Rod
TConstruct:toughRod:3, Flint Tough Rod
TConstruct:toughRod:4, Cactus Tough Rod
TConstruct:toughRod:5, Bone Tough Rod
TConstruct:toughRod:6, Obsidian Tough Rod
TConstruct:toughRod:7, Netherrack Tough Rod
TConstruct:toughRod:8, Slime Tough Rod
TConstruct:toughRod:9, Paper Tough Rod
TConstruct:toughRod:10, Cobalt Tough Rod
TConstruct:toughRod:11, Ardite Tough Rod
TConstruct:toughRod:12, Manyullyn Tough Rod
TConstruct:toughRod:13, Copper Tough Rod
TConstruct:toughRod:14, Bronze Tough Rod
TConstruct:toughRod:15, Alumite Tough Rod
TConstruct:toughRod:16, Steel Tough Rod
TConstruct:toughRod:17, Slime Tough Rod
TConstruct:toughRod:18, Pig Iron Tough Rod
TConstruct:heavyPlate:0, Wooden Large Plate
TConstruct:heavyPlate:1, Stone Large Plate
TConstruct:heavyPlate:2, Iron Large Plate
TConstruct:heavyPlate:3, Flint Large Plate
TConstruct:heavyPlate:4, Cactus Large Plate
TConstruct:heavyPlate:5, Bone Large Plate
TConstruct:heavyPlate:6, Obsidian Large Plate
TConstruct:heavyPlate:7, Netherrack Large Plate
TConstruct:heavyPlate:8, Slime Large Plate
TConstruct:heavyPlate:9, Paper Large Plate
TConstruct:heavyPlate:10, Cobalt Large Plate
TConstruct:heavyPlate:11, Ardite Large Plate
TConstruct:heavyPlate:12, Manyullyn Large Plate
TConstruct:heavyPlate:13, Copper Large Plate
TConstruct:heavyPlate:14, Bronze Large Plate
TConstruct:heavyPlate:15, Alumite Large Plate
TConstruct:heavyPlate:16, Steel Large Plate
TConstruct:heavyPlate:17, Slime Large Plate
TConstruct:heavyPlate:18, Pig Iron Large Plate
TConstruct:swordBlade:0, Wooden Sword Blade
TConstruct:swordBlade:1, Stone Sword Blade
TConstruct:swordBlade:2, Iron Sword Blade
TConstruct:swordBlade:3, Flint Sword Blade
TConstruct:swordBlade:4, Cactus Sword Blade
TConstruct:swordBlade:5, Bone Sword Blade
TConstruct:swordBlade:6, Obsidian Sword Blade
TConstruct:swordBlade:7, Netherrack Sword Blade
TConstruct:swordBlade:8, Slime Sword Blade
TConstruct:swordBlade:9, Paper Sword Blade
TConstruct:swordBlade:10, Cobalt Sword Blade
TConstruct:swordBlade:11, Ardite Sword Blade
TConstruct:swordBlade:12, Manyullyn Sword Blade
TConstruct:swordBlade:13, Copper Sword Blade
TConstruct:swordBlade:14, Bronze Sword Blade
TConstruct:swordBlade:15, Alumite Sword Blade
TConstruct:swordBlade:16, Steel Sword Blade
TConstruct:swordBlade:17, Slime Sword Blade
TConstruct:swordBlade:18, Pig Iron Sword Blade
TConstruct:wideGuard:0, Wooden Wide Guard
TConstruct:wideGuard:1, Stone Wide Guard
TConstruct:wideGuard:2, Iron Wide Guard
TConstruct:wideGuard:3, Flint Wide Guard
TConstruct:wideGuard:4, Cactus Wide Guard
TConstruct:wideGuard:5, Bone Wide Guard
TConstruct:wideGuard:6, Obsidian Wide Guard
TConstruct:wideGuard:7, Netherrack Wide Guard
TConstruct:wideGuard:8, Slime Wide Guard
TConstruct:wideGuard:9, Paper Wide Guard
TConstruct:wideGuard:10, Cobalt Wide Guard
TConstruct:wideGuard:11, Ardite Wide Guard
TConstruct:wideGuard:12, Manyullyn Wide Guard
TConstruct:wideGuard:13, Copper Wide Guard
TConstruct:wideGuard:14, Bronze Wide Guard
TConstruct:wideGuard:15, Alumite Wide Guard
TConstruct:wideGuard:16, Steel Wide Guard
TConstruct:wideGuard:17, Slime Wide Guard
TConstruct:wideGuard:18, Pig Iron Wide Guard
TConstruct:handGuard:0, Wooden Hand Guard
TConstruct:handGuard:1, Stone Hand Guard
TConstruct:handGuard:2, Iron Hand Guard
TConstruct:handGuard:3, Flint Hand Guard
TConstruct:handGuard:4, Cactus Hand Guard
TConstruct:handGuard:5, Bone Hand Guard
TConstruct:handGuard:6, Obsidian Hand Guard
TConstruct:handGuard:7, Netherrack Hand Guard
TConstruct:handGuard:8, Slime Hand Guard
TConstruct:handGuard:9, Paper Hand Guard
TConstruct:handGuard:10, Cobalt Hand Guard
TConstruct:handGuard:11, Ardite Hand Guard
TConstruct:handGuard:12, Manyullyn Hand Guard
TConstruct:handGuard:13, Copper Hand Guard
TConstruct:handGuard:14, Bronze Hand Guard
TConstruct:handGuard:15, Alumite Hand Guard
TConstruct:handGuard:16, Steel Hand Guard
TConstruct:handGuard:17, Slime Hand Guard
TConstruct:handGuard:18, Pig Iron Hand Guard
TConstruct:crossbar:0, Wooden Crossbar
TConstruct:crossbar:1, Stone Crossbar
TConstruct:crossbar:2, Iron Crossbar
TConstruct:crossbar:3, Flint Crossbar
TConstruct:crossbar:4, Cactus Crossbar
TConstruct:crossbar:5, Bone Crossbar
TConstruct:crossbar:6, Obsidian Crossbar
TConstruct:crossbar:7, Netherrack Crossbar
TConstruct:crossbar:8, Slime Crossbar
TConstruct:crossbar:9, Paper Crossbar
TConstruct:crossbar:10, Cobalt Crossbar
TConstruct:crossbar:11, Ardite Crossbar
TConstruct:crossbar:12, Manyullyn Crossbar
TConstruct:crossbar:13, Copper Crossbar
TConstruct:crossbar:14, Bronze Crossbar
TConstruct:crossbar:15, Alumite Crossbar
TConstruct:crossbar:16, Steel Crossbar
TConstruct:crossbar:17, Slime Crossbar
TConstruct:crossbar:18, Pig Iron Crossbar
TConstruct:knifeBlade:0, Wooden Knife Blade
TConstruct:knifeBlade:1, Stone Knife Blade
TConstruct:knifeBlade:2, Iron Knife Blade
TConstruct:knifeBlade:3, Flint Knife Blade
TConstruct:knifeBlade:4, Cactus Knife Blade
TConstruct:knifeBlade:5, Bone Knife Blade
TConstruct:knifeBlade:6, Obsidian Knife Blade
TConstruct:knifeBlade:7, Netherrack Knife Blade
TConstruct:knifeBlade:8, Slime Knife Blade
TConstruct:knifeBlade:9, Paper Knife Blade
TConstruct:knifeBlade:10, Cobalt Knife Blade
TConstruct:knifeBlade:11, Ardite Knife Blade
TConstruct:knifeBlade:12, Manyullyn Knife Blade
TConstruct:knifeBlade:13, Copper Knife Blade
TConstruct:knifeBlade:14, Bronze Knife Blade
TConstruct:knifeBlade:15, Alumite Knife Blade
TConstruct:knifeBlade:16, Steel Knife Blade
TConstruct:knifeBlade:17, Slime Knife Blade
TConstruct:knifeBlade:18, Pig Iron Knife Blade
TConstruct:frypanHead:0, Wooden Pan
TConstruct:frypanHead:1, Stone Pan
TConstruct:frypanHead:2, Iron Pan
TConstruct:frypanHead:3, Flint Pan
TConstruct:frypanHead:4, Cactus Pan
TConstruct:frypanHead:5, Bone Pan
TConstruct:frypanHead:6, Obsidian Pan
TConstruct:frypanHead:7, Netherrack Pan
TConstruct:frypanHead:8, Slime Pan
TConstruct:frypanHead:9, Paper Pan
TConstruct:frypanHead:10, Cobalt Pan
TConstruct:frypanHead:11, Ardite Pan
TConstruct:frypanHead:12, Manyullyn Pan
TConstruct:frypanHead:13, Copper Pan
TConstruct:frypanHead:14, Bronze Pan
TConstruct:frypanHead:15, Alumite Pan
TConstruct:frypanHead:16, Steel Pan
TConstruct:frypanHead:17, Slime Pan
TConstruct:frypanHead:18, Pig Iron Pan
TConstruct:signHead:0, Wooden Sign Head
TConstruct:signHead:1, Stone Sign Head
TConstruct:signHead:2, Iron Sign Head
TConstruct:signHead:3, Flint Sign Head
TConstruct:signHead:4, Cactus Sign Head
TConstruct:signHead:5, Bone Sign Head
TConstruct:signHead:6, Obsidian Sign Head
TConstruct:signHead:7, Netherrack Sign Head
TConstruct:signHead:8, Slime Sign Head
TConstruct:signHead:9, Paper Sign Head
TConstruct:signHead:10, Cobalt Sign Head
TConstruct:signHead:11, Ardite Sign Head
TConstruct:signHead:12, Manyullyn Sign Head
TConstruct:signHead:13, Copper Sign Head
TConstruct:signHead:14, Bronze Sign Head
TConstruct:signHead:15, Alumite Sign Head
TConstruct:signHead:16, Steel Sign Head
TConstruct:signHead:17, Slime Sign Head
TConstruct:signHead:18, Pig Iron Sign Head
TConstruct:chiselHead:0, Wooden Chisel Head
TConstruct:chiselHead:1, Stone Chisel Head
TConstruct:chiselHead:2, Iron Chisel Head
TConstruct:chiselHead:3, Flint Chisel Head
TConstruct:chiselHead:4, Cactus Chisel Head
TConstruct:chiselHead:5, Bone Chisel Head
TConstruct:chiselHead:6, Obsidian Chisel Head
TConstruct:chiselHead:7, Netherrack Chisel Head
TConstruct:chiselHead:8, Slime Chisel Head
TConstruct:chiselHead:9, Paper Chisel Head
TConstruct:chiselHead:10, Cobalt Chisel Head
TConstruct:chiselHead:11, Ardite Chisel Head
TConstruct:chiselHead:12, Manyullyn Chisel Head
TConstruct:chiselHead:13, Copper Chisel Head
TConstruct:chiselHead:14, Bronze Chisel Head
TConstruct:chiselHead:15, Alumite Chisel Head
TConstruct:chiselHead:16, Steel Chisel Head
TConstruct:chiselHead:17, Slime Chisel Head
TConstruct:chiselHead:18, Pig Iron Chisel Head
TConstruct:scytheBlade:0, Wooden Scythe Head
TConstruct:scytheBlade:1, Stone Scythe Head
TConstruct:scytheBlade:2, Iron Scythe Head
TConstruct:scytheBlade:3, Flint Scythe Head
TConstruct:scytheBlade:4, Cactus Scythe Head
TConstruct:scytheBlade:5, Bone Scythe Head
TConstruct:scytheBlade:6, Obsidian Scythe Head
TConstruct:scytheBlade:7, Netherrack Scythe Head
TConstruct:scytheBlade:8, Slime Scythe Head
TConstruct:scytheBlade:9, Paper Scythe Head
TConstruct:scytheBlade:10, Cobalt Scythe Head
TConstruct:scytheBlade:11, Ardite Scythe Head
TConstruct:scytheBlade:12, Manyullyn Scythe Head
TConstruct:scytheBlade:13, Copper Scythe Head
TConstruct:scytheBlade:14, Bronze Scythe Head
TConstruct:scytheBlade:15, Alumite Scythe Head
TConstruct:scytheBlade:16, Steel Scythe Head
TConstruct:scytheBlade:17, Slime Scythe Head
TConstruct:scytheBlade:18, Pig Iron Scythe Head
TConstruct:broadAxeHead:0, Wooden Broad Axe Head
TConstruct:broadAxeHead:1, Stone Broad Axe Head
TConstruct:broadAxeHead:2, Iron Broad Axe Head
TConstruct:broadAxeHead:3, Flint Broad Axe Head
TConstruct:broadAxeHead:4, Cactus Broad Axe Head
TConstruct:broadAxeHead:5, Bone Broad Axe Head
TConstruct:broadAxeHead:6, Obsidian Broad Axe Head
TConstruct:broadAxeHead:7, Netherrack Broad Axe Head
TConstruct:broadAxeHead:8, Slime Broad Axe Head
TConstruct:broadAxeHead:9, Paper Broad Axe Head
TConstruct:broadAxeHead:10, Cobalt Broad Axe Head
TConstruct:broadAxeHead:11, Ardite Broad Axe Head
TConstruct:broadAxeHead:12, Manyullyn Broad Axe Head
TConstruct:broadAxeHead:13, Copper Broad Axe Head
TConstruct:broadAxeHead:14, Bronze Broad Axe Head
TConstruct:broadAxeHead:15, Alumite Broad Axe Head
TConstruct:broadAxeHead:16, Steel Broad Axe Head
TConstruct:broadAxeHead:17, Slime Broad Axe Head
TConstruct:broadAxeHead:18, Pig Iron Broad Axe Head
TConstruct:excavatorHead:0, Wooden Excavator Head
TConstruct:excavatorHead:1, Stone Excavator Head
TConstruct:excavatorHead:2, Iron Excavator Head
TConstruct:excavatorHead:3, Flint Excavator Head
TConstruct:excavatorHead:4, Cactus Excavator Head
TConstruct:excavatorHead:5, Bone Excavator Head
TConstruct:excavatorHead:6, Obsidian Excavator Head
TConstruct:excavatorHead:7, Netherrack Excavator Head
TConstruct:excavatorHead:8, Slime Excavator Head
TConstruct:excavatorHead:9, Paper Excavator Head
TConstruct:excavatorHead:10, Cobalt Excavator Head
TConstruct:excavatorHead:11, Ardite Excavator Head
TConstruct:excavatorHead:12, Manyullyn Excavator Head
TConstruct:excavatorHead:13, Copper Excavator Head
TConstruct:excavatorHead:14, Bronze Excavator Head
TConstruct:excavatorHead:15, Alumite Excavator Head
TConstruct:excavatorHead:16, Steel Excavator Head
TConstruct:excavatorHead:17, Slime Excavator Head
TConstruct:excavatorHead:18, Pig Iron Excavator Head
TConstruct:largeSwordBlade:0, Wooden Large Sword Blade
TConstruct:largeSwordBlade:1, Stone Large Sword Blade
TConstruct:largeSwordBlade:2, Iron Large Sword Blade
TConstruct:largeSwordBlade:3, Flint Large Sword Blade
TConstruct:largeSwordBlade:4, Cactus Large Sword Blade
TConstruct:largeSwordBlade:5, Bone Large Sword Blade
TConstruct:largeSwordBlade:6, Obsidian Large Sword Blade
TConstruct:largeSwordBlade:7, Netherrack Large Sword Blade
TConstruct:largeSwordBlade:8, Slime Large Sword Blade
TConstruct:largeSwordBlade:9, Paper Large Sword Blade
TConstruct:largeSwordBlade:10, Cobalt Large Sword Blade
TConstruct:largeSwordBlade:11, Ardite Large Sword Blade
TConstruct:largeSwordBlade:12, Manyullyn Large Sword Blade
TConstruct:largeSwordBlade:13, Copper Large Sword Blade
TConstruct:largeSwordBlade:14, Bronze Large Sword Blade
TConstruct:largeSwordBlade:15, Alumite Large Sword Blade
TConstruct:largeSwordBlade:16, Steel Large Sword Blade
TConstruct:largeSwordBlade:17, Slime Large Sword Blade
TConstruct:largeSwordBlade:18, Pig Iron Large Sword Blade
TConstruct:hammerHead:0, Wooden Hammer Head
TConstruct:hammerHead:1, Stone Hammer Head
TConstruct:hammerHead:2, Iron Hammer Head
TConstruct:hammerHead:3, Flint Hammer Head
TConstruct:hammerHead:4, Cactus Hammer Head
TConstruct:hammerHead:5, Bone Hammer Head
TConstruct:hammerHead:6, Obsidian Hammer Head
TConstruct:hammerHead:7, Netherrack Hammer Head
TConstruct:hammerHead:8, Slime Hammer Head
TConstruct:hammerHead:9, Paper Hammer Head
TConstruct:hammerHead:10, Cobalt Hammer Head
TConstruct:hammerHead:11, Ardite Hammer Head
TConstruct:hammerHead:12, Manyullyn Hammer Head
TConstruct:hammerHead:13, Copper Hammer Head
TConstruct:hammerHead:14, Bronze Hammer Head
TConstruct:hammerHead:15, Alumite Hammer Head
TConstruct:hammerHead:16, Steel Hammer Head
TConstruct:hammerHead:17, Slime Hammer Head
TConstruct:hammerHead:18, Pig Iron Hammer Head
TConstruct:creativeModifier, Creative Tool Modifier
TConstruct:buckets:0, Molten Iron Bucket
TConstruct:buckets:1, Molten Gold Bucket
TConstruct:buckets:2, Molten Copper Bucket
TConstruct:buckets:3, Molten Tin Bucket
TConstruct:buckets:4, Molten Aluminum Bucket
TConstruct:buckets:5, Molten Cobalt Bucket
TConstruct:buckets:6, Molten Ardite Bucket
TConstruct:buckets:7, Molten Bronze Bucket
TConstruct:buckets:8, Molten Aluminum Brass Bucket
TConstruct:buckets:9, Molten Manyullyn Bucket
TConstruct:buckets:10, Molten Alumite Bucket
TConstruct:buckets:11, Molten Obsidian Bucket
TConstruct:buckets:12, Molten Steel Bucket
TConstruct:buckets:13, Molten Glass Bucket
TConstruct:buckets:14, Seared Stone Bucket
TConstruct:buckets:15, Liquified Emerald Bucket
TConstruct:buckets:16, Bucket o' Blood
TConstruct:buckets:17, Molten Nickel Bucket
TConstruct:buckets:18, Molten Lead Bucket
TConstruct:buckets:19, Molten Silver Bucket
TConstruct:buckets:20, Molten Shiny Bucket
TConstruct:buckets:21, Molten Invar Bucket
TConstruct:buckets:22, Molten Electrum Bucket
TConstruct:buckets:23, Liquified Ender Bucket
TConstruct:buckets:24, Liquid Slime Bucket
TConstruct:buckets:25, Sticky Glue Bucket
TConstruct:buckets:26, Molten Pig Iron Bucket
TConstruct:buckets:27, Molten Lumium Bucket
TConstruct:buckets:28, Molten Signalum Bucket
TConstruct:buckets:29, Molten Mana Infused Metal Bucket
TConstruct:buckets:30, Molten Enderium Bucket
TConstruct:metalPattern:0, Ingot Cast
TConstruct:metalPattern:1, Tool Rod Cast
TConstruct:metalPattern:2, Pickaxe Head Cast
TConstruct:metalPattern:3, Shovel Head Cast
TConstruct:metalPattern:4, Axe Head Cast
TConstruct:metalPattern:5, Sword Blade Cast
TConstruct:metalPattern:6, Wide Guard Cast
TConstruct:metalPattern:7, Hand Guard Cast
TConstruct:metalPattern:8, Crossbar Cast
TConstruct:metalPattern:9, Tool Binding Cast
TConstruct:metalPattern:10, Pan Cast
TConstruct:metalPattern:11, Wide Board Cast
TConstruct:metalPattern:12, Knife Blade Cast
TConstruct:metalPattern:13, Chisel Head Cast
TConstruct:metalPattern:14, Tough Rod Cast
TConstruct:metalPattern:15, Tough Binding Cast
TConstruct:metalPattern:16, Large Plate Cast
TConstruct:metalPattern:17, Broadaxe Head Cast
TConstruct:metalPattern:18, Scythe Head Cast
TConstruct:metalPattern:19, Excavator Head Cast
TConstruct:metalPattern:20, Large Blade Cast
TConstruct:metalPattern:21, Hammer Head Cast
TConstruct:metalPattern:22, Full Guard Cast
TConstruct:metalPattern:25, Arrowhead Cast
TConstruct:metalPattern:26, Gem Cast
TConstruct:metalPattern:27, Nugget Cast
TConstruct:diamondApple:0, Jeweled Apple
TConstruct:jerky:0, Beef Jerky
TConstruct:jerky:1, Chicken Jerky
TConstruct:jerky:2, Bacon Jerky
TConstruct:jerky:3, Mutton Jerky
TConstruct:jerky:4, Fish Jerky
TConstruct:jerky:5, Monster Jerky
TConstruct:jerky:6, Gelatinous Slime Drop
TConstruct:jerky:7, Coagulated Blood Drop
TConstruct:heartCanister:0, Empty Canister
TConstruct:heartCanister:1, Miniature Red Heart
TConstruct:heartCanister:2, Red Heart Canister
TConstruct:heartCanister:3, Miniature Yellow Heart
TConstruct:heartCanister:4, Yellow Heart Canister
TConstruct:heartCanister:5, Miniature Green Heart
TConstruct:heartCanister:6, Green Heart Canister
TConstruct:knapsack:0, Knapsack
TConstruct:helmetWood, Wooden Helmet
TConstruct:chestplateWood, Wooden Chestplate
TConstruct:leggingsWood, Wooden Leggings
TConstruct:bootsWood, Wooden Boots
TConstruct:travelGoggles, Traveller's Goggles
TConstruct:travelVest, Traveller's Vest
TConstruct:travelWings, Traveller's Wings
TConstruct:travelBoots, Traveller's Boots
TConstruct:travelGlove, Traveller's Gloves
TConstruct:travelBelt, Traveller's Belt
TConstruct:bowstring:0, Bowstring
TConstruct:bowstring:2, Fiery Bowstring
TConstruct:arrowhead:0, Wooden Arrowhead
TConstruct:arrowhead:1, Stone Arrowhead
TConstruct:arrowhead:2, Iron Arrowhead
TConstruct:arrowhead:3, Flint Arrowhead
TConstruct:arrowhead:4, Cactus Arrowhead
TConstruct:arrowhead:5, Bone Arrowhead
TConstruct:arrowhead:6, Obsidian Arrowhead
TConstruct:arrowhead:7, Netherrack Arrowhead
TConstruct:arrowhead:8, Slime Arrowhead
TConstruct:arrowhead:9, Paper Arrowhead
TConstruct:arrowhead:10, Cobalt Arrowhead
TConstruct:arrowhead:11, Ardite Arrowhead
TConstruct:arrowhead:12, Manyullyn Arrowhead
TConstruct:arrowhead:13, Copper Arrowhead
TConstruct:arrowhead:14, Bronze Arrowhead
TConstruct:arrowhead:15, Alumite Arrowhead
TConstruct:arrowhead:16, Steel Arrowhead
TConstruct:arrowhead:17, Slime Arrowhead
TConstruct:arrowhead:18, Pig Iron Arrowhead
TConstruct:fletching:0, Feather Fletching
TConstruct:fletching:1, Leaf Fletching
TConstruct:fletching:2, Slime Fletching
TConstruct:fletching:3, Slime Fletching
TConstruct:fletching:4, Slimeleaf Fletching
TConstruct:ShurikenPart:0, Wooden Shuriken
TConstruct:ShurikenPart:1, Stone Shuriken
TConstruct:ShurikenPart:2, Iron Shuriken
TConstruct:ShurikenPart:3, Flint Shuriken
TConstruct:ShurikenPart:4, Cactus Shuriken
TConstruct:ShurikenPart:5, Bone Shuriken
TConstruct:ShurikenPart:6, Obsidian Shuriken
TConstruct:ShurikenPart:7, Netherrack Shuriken
TConstruct:ShurikenPart:8, Slime Shuriken
TConstruct:ShurikenPart:9, Paper Shuriken
TConstruct:ShurikenPart:10, Cobalt Shuriken
TConstruct:ShurikenPart:11, Ardite Shuriken
TConstruct:ShurikenPart:12, Manyullyn Shuriken
TConstruct:ShurikenPart:13, Copper Shuriken
TConstruct:ShurikenPart:14, Bronze Shuriken
TConstruct:ShurikenPart:15, Alumite Shuriken
TConstruct:ShurikenPart:16, Steel Shuriken
TConstruct:ShurikenPart:17, Slime Shuriken
TConstruct:ShurikenPart:18, Pig Iron Shuriken
TConstruct:BowLimbPart:0, Wooden Bow Limb
TConstruct:BowLimbPart:1, Stone Bow Limb
TConstruct:BowLimbPart:2, Iron Bow Limb
TConstruct:BowLimbPart:3, Flint Bow Limb
TConstruct:BowLimbPart:4, Cactus Bow Limb
TConstruct:BowLimbPart:5, Bone Bow Limb
TConstruct:BowLimbPart:6, Obsidian Bow Limb
TConstruct:BowLimbPart:7, Netherrack Bow Limb
TConstruct:BowLimbPart:8, Slime Bow Limb
TConstruct:BowLimbPart:9, Paper Bow Limb
TConstruct:BowLimbPart:10, Cobalt Bow Limb
TConstruct:BowLimbPart:11, Ardite Bow Limb
TConstruct:BowLimbPart:12, Manyullyn Bow Limb
TConstruct:BowLimbPart:13, Copper Bow Limb
TConstruct:BowLimbPart:14, Bronze Bow Limb
TConstruct:BowLimbPart:15, Alumite Bow Limb
TConstruct:BowLimbPart:16, Steel Bow Limb
TConstruct:BowLimbPart:17, Slime Bow Limb
TConstruct:BowLimbPart:18, Pig Iron Bow Limb
TConstruct:CrossbowLimbPart:0, Wooden Crossbow Limb
TConstruct:CrossbowLimbPart:1, Stone Crossbow Limb
TConstruct:CrossbowLimbPart:2, Iron Crossbow Limb
TConstruct:CrossbowLimbPart:3, Flint Crossbow Limb
TConstruct:CrossbowLimbPart:4, Cactus Crossbow Limb
TConstruct:CrossbowLimbPart:5, Bone Crossbow Limb
TConstruct:CrossbowLimbPart:6, Obsidian Crossbow Limb
TConstruct:CrossbowLimbPart:7, Netherrack Crossbow Limb
TConstruct:CrossbowLimbPart:8, Slime Crossbow Limb
TConstruct:CrossbowLimbPart:9, Paper Crossbow Limb
TConstruct:CrossbowLimbPart:10, Cobalt Crossbow Limb
TConstruct:CrossbowLimbPart:11, Ardite Crossbow Limb
TConstruct:CrossbowLimbPart:12, Manyullyn Crossbow Limb
TConstruct:CrossbowLimbPart:13, Copper Crossbow Limb
TConstruct:CrossbowLimbPart:14, Bronze Crossbow Limb
TConstruct:CrossbowLimbPart:15, Alumite Crossbow Limb
TConstruct:CrossbowLimbPart:16, Steel Crossbow Limb
TConstruct:CrossbowLimbPart:17, Slime Crossbow Limb
TConstruct:CrossbowLimbPart:18, Pig Iron Crossbow Limb
TConstruct:CrossbowBodyPart:0, Wooden Crossbow Body
TConstruct:CrossbowBodyPart:1, Stone Crossbow Body
TConstruct:CrossbowBodyPart:2, Iron Crossbow Body
TConstruct:CrossbowBodyPart:3, Flint Crossbow Body
TConstruct:CrossbowBodyPart:4, Cactus Crossbow Body
TConstruct:CrossbowBodyPart:5, Bone Crossbow Body
TConstruct:CrossbowBodyPart:6, Obsidian Crossbow Body
TConstruct:CrossbowBodyPart:7, Netherrack Crossbow Body
TConstruct:CrossbowBodyPart:8, Slime Crossbow Body
TConstruct:CrossbowBodyPart:9, Paper Crossbow Body
TConstruct:CrossbowBodyPart:10, Cobalt Crossbow Body
TConstruct:CrossbowBodyPart:11, Ardite Crossbow Body
TConstruct:CrossbowBodyPart:12, Manyullyn Crossbow Body
TConstruct:CrossbowBodyPart:13, Copper Crossbow Body
TConstruct:CrossbowBodyPart:14, Bronze Crossbow Body
TConstruct:CrossbowBodyPart:15, Alumite Crossbow Body
TConstruct:CrossbowBodyPart:16, Steel Crossbow Body
TConstruct:CrossbowBodyPart:17, Slime Crossbow Body
TConstruct:CrossbowBodyPart:18, Pig Iron Crossbow Body
TConstruct:BoltPart:0, Wooden Bolt
TConstruct:BoltPart:1, Stone Bolt
TConstruct:BoltPart:2, Iron Bolt
TConstruct:BoltPart:3, Flint Bolt
TConstruct:BoltPart:4, Cactus Bolt
TConstruct:BoltPart:5, Bone Bolt
TConstruct:BoltPart:6, Obsidian Bolt
TConstruct:BoltPart:134, Bloodwood Bolt
TConstruct:BoltPart:7, Netherrack Bolt
TConstruct:BoltPart:135, Darkwood Bolt
TConstruct:BoltPart:8, Slime Bolt
TConstruct:BoltPart:136, Fusewood Bolt
TConstruct:BoltPart:9, Paper Bolt
TConstruct:BoltPart:137, Ghostwood Bolt
TConstruct:BoltPart:10, Cobalt Bolt
TConstruct:BoltPart:138, Nether Quartz Bolt
TConstruct:BoltPart:11, Ardite Bolt
TConstruct:BoltPart:139, Refined Glowstone Bolt
TConstruct:BoltPart:12, Manyullyn Bolt
TConstruct:BoltPart:140, Osmium Bolt
TConstruct:BoltPart:13, Copper Bolt
TConstruct:BoltPart:141, Pokefennium Bolt
TConstruct:BoltPart:14, Bronze Bolt
TConstruct:BoltPart:142, Fairy Bolt
TConstruct:BoltPart:15, Alumite Bolt
TConstruct:BoltPart:143, Certus Quartz Bolt
TConstruct:BoltPart:16, Steel Bolt
TConstruct:BoltPart:17, Slime Bolt
TConstruct:BoltPart:145, Manasteel Bolt
TConstruct:BoltPart:18, Pig Iron Bolt
TConstruct:BoltPart:146, Terrasteel Bolt
TConstruct:BoltPart:147, Elementium Bolt
TConstruct:BoltPart:160, Fiery Bolt
TConstruct:BoltPart:161, Ironwood Bolt
TConstruct:BoltPart:162, KnightMetal Bolt
TConstruct:BoltPart:163, Steelleaf Bolt
TConstruct:BoltPart:164, Amethyst Bolt
TConstruct:BoltPart:165, Peridot Bolt
TConstruct:BoltPart:166, Ruby Bolt
TConstruct:BoltPart:167, Sapphire Bolt
TConstruct:BoltPart:171, Dark Steel Bolt
TConstruct:BoltPart:172, Void Metal Bolt
TConstruct:BoltPart:173, RedAurum Bolt
TConstruct:BoltPart:178, Draconium Bolt
TConstruct:BoltPart:179, Awakened Draconium Bolt
TConstruct:BoltPart:180, Glue Bolt
TConstruct:BoltPart:181, Yellorium Bolt
TConstruct:BoltPart:182, Cyanite Bolt
TConstruct:BoltPart:183, Blutonium Bolt
TConstruct:BoltPart:184, Ludicrite Bolt
TConstruct:BoltPart:185, Bedrockium Bolt
TConstruct:BoltPart:186, Tear Jerker Bolt
TConstruct:BoltPart:187, Wither Iron Bolt
TConstruct:BoltPart:189, Enderium Bolt
TConstruct:BoltPart:190, Signalum Bolt
TConstruct:BoltPart:191, Lumium Bolt
TConstruct:BoltPart:2000, Constantan Bolt
TConstruct:BoltPart:126, Mithril Bolt
TConstruct:Shuriken, item.InfiTool.name
TConstruct:ThrowingKnife, item.InfiTool.name
TConstruct:Javelin, item.InfiTool.name
TConstruct:ShortBow, item.InfiTool.name
TConstruct:LongBow, item.InfiTool.name
TConstruct:Crossbow, item.InfiTool.name
TConstruct:ArrowAmmo, item.InfiTool.name
TConstruct:BoltAmmo, item.InfiTool.name
TConstruct:Pattern:0, Shuriken Pattern
TConstruct:Pattern:1, Crossbow Limb Pattern
TConstruct:Pattern:2, Crossbow Body Pattern
TConstruct:Pattern:3, Bow Limb Pattern
TConstruct:Cast:0, Shuriken Cast
TConstruct:Cast:1, Crossbow Limb Cast
TConstruct:Cast:2, Crossbow Body Cast
TConstruct:Cast:3, Bow Limb Cast
TConstruct:GlassArrows, item.tconstruct.glassArrows.name
TConstruct:Boneana, Broadsword
TConstruct:gearCast, Gear Cast
ExtraTiC:funStuffIngot:0, Fairy Ingot
ExtraTiC:funStuffIngot:1, Pokefennium Ingot
ExtraTiC:funStuffIngot:2, RedAurum Ingot
ExtraTiC:drulloyIngot:0, Drulloy Ingot
ExtraTiC:arrowhead:134, Bloodwood Arrowhead
ExtraTiC:arrowhead:135, Darkwood Arrowhead
ExtraTiC:arrowhead:136, Fusewood Arrowhead
ExtraTiC:arrowhead:137, Ghostwood Arrowhead
ExtraTiC:arrowhead:138, Nether Quartz Arrowhead
ExtraTiC:arrowhead:139, Refined Glowstone Arrowhead
ExtraTiC:arrowhead:140, Osmium Arrowhead
ExtraTiC:arrowhead:141, Pokefennium Arrowhead
ExtraTiC:arrowhead:142, Fairy Arrowhead
ExtraTiC:arrowhead:143, Certus Quartz Arrowhead
ExtraTiC:arrowhead:2000, Constantan Arrowhead
ExtraTiC:arrowhead:145, Manasteel Arrowhead
ExtraTiC:arrowhead:146, Terrasteel Arrowhead
ExtraTiC:arrowhead:147, Elementium Arrowhead
ExtraTiC:arrowhead:160, Fiery Arrowhead
ExtraTiC:arrowhead:161, Ironwood Arrowhead
ExtraTiC:arrowhead:162, KnightMetal Arrowhead
ExtraTiC:arrowhead:163, Steelleaf Arrowhead
ExtraTiC:arrowhead:164, Amethyst Arrowhead
ExtraTiC:arrowhead:165, Peridot Arrowhead
ExtraTiC:arrowhead:166, Ruby Arrowhead
ExtraTiC:arrowhead:167, Sapphire Arrowhead
ExtraTiC:arrowhead:171, Dark Steel Arrowhead
ExtraTiC:arrowhead:172, Void Metal Arrowhead
ExtraTiC:arrowhead:173, RedAurum Arrowhead
ExtraTiC:arrowhead:178, Draconium Arrowhead
ExtraTiC:arrowhead:179, Awakened Draconium Arrowhead
ExtraTiC:arrowhead:180, Glue Arrowhead
ExtraTiC:arrowhead:181, Yellorium Arrowhead
ExtraTiC:arrowhead:182, Cyanite Arrowhead
ExtraTiC:arrowhead:183, Blutonium Arrowhead
ExtraTiC:arrowhead:184, Ludicrite Arrowhead
ExtraTiC:arrowhead:185, Bedrockium Arrowhead
ExtraTiC:arrowhead:186, Tear Jerker Arrowhead
ExtraTiC:arrowhead:187, Wither Iron Arrowhead
ExtraTiC:arrowhead:189, Enderium Arrowhead
ExtraTiC:arrowhead:126, Mithril Arrowhead
ExtraTiC:arrowhead:190, Signalum Arrowhead
ExtraTiC:arrowhead:191, Lumium Arrowhead
ExtraTiC:axeHead:134, Bloodwood Axe Head
ExtraTiC:axeHead:135, Darkwood Axe Head
ExtraTiC:axeHead:136, Fusewood Axe Head
ExtraTiC:axeHead:137, Ghostwood Axe Head
ExtraTiC:axeHead:138, Nether Quartz Axe Head
ExtraTiC:axeHead:139, Refined Glowstone Axe Head
ExtraTiC:axeHead:140, Osmium Axe Head
ExtraTiC:axeHead:141, Pokefennium Axe Head
ExtraTiC:axeHead:142, Fairy Axe Head
ExtraTiC:axeHead:143, Certus Quartz Axe Head
ExtraTiC:axeHead:2000, Constantan Axe Head
ExtraTiC:axeHead:145, Manasteel Axe Head
ExtraTiC:axeHead:146, Terrasteel Axe Head
ExtraTiC:axeHead:147, Elementium Axe Head
ExtraTiC:axeHead:160, Fiery Axe Head
ExtraTiC:axeHead:161, Ironwood Axe Head
ExtraTiC:axeHead:162, KnightMetal Axe Head
ExtraTiC:axeHead:163, Steelleaf Axe Head
ExtraTiC:axeHead:164, Amethyst Axe Head
ExtraTiC:axeHead:165, Peridot Axe Head
ExtraTiC:axeHead:166, Ruby Axe Head
ExtraTiC:axeHead:167, Sapphire Axe Head
ExtraTiC:axeHead:171, Dark Steel Axe Head
ExtraTiC:axeHead:172, Void Metal Axe Head
ExtraTiC:axeHead:173, RedAurum Axe Head
ExtraTiC:axeHead:178, Draconium Axe Head
ExtraTiC:axeHead:179, Awakened Draconium Axe Head
ExtraTiC:axeHead:180, Glue Axe Head
ExtraTiC:axeHead:181, Yellorium Axe Head
ExtraTiC:axeHead:182, Cyanite Axe Head
ExtraTiC:axeHead:183, Blutonium Axe Head
ExtraTiC:axeHead:184, Ludicrite Axe Head
ExtraTiC:axeHead:185, Bedrockium Axe Head
ExtraTiC:axeHead:186, Tear Jerker Axe Head
ExtraTiC:axeHead:187, Wither Iron Axe Head
ExtraTiC:axeHead:189, Enderium Axe Head
ExtraTiC:axeHead:126, Mithril Axe Head
ExtraTiC:axeHead:190, Signalum Axe Head
ExtraTiC:axeHead:191, Lumium Axe Head
ExtraTiC:battelSign:134, Bloodwood Battle Sign
ExtraTiC:battelSign:135, Darkwood Battle Sign
ExtraTiC:battelSign:136, Fusewood Battle Sign
ExtraTiC:battelSign:137, Ghostwood Battle Sign
ExtraTiC:battelSign:138, Nether Quartz Battle Sign
ExtraTiC:battelSign:139, Refined Glowstone Battle Sign
ExtraTiC:battelSign:140, Osmium Battle Sign
ExtraTiC:battelSign:141, Pokefennium Battle Sign
ExtraTiC:battelSign:142, Fairy Battle Sign
ExtraTiC:battelSign:143, Certus Quartz Battle Sign
ExtraTiC:battelSign:2000, Constantan Battle Sign
ExtraTiC:battelSign:145, Manasteel Battle Sign
ExtraTiC:battelSign:146, Terrasteel Battle Sign
ExtraTiC:battelSign:147, Elementium Battle Sign
ExtraTiC:battelSign:160, Fiery Battle Sign
ExtraTiC:battelSign:161, Ironwood Battle Sign
ExtraTiC:battelSign:162, KnightMetal Battle Sign
ExtraTiC:battelSign:163, Steelleaf Battle Sign
ExtraTiC:battelSign:164, Amethyst Battle Sign
ExtraTiC:battelSign:165, Peridot Battle Sign
ExtraTiC:battelSign:166, Ruby Battle Sign
ExtraTiC:battelSign:167, Sapphire Battle Sign
ExtraTiC:battelSign:171, Dark Steel Battle Sign
ExtraTiC:battelSign:172, Void Metal Battle Sign
ExtraTiC:battelSign:173, RedAurum Battle Sign
ExtraTiC:battelSign:178, Draconium Battle Sign
ExtraTiC:battelSign:179, Awakened Draconium Battle Sign
ExtraTiC:battelSign:180, Glue Battle Sign
ExtraTiC:battelSign:181, Yellorium Battle Sign
ExtraTiC:battelSign:182, Cyanite Battle Sign
ExtraTiC:battelSign:183, Blutonium Battle Sign
ExtraTiC:battelSign:184, Ludicrite Battle Sign
ExtraTiC:battelSign:185, Bedrockium Battle Sign
ExtraTiC:battelSign:186, Tear Jerker Battle Sign
ExtraTiC:battelSign:187, Wither Iron Battle Sign
ExtraTiC:battelSign:189, Enderium Battle Sign
ExtraTiC:battelSign:126, Mithril Battle Sign
ExtraTiC:battelSign:190, Signalum Battle Sign
ExtraTiC:battelSign:191, Lumium Battle Sign
ExtraTiC:binding:134, Bloodwood Binding
ExtraTiC:binding:135, Darkwood Binding
ExtraTiC:binding:136, Fusewood Binding
ExtraTiC:binding:137, Ghostwood Binding
ExtraTiC:binding:138, Nether Quartz Binding
ExtraTiC:binding:139, Refined Glowstone Binding
ExtraTiC:binding:140, Osmium Binding
ExtraTiC:binding:141, Pokefennium Binding
ExtraTiC:binding:142, Fairy Binding
ExtraTiC:binding:143, Certus Quartz Binding
ExtraTiC:binding:2000, Constantan Binding
ExtraTiC:binding:145, Manasteel Binding
ExtraTiC:binding:146, Terrasteel Binding
ExtraTiC:binding:147, Elementium Binding
ExtraTiC:binding:160, Fiery Binding
ExtraTiC:binding:161, Ironwood Binding
ExtraTiC:binding:162, KnightMetal Binding
ExtraTiC:binding:163, Steelleaf Binding
ExtraTiC:binding:164, Amethyst Binding
ExtraTiC:binding:165, Peridot Binding
ExtraTiC:binding:166, Ruby Binding
ExtraTiC:binding:167, Sapphire Binding
ExtraTiC:binding:171, Dark Steel Binding
ExtraTiC:binding:172, Void Metal Binding
ExtraTiC:binding:173, RedAurum Binding
ExtraTiC:binding:178, Draconium Binding
ExtraTiC:binding:179, Awakened Draconium Binding
ExtraTiC:binding:180, Glue Binding
ExtraTiC:binding:181, Yellorium Binding
ExtraTiC:binding:182, Cyanite Binding
ExtraTiC:binding:183, Blutonium Binding
ExtraTiC:binding:184, Ludicrite Binding
ExtraTiC:binding:185, Bedrockium Binding
ExtraTiC:binding:186, Tear Jerker Binding
ExtraTiC:binding:187, Wither Iron Binding
ExtraTiC:binding:189, Enderium Binding
ExtraTiC:binding:126, Mithril Binding
ExtraTiC:binding:190, Signalum Binding
ExtraTiC:binding:191, Lumium Binding
ExtraTiC:chiselHead:134, Bloodwood Chisel Head
ExtraTiC:chiselHead:135, Darkwood Chisel Head
ExtraTiC:chiselHead:136, Fusewood Chisel Head
ExtraTiC:chiselHead:137, Ghostwood Chisel Head
ExtraTiC:chiselHead:138, Nether Quartz Chisel Head
ExtraTiC:chiselHead:139, Refined Glowstone Chisel Head
ExtraTiC:chiselHead:140, Osmium Chisel Head
ExtraTiC:chiselHead:141, Pokefennium Chisel Head
ExtraTiC:chiselHead:142, Fairy Chisel Head
ExtraTiC:chiselHead:143, Certus Quartz Chisel Head
ExtraTiC:chiselHead:2000, Constantan Chisel Head
ExtraTiC:chiselHead:145, Manasteel Chisel Head
ExtraTiC:chiselHead:146, Terrasteel Chisel Head
ExtraTiC:chiselHead:147, Elementium Chisel Head
ExtraTiC:chiselHead:160, Fiery Chisel Head
ExtraTiC:chiselHead:161, Ironwood Chisel Head
ExtraTiC:chiselHead:162, KnightMetal Chisel Head
ExtraTiC:chiselHead:163, Steelleaf Chisel Head
ExtraTiC:chiselHead:164, Amethyst Chisel Head
ExtraTiC:chiselHead:165, Peridot Chisel Head
ExtraTiC:chiselHead:166, Ruby Chisel Head
ExtraTiC:chiselHead:167, Sapphire Chisel Head
ExtraTiC:chiselHead:171, Dark Steel Chisel Head
ExtraTiC:chiselHead:172, Void Metal Chisel Head
ExtraTiC:chiselHead:173, RedAurum Chisel Head
ExtraTiC:chiselHead:178, Draconium Chisel Head
ExtraTiC:chiselHead:179, Awakened Draconium Chisel Head
ExtraTiC:chiselHead:180, Glue Chisel Head
ExtraTiC:chiselHead:181, Yellorium Chisel Head
ExtraTiC:chiselHead:182, Cyanite Chisel Head
ExtraTiC:chiselHead:183, Blutonium Chisel Head
ExtraTiC:chiselHead:184, Ludicrite Chisel Head
ExtraTiC:chiselHead:185, Bedrockium Chisel Head
ExtraTiC:chiselHead:186, Tear Jerker Chisel Head
ExtraTiC:chiselHead:187, Wither Iron Chisel Head
ExtraTiC:chiselHead:189, Enderium Chisel Head
ExtraTiC:chiselHead:126, Mithril Chisel Head
ExtraTiC:chiselHead:190, Signalum Chisel Head
ExtraTiC:chiselHead:191, Lumium Chisel Head
ExtraTiC:chunk:134, Bloodwood Chunk
ExtraTiC:chunk:135, Darkwood Chunk
ExtraTiC:chunk:136, Fusewood Chunk
ExtraTiC:chunk:137, Ghostwood Chunk
ExtraTiC:chunk:138, Nether Quartz Chunk
ExtraTiC:chunk:139, Refined Glowstone Chunk
ExtraTiC:chunk:140, Osmium Chunk
ExtraTiC:chunk:141, Pokefennium Chunk
ExtraTiC:chunk:142, Fairy Chunk
ExtraTiC:chunk:143, Certus Quartz Chunk
ExtraTiC:chunk:2000, Constantan Chunk
ExtraTiC:chunk:145, Manasteel Chunk
ExtraTiC:chunk:146, Terrasteel Chunk
ExtraTiC:chunk:147, Elementium Chunk
ExtraTiC:chunk:160, Fiery Chunk
ExtraTiC:chunk:161, Ironwood Chunk
ExtraTiC:chunk:162, KnightMetal Chunk
ExtraTiC:chunk:163, Steelleaf Chunk
ExtraTiC:chunk:164, Amethyst Chunk
ExtraTiC:chunk:165, Peridot Chunk
ExtraTiC:chunk:166, Ruby Chunk
ExtraTiC:chunk:167, Sapphire Chunk
ExtraTiC:chunk:171, Dark Steel Chunk
ExtraTiC:chunk:172, Void Metal Chunk
ExtraTiC:chunk:173, RedAurum Chunk
ExtraTiC:chunk:178, Draconium Chunk
ExtraTiC:chunk:179, Awakened Draconium Chunk
ExtraTiC:chunk:180, Glue Chunk
ExtraTiC:chunk:181, Yellorium Chunk
ExtraTiC:chunk:182, Cyanite Chunk
ExtraTiC:chunk:183, Blutonium Chunk
ExtraTiC:chunk:184, Ludicrite Chunk
ExtraTiC:chunk:185, Bedrockium Chunk
ExtraTiC:chunk:186, Tear Jerker Chunk
ExtraTiC:chunk:187, Wither Iron Chunk
ExtraTiC:chunk:189, Enderium Chunk
ExtraTiC:chunk:126, Mithril Chunk
ExtraTiC:chunk:190, Signalum Chunk
ExtraTiC:chunk:191, Lumium Chunk
ExtraTiC:crossbar:134, Bloodwood Crossbar
ExtraTiC:crossbar:135, Darkwood Crossbar
ExtraTiC:crossbar:136, Fusewood Crossbar
ExtraTiC:crossbar:137, Ghostwood Crossbar
ExtraTiC:crossbar:138, Nether Quartz Crossbar
ExtraTiC:crossbar:139, Refined Glowstone Crossbar
ExtraTiC:crossbar:140, Osmium Crossbar
ExtraTiC:crossbar:141, Pokefennium Crossbar
ExtraTiC:crossbar:142, Fairy Crossbar
ExtraTiC:crossbar:143, Certus Quartz Crossbar
ExtraTiC:crossbar:2000, Constantan Crossbar
ExtraTiC:crossbar:145, Manasteel Crossbar
ExtraTiC:crossbar:146, Terrasteel Crossbar
ExtraTiC:crossbar:147, Elementium Crossbar
ExtraTiC:crossbar:160, Fiery Crossbar
ExtraTiC:crossbar:161, Ironwood Crossbar
ExtraTiC:crossbar:162, KnightMetal Crossbar
ExtraTiC:crossbar:163, Steelleaf Crossbar
ExtraTiC:crossbar:164, Amethyst Crossbar
ExtraTiC:crossbar:165, Peridot Crossbar
ExtraTiC:crossbar:166, Ruby Crossbar
ExtraTiC:crossbar:167, Sapphire Crossbar
ExtraTiC:crossbar:171, Dark Steel Crossbar
ExtraTiC:crossbar:172, Void Metal Crossbar
ExtraTiC:crossbar:173, RedAurum Crossbar
ExtraTiC:crossbar:178, Draconium Crossbar
ExtraTiC:crossbar:179, Awakened Draconium Crossbar
ExtraTiC:crossbar:180, Glue Crossbar
ExtraTiC:crossbar:181, Yellorium Crossbar
ExtraTiC:crossbar:182, Cyanite Crossbar
ExtraTiC:crossbar:183, Blutonium Crossbar
ExtraTiC:crossbar:184, Ludicrite Crossbar
ExtraTiC:crossbar:185, Bedrockium Crossbar
ExtraTiC:crossbar:186, Tear Jerker Crossbar
ExtraTiC:crossbar:187, Wither Iron Crossbar
ExtraTiC:crossbar:189, Enderium Crossbar
ExtraTiC:crossbar:126, Mithril Crossbar
ExtraTiC:crossbar:190, Signalum Crossbar
ExtraTiC:crossbar:191, Lumium Crossbar
ExtraTiC:excavatorHead:134, Bloodwood Excavator Head
ExtraTiC:excavatorHead:135, Darkwood Excavator Head
ExtraTiC:excavatorHead:136, Fusewood Excavator Head
ExtraTiC:excavatorHead:137, Ghostwood Excavator Head
ExtraTiC:excavatorHead:138, Nether Quartz Excavator Head
ExtraTiC:excavatorHead:139, Refined Glowstone Excavator Head
ExtraTiC:excavatorHead:140, Osmium Excavator Head
ExtraTiC:excavatorHead:141, Pokefennium Excavator Head
ExtraTiC:excavatorHead:142, Fairy Excavator Head
ExtraTiC:excavatorHead:143, Certus Quartz Excavator Head
ExtraTiC:excavatorHead:2000, Constantan Excavator Head
ExtraTiC:excavatorHead:145, Manasteel Excavator Head
ExtraTiC:excavatorHead:146, Terrasteel Excavator Head
ExtraTiC:excavatorHead:147, Elementium Excavator Head
ExtraTiC:excavatorHead:160, Fiery Excavator Head
ExtraTiC:excavatorHead:161, Ironwood Excavator Head
ExtraTiC:excavatorHead:162, KnightMetal Excavator Head
ExtraTiC:excavatorHead:163, Steelleaf Excavator Head
ExtraTiC:excavatorHead:164, Amethyst Excavator Head
ExtraTiC:excavatorHead:165, Peridot Excavator Head
ExtraTiC:excavatorHead:166, Ruby Excavator Head
ExtraTiC:excavatorHead:167, Sapphire Excavator Head
ExtraTiC:excavatorHead:171, Dark Steel Excavator Head
ExtraTiC:excavatorHead:172, Void Metal Excavator Head
ExtraTiC:excavatorHead:173, RedAurum Excavator Head
ExtraTiC:excavatorHead:178, Draconium Excavator Head
ExtraTiC:excavatorHead:179, Awakened Draconium Excavator Head
ExtraTiC:excavatorHead:180, Glue Excavator Head
ExtraTiC:excavatorHead:181, Yellorium Excavator Head
ExtraTiC:excavatorHead:182, Cyanite Excavator Head
ExtraTiC:excavatorHead:183, Blutonium Excavator Head
ExtraTiC:excavatorHead:184, Ludicrite Excavator Head
ExtraTiC:excavatorHead:185, Bedrockium Excavator Head
ExtraTiC:excavatorHead:186, Tear Jerker Excavator Head
ExtraTiC:excavatorHead:187, Wither Iron Excavator Head
ExtraTiC:excavatorHead:189, Enderium Excavator Head
ExtraTiC:excavatorHead:126, Mithril Excavator Head
ExtraTiC:excavatorHead:190, Signalum Excavator Head
ExtraTiC:excavatorHead:191, Lumium Excavator Head
ExtraTiC:frypanHead:134, Bloodwood Pan Head
ExtraTiC:frypanHead:135, Darkwood Pan Head
ExtraTiC:frypanHead:136, Fusewood Pan Head
ExtraTiC:frypanHead:137, Ghostwood Pan Head
ExtraTiC:frypanHead:138, Nether Quartz Pan Head
ExtraTiC:frypanHead:139, Refined Glowstone Pan Head
ExtraTiC:frypanHead:140, Osmium Pan Head
ExtraTiC:frypanHead:141, Pokefennium Pan Head
ExtraTiC:frypanHead:142, Fairy Pan Head
ExtraTiC:frypanHead:143, Certus Quartz Pan Head
ExtraTiC:frypanHead:2000, Constantan Pan Head
ExtraTiC:frypanHead:145, Manasteel Pan Head
ExtraTiC:frypanHead:146, Terrasteel Pan Head
ExtraTiC:frypanHead:147, Elementium Pan Head
ExtraTiC:frypanHead:160, Fiery Pan Head
ExtraTiC:frypanHead:161, Ironwood Pan Head
ExtraTiC:frypanHead:162, KnightMetal Pan Head
ExtraTiC:frypanHead:163, Steelleaf Pan Head
ExtraTiC:frypanHead:164, Amethyst Pan Head
ExtraTiC:frypanHead:165, Peridot Pan Head
ExtraTiC:frypanHead:166, Ruby Pan Head
ExtraTiC:frypanHead:167, Sapphire Pan Head
ExtraTiC:frypanHead:171, Dark Steel Pan Head
ExtraTiC:frypanHead:172, Void Metal Pan Head
ExtraTiC:frypanHead:173, RedAurum Pan Head
ExtraTiC:frypanHead:178, Draconium Pan Head
ExtraTiC:frypanHead:179, Awakened Draconium Pan Head
ExtraTiC:frypanHead:180, Glue Pan Head
ExtraTiC:frypanHead:181, Yellorium Pan Head
ExtraTiC:frypanHead:182, Cyanite Pan Head
ExtraTiC:frypanHead:183, Blutonium Pan Head
ExtraTiC:frypanHead:184, Ludicrite Pan Head
ExtraTiC:frypanHead:185, Bedrockium Pan Head
ExtraTiC:frypanHead:186, Tear Jerker Pan Head
ExtraTiC:frypanHead:187, Wither Iron Pan Head
ExtraTiC:frypanHead:189, Enderium Pan Head
ExtraTiC:frypanHead:126, Mithril Pan Head
ExtraTiC:frypanHead:190, Signalum Pan Head
ExtraTiC:frypanHead:191, Lumium Pan Head
ExtraTiC:fullGuard:134, Bloodwood Full Guard
ExtraTiC:fullGuard:135, Darkwood Full Guard
ExtraTiC:fullGuard:136, Fusewood Full Guard
ExtraTiC:fullGuard:137, Ghostwood Full Guard
ExtraTiC:fullGuard:138, Nether Quartz Full Guard
ExtraTiC:fullGuard:139, Refined Glowstone Full Guard
ExtraTiC:fullGuard:140, Osmium Full Guard
ExtraTiC:fullGuard:141, Pokefennium Full Guard
ExtraTiC:fullGuard:142, Fairy Full Guard
ExtraTiC:fullGuard:143, Certus Quartz Full Guard
ExtraTiC:fullGuard:2000, Constantan Full Guard
ExtraTiC:fullGuard:145, Manasteel Full Guard
ExtraTiC:fullGuard:146, Terrasteel Full Guard
ExtraTiC:fullGuard:147, Elementium Full Guard
ExtraTiC:fullGuard:160, Fiery Full Guard
ExtraTiC:fullGuard:161, Ironwood Full Guard
ExtraTiC:fullGuard:162, KnightMetal Full Guard
ExtraTiC:fullGuard:163, Steelleaf Full Guard
ExtraTiC:fullGuard:164, Amethyst Full Guard
ExtraTiC:fullGuard:165, Peridot Full Guard
ExtraTiC:fullGuard:166, Ruby Full Guard
ExtraTiC:fullGuard:167, Sapphire Full Guard
ExtraTiC:fullGuard:171, Dark Steel Full Guard
ExtraTiC:fullGuard:172, Void Metal Full Guard
ExtraTiC:fullGuard:173, RedAurum Full Guard
ExtraTiC:fullGuard:178, Draconium Full Guard
ExtraTiC:fullGuard:179, Awakened Draconium Full Guard
ExtraTiC:fullGuard:180, Glue Full Guard
ExtraTiC:fullGuard:181, Yellorium Full Guard
ExtraTiC:fullGuard:182, Cyanite Full Guard
ExtraTiC:fullGuard:183, Blutonium Full Guard
ExtraTiC:fullGuard:184, Ludicrite Full Guard
ExtraTiC:fullGuard:185, Bedrockium Full Guard
ExtraTiC:fullGuard:186, Tear Jerker Full Guard
ExtraTiC:fullGuard:187, Wither Iron Full Guard
ExtraTiC:fullGuard:189, Enderium Full Guard
ExtraTiC:fullGuard:126, Mithril Full Guard
ExtraTiC:fullGuard:190, Signalum Full Guard
ExtraTiC:fullGuard:191, Lumium Full Guard
ExtraTiC:hammerHead:134, Bloodwood Hammer Head
ExtraTiC:hammerHead:135, Darkwood Hammer Head
ExtraTiC:hammerHead:136, Fusewood Hammer Head
ExtraTiC:hammerHead:137, Ghostwood Hammer Head
ExtraTiC:hammerHead:138, Nether Quartz Hammer Head
ExtraTiC:hammerHead:139, Refined Glowstone Hammer Head
ExtraTiC:hammerHead:140, Osmium Hammer Head
ExtraTiC:hammerHead:141, Pokefennium Hammer Head
ExtraTiC:hammerHead:142, Fairy Hammer Head
ExtraTiC:hammerHead:143, Certus Quartz Hammer Head
ExtraTiC:hammerHead:2000, Constantan Hammer Head
ExtraTiC:hammerHead:145, Manasteel Hammer Head
ExtraTiC:hammerHead:146, Terrasteel Hammer Head
ExtraTiC:hammerHead:147, Elementium Hammer Head
ExtraTiC:hammerHead:160, Fiery Hammer Head
ExtraTiC:hammerHead:161, Ironwood Hammer Head
ExtraTiC:hammerHead:162, KnightMetal Hammer Head
ExtraTiC:hammerHead:163, Steelleaf Hammer Head
ExtraTiC:hammerHead:164, Amethyst Hammer Head
ExtraTiC:hammerHead:165, Peridot Hammer Head
ExtraTiC:hammerHead:166, Ruby Hammer Head
ExtraTiC:hammerHead:167, Sapphire Hammer Head
ExtraTiC:hammerHead:171, Dark Steel Hammer Head
ExtraTiC:hammerHead:172, Void Metal Hammer Head
ExtraTiC:hammerHead:173, RedAurum Hammer Head
ExtraTiC:hammerHead:178, Draconium Hammer Head
ExtraTiC:hammerHead:179, Awakened Draconium Hammer Head
ExtraTiC:hammerHead:180, Glue Hammer Head
ExtraTiC:hammerHead:181, Yellorium Hammer Head
ExtraTiC:hammerHead:182, Cyanite Hammer Head
ExtraTiC:hammerHead:183, Blutonium Hammer Head
ExtraTiC:hammerHead:184, Ludicrite Hammer Head
ExtraTiC:hammerHead:185, Bedrockium Hammer Head
ExtraTiC:hammerHead:186, Tear Jerker Hammer Head
ExtraTiC:hammerHead:187, Wither Iron Hammer Head
ExtraTiC:hammerHead:189, Enderium Hammer Head
ExtraTiC:hammerHead:126, Mithril Hammer Head
ExtraTiC:hammerHead:190, Signalum Hammer Head
ExtraTiC:hammerHead:191, Lumium Hammer Head
ExtraTiC:knifeBlade:134, Bloodwood Knife Blade
ExtraTiC:knifeBlade:135, Darkwood Knife Blade
ExtraTiC:knifeBlade:136, Fusewood Knife Blade
ExtraTiC:knifeBlade:137, Ghostwood Knife Blade
ExtraTiC:knifeBlade:138, Nether Quartz Knife Blade
ExtraTiC:knifeBlade:139, Refined Glowstone Knife Blade
ExtraTiC:knifeBlade:140, Osmium Knife Blade
ExtraTiC:knifeBlade:141, Pokefennium Knife Blade
ExtraTiC:knifeBlade:142, Fairy Knife Blade
ExtraTiC:knifeBlade:143, Certus Quartz Knife Blade
ExtraTiC:knifeBlade:2000, Constantan Knife Blade
ExtraTiC:knifeBlade:145, Manasteel Knife Blade
ExtraTiC:knifeBlade:146, Terrasteel Knife Blade
ExtraTiC:knifeBlade:147, Elementium Knife Blade
ExtraTiC:knifeBlade:160, Fiery Knife Blade
ExtraTiC:knifeBlade:161, Ironwood Knife Blade
ExtraTiC:knifeBlade:162, KnightMetal Knife Blade
ExtraTiC:knifeBlade:163, Steelleaf Knife Blade
ExtraTiC:knifeBlade:164, Amethyst Knife Blade
ExtraTiC:knifeBlade:165, Peridot Knife Blade
ExtraTiC:knifeBlade:166, Ruby Knife Blade
ExtraTiC:knifeBlade:167, Sapphire Knife Blade
ExtraTiC:knifeBlade:171, Dark Steel Knife Blade
ExtraTiC:knifeBlade:172, Void Metal Knife Blade
ExtraTiC:knifeBlade:173, RedAurum Knife Blade
ExtraTiC:knifeBlade:178, Draconium Knife Blade
ExtraTiC:knifeBlade:179, Awakened Draconium Knife Blade
ExtraTiC:knifeBlade:180, Glue Knife Blade
ExtraTiC:knifeBlade:181, Yellorium Knife Blade
ExtraTiC:knifeBlade:182, Cyanite Knife Blade
ExtraTiC:knifeBlade:183, Blutonium Knife Blade
ExtraTiC:knifeBlade:184, Ludicrite Knife Blade
ExtraTiC:knifeBlade:185, Bedrockium Knife Blade
ExtraTiC:knifeBlade:186, Tear Jerker Knife Blade
ExtraTiC:knifeBlade:187, Wither Iron Knife Blade
ExtraTiC:knifeBlade:189, Enderium Knife Blade
ExtraTiC:knifeBlade:126, Mithril Knife Blade
ExtraTiC:knifeBlade:190, Signalum Knife Blade
ExtraTiC:knifeBlade:191, Lumium Knife Blade
ExtraTiC:largeGuard:134, Bloodwood Large Guard
ExtraTiC:largeGuard:135, Darkwood Large Guard
ExtraTiC:largeGuard:136, Fusewood Large Guard
ExtraTiC:largeGuard:137, Ghostwood Large Guard
ExtraTiC:largeGuard:138, Nether Quartz Large Guard
ExtraTiC:largeGuard:139, Refined Glowstone Large Guard
ExtraTiC:largeGuard:140, Osmium Large Guard
ExtraTiC:largeGuard:141, Pokefennium Large Guard
ExtraTiC:largeGuard:142, Fairy Large Guard
ExtraTiC:largeGuard:143, Certus Quartz Large Guard
ExtraTiC:largeGuard:2000, Constantan Large Guard
ExtraTiC:largeGuard:145, Manasteel Large Guard
ExtraTiC:largeGuard:146, Terrasteel Large Guard
ExtraTiC:largeGuard:147, Elementium Large Guard
ExtraTiC:largeGuard:160, Fiery Large Guard
ExtraTiC:largeGuard:161, Ironwood Large Guard
ExtraTiC:largeGuard:162, KnightMetal Large Guard
ExtraTiC:largeGuard:163, Steelleaf Large Guard
ExtraTiC:largeGuard:164, Amethyst Large Guard
ExtraTiC:largeGuard:165, Peridot Large Guard
ExtraTiC:largeGuard:166, Ruby Large Guard
ExtraTiC:largeGuard:167, Sapphire Large Guard
ExtraTiC:largeGuard:171, Dark Steel Large Guard
ExtraTiC:largeGuard:172, Void Metal Large Guard
ExtraTiC:largeGuard:173, RedAurum Large Guard
ExtraTiC:largeGuard:178, Draconium Large Guard
ExtraTiC:largeGuard:179, Awakened Draconium Large Guard
ExtraTiC:largeGuard:180, Glue Large Guard
ExtraTiC:largeGuard:181, Yellorium Large Guard
ExtraTiC:largeGuard:182, Cyanite Large Guard
ExtraTiC:largeGuard:183, Blutonium Large Guard
ExtraTiC:largeGuard:184, Ludicrite Large Guard
ExtraTiC:largeGuard:185, Bedrockium Large Guard
ExtraTiC:largeGuard:186, Tear Jerker Large Guard
ExtraTiC:largeGuard:187, Wither Iron Large Guard
ExtraTiC:largeGuard:189, Enderium Large Guard
ExtraTiC:largeGuard:126, Mithril Large Guard
ExtraTiC:largeGuard:190, Signalum Large Guard
ExtraTiC:largeGuard:191, Lumium Large Guard
ExtraTiC:largeSwordBlade:134, Bloodwood Large Sword Blade
ExtraTiC:largeSwordBlade:135, Darkwood Large Sword Blade
ExtraTiC:largeSwordBlade:136, Fusewood Large Sword Blade
ExtraTiC:largeSwordBlade:137, Ghostwood Large Sword Blade
ExtraTiC:largeSwordBlade:138, Nether Quartz Large Sword Blade
ExtraTiC:largeSwordBlade:139, Refined Glowstone Large Sword Blade
ExtraTiC:largeSwordBlade:140, Osmium Large Sword Blade
ExtraTiC:largeSwordBlade:141, Pokefennium Large Sword Blade
ExtraTiC:largeSwordBlade:142, Fairy Large Sword Blade
ExtraTiC:largeSwordBlade:143, Certus Quartz Large Sword Blade
ExtraTiC:largeSwordBlade:2000, Constantan Large Sword Blade
ExtraTiC:largeSwordBlade:145, Manasteel Large Sword Blade
ExtraTiC:largeSwordBlade:146, Terrasteel Large Sword Blade
ExtraTiC:largeSwordBlade:147, Elementium Large Sword Blade
ExtraTiC:largeSwordBlade:160, Fiery Large Sword Blade
ExtraTiC:largeSwordBlade:161, Ironwood Large Sword Blade
ExtraTiC:largeSwordBlade:162, KnightMetal Large Sword Blade
ExtraTiC:largeSwordBlade:163, Steelleaf Large Sword Blade
ExtraTiC:largeSwordBlade:164, Amethyst Large Sword Blade
ExtraTiC:largeSwordBlade:165, Peridot Large Sword Blade
ExtraTiC:largeSwordBlade:166, Ruby Large Sword Blade
ExtraTiC:largeSwordBlade:167, Sapphire Large Sword Blade
ExtraTiC:largeSwordBlade:171, Dark Steel Large Sword Blade
ExtraTiC:largeSwordBlade:172, Void Metal Large Sword Blade
ExtraTiC:largeSwordBlade:173, RedAurum Large Sword Blade
ExtraTiC:largeSwordBlade:178, Draconium Large Sword Blade
ExtraTiC:largeSwordBlade:179, Awakened Draconium Large Sword Blade
ExtraTiC:largeSwordBlade:180, Glue Large Sword Blade
ExtraTiC:largeSwordBlade:181, Yellorium Large Sword Blade
ExtraTiC:largeSwordBlade:182, Cyanite Large Sword Blade
ExtraTiC:largeSwordBlade:183, Blutonium Large Sword Blade
ExtraTiC:largeSwordBlade:184, Ludicrite Large Sword Blade
ExtraTiC:largeSwordBlade:185, Bedrockium Large Sword Blade
ExtraTiC:largeSwordBlade:186, Tear Jerker Large Sword Blade
ExtraTiC:largeSwordBlade:187, Wither Iron Large Sword Blade
ExtraTiC:largeSwordBlade:189, Enderium Large Sword Blade
ExtraTiC:largeSwordBlade:126, Mithril Large Sword Blade
ExtraTiC:largeSwordBlade:190, Signalum Large Sword Blade
ExtraTiC:largeSwordBlade:191, Lumium Large Sword Blade
ExtraTiC:largeplate:134, Bloodwood Large Plate
ExtraTiC:largeplate:135, Darkwood Large Plate
ExtraTiC:largeplate:136, Fusewood Large Plate
ExtraTiC:largeplate:137, Ghostwood Large Plate
ExtraTiC:largeplate:138, Nether Quartz Large Plate
ExtraTiC:largeplate:139, Refined Glowstone Large Plate
ExtraTiC:largeplate:140, Osmium Large Plate
ExtraTiC:largeplate:141, Pokefennium Large Plate
ExtraTiC:largeplate:142, Fairy Large Plate
ExtraTiC:largeplate:143, Certus Quartz Large Plate
ExtraTiC:largeplate:2000, Constantan Large Plate
ExtraTiC:largeplate:145, Manasteel Large Plate
ExtraTiC:largeplate:146, Terrasteel Large Plate
ExtraTiC:largeplate:147, Elementium Large Plate
ExtraTiC:largeplate:160, Fiery Large Plate
ExtraTiC:largeplate:161, Ironwood Large Plate
ExtraTiC:largeplate:162, KnightMetal Large Plate
ExtraTiC:largeplate:163, Steelleaf Large Plate
ExtraTiC:largeplate:164, Amethyst Large Plate
ExtraTiC:largeplate:165, Peridot Large Plate
ExtraTiC:largeplate:166, Ruby Large Plate
ExtraTiC:largeplate:167, Sapphire Large Plate
ExtraTiC:largeplate:171, Dark Steel Large Plate
ExtraTiC:largeplate:172, Void Metal Large Plate
ExtraTiC:largeplate:173, RedAurum Large Plate
ExtraTiC:largeplate:178, Draconium Large Plate
ExtraTiC:largeplate:179, Awakened Draconium Large Plate
ExtraTiC:largeplate:180, Glue Large Plate
ExtraTiC:largeplate:181, Yellorium Large Plate
ExtraTiC:largeplate:182, Cyanite Large Plate
ExtraTiC:largeplate:183, Blutonium Large Plate
ExtraTiC:largeplate:184, Ludicrite Large Plate
ExtraTiC:largeplate:185, Bedrockium Large Plate
ExtraTiC:largeplate:186, Tear Jerker Large Plate
ExtraTiC:largeplate:187, Wither Iron Large Plate
ExtraTiC:largeplate:189, Enderium Large Plate
ExtraTiC:largeplate:126, Mithril Large Plate
ExtraTiC:largeplate:190, Signalum Large Plate
ExtraTiC:largeplate:191, Lumium Large Plate
ExtraTiC:lumberaxeHead:134, Bloodwood Broad Axe Head
ExtraTiC:lumberaxeHead:135, Darkwood Broad Axe Head
ExtraTiC:lumberaxeHead:136, Fusewood Broad Axe Head
ExtraTiC:lumberaxeHead:137, Ghostwood Broad Axe Head
ExtraTiC:lumberaxeHead:138, Nether Quartz Broad Axe Head
ExtraTiC:lumberaxeHead:139, Refined Glowstone Broad Axe Head
ExtraTiC:lumberaxeHead:140, Osmium Broad Axe Head
ExtraTiC:lumberaxeHead:141, Pokefennium Broad Axe Head
ExtraTiC:lumberaxeHead:142, Fairy Broad Axe Head
ExtraTiC:lumberaxeHead:143, Certus Quartz Broad Axe Head
ExtraTiC:lumberaxeHead:2000, Constantan Broad Axe Head
ExtraTiC:lumberaxeHead:145, Manasteel Broad Axe Head
ExtraTiC:lumberaxeHead:146, Terrasteel Broad Axe Head
ExtraTiC:lumberaxeHead:147, Elementium Broad Axe Head
ExtraTiC:lumberaxeHead:160, Fiery Broad Axe Head
ExtraTiC:lumberaxeHead:161, Ironwood Broad Axe Head
ExtraTiC:lumberaxeHead:162, KnightMetal Broad Axe Head
ExtraTiC:lumberaxeHead:163, Steelleaf Broad Axe Head
ExtraTiC:lumberaxeHead:164, Amethyst Broad Axe Head
ExtraTiC:lumberaxeHead:165, Peridot Broad Axe Head
ExtraTiC:lumberaxeHead:166, Ruby Broad Axe Head
ExtraTiC:lumberaxeHead:167, Sapphire Broad Axe Head
ExtraTiC:lumberaxeHead:171, Dark Steel Broad Axe Head
ExtraTiC:lumberaxeHead:172, Void Metal Broad Axe Head
ExtraTiC:lumberaxeHead:173, RedAurum Broad Axe Head
ExtraTiC:lumberaxeHead:178, Draconium Broad Axe Head
ExtraTiC:lumberaxeHead:179, Awakened Draconium Broad Axe Head
ExtraTiC:lumberaxeHead:180, Glue Broad Axe Head
ExtraTiC:lumberaxeHead:181, Yellorium Broad Axe Head
ExtraTiC:lumberaxeHead:182, Cyanite Broad Axe Head
ExtraTiC:lumberaxeHead:183, Blutonium Broad Axe Head
ExtraTiC:lumberaxeHead:184, Ludicrite Broad Axe Head
ExtraTiC:lumberaxeHead:185, Bedrockium Broad Axe Head
ExtraTiC:lumberaxeHead:186, Tear Jerker Broad Axe Head
ExtraTiC:lumberaxeHead:187, Wither Iron Broad Axe Head
ExtraTiC:lumberaxeHead:189, Enderium Broad Axe Head
ExtraTiC:lumberaxeHead:126, Mithril Broad Axe Head
ExtraTiC:lumberaxeHead:190, Signalum Broad Axe Head
ExtraTiC:lumberaxeHead:191, Lumium Broad Axe Head
ExtraTiC:mediumGuard:134, Bloodwood Medium Guard
ExtraTiC:mediumGuard:135, Darkwood Medium Guard
ExtraTiC:mediumGuard:136, Fusewood Medium Guard
ExtraTiC:mediumGuard:137, Ghostwood Medium Guard
ExtraTiC:mediumGuard:138, Nether Quartz Medium Guard
ExtraTiC:mediumGuard:139, Refined Glowstone Medium Guard
ExtraTiC:mediumGuard:140, Osmium Medium Guard
ExtraTiC:mediumGuard:141, Pokefennium Medium Guard
ExtraTiC:mediumGuard:142, Fairy Medium Guard
ExtraTiC:mediumGuard:143, Certus Quartz Medium Guard
ExtraTiC:mediumGuard:2000, Constantan Medium Guard
ExtraTiC:mediumGuard:145, Manasteel Medium Guard
ExtraTiC:mediumGuard:146, Terrasteel Medium Guard
ExtraTiC:mediumGuard:147, Elementium Medium Guard
ExtraTiC:mediumGuard:160, Fiery Medium Guard
ExtraTiC:mediumGuard:161, Ironwood Medium Guard
ExtraTiC:mediumGuard:162, KnightMetal Medium Guard
ExtraTiC:mediumGuard:163, Steelleaf Medium Guard
ExtraTiC:mediumGuard:164, Amethyst Medium Guard
ExtraTiC:mediumGuard:165, Peridot Medium Guard
ExtraTiC:mediumGuard:166, Ruby Medium Guard
ExtraTiC:mediumGuard:167, Sapphire Medium Guard
ExtraTiC:mediumGuard:171, Dark Steel Medium Guard
ExtraTiC:mediumGuard:172, Void Metal Medium Guard
ExtraTiC:mediumGuard:173, RedAurum Medium Guard
ExtraTiC:mediumGuard:178, Draconium Medium Guard
ExtraTiC:mediumGuard:179, Awakened Draconium Medium Guard
ExtraTiC:mediumGuard:180, Glue Medium Guard
ExtraTiC:mediumGuard:181, Yellorium Medium Guard
ExtraTiC:mediumGuard:182, Cyanite Medium Guard
ExtraTiC:mediumGuard:183, Blutonium Medium Guard
ExtraTiC:mediumGuard:184, Ludicrite Medium Guard
ExtraTiC:mediumGuard:185, Bedrockium Medium Guard
ExtraTiC:mediumGuard:186, Tear Jerker Medium Guard
ExtraTiC:mediumGuard:187, Wither Iron Medium Guard
ExtraTiC:mediumGuard:189, Enderium Medium Guard
ExtraTiC:mediumGuard:126, Mithril Medium Guard
ExtraTiC:mediumGuard:190, Signalum Medium Guard
ExtraTiC:mediumGuard:191, Lumium Medium Guard
ExtraTiC:pickaxeHead:134, Bloodwood Pickaxe Head
ExtraTiC:pickaxeHead:135, Darkwood Pickaxe Head
ExtraTiC:pickaxeHead:136, Fusewood Pickaxe Head
ExtraTiC:pickaxeHead:137, Ghostwood Pickaxe Head
ExtraTiC:pickaxeHead:138, Nether Quartz Pickaxe Head
ExtraTiC:pickaxeHead:139, Refined Glowstone Pickaxe Head
ExtraTiC:pickaxeHead:140, Osmium Pickaxe Head
ExtraTiC:pickaxeHead:141, Pokefennium Pickaxe Head
ExtraTiC:pickaxeHead:142, Fairy Pickaxe Head
ExtraTiC:pickaxeHead:143, Certus Quartz Pickaxe Head
ExtraTiC:pickaxeHead:2000, Constantan Pickaxe Head
ExtraTiC:pickaxeHead:145, Manasteel Pickaxe Head
ExtraTiC:pickaxeHead:146, Terrasteel Pickaxe Head
ExtraTiC:pickaxeHead:147, Elementium Pickaxe Head
ExtraTiC:pickaxeHead:160, Fiery Pickaxe Head
ExtraTiC:pickaxeHead:161, Ironwood Pickaxe Head
ExtraTiC:pickaxeHead:162, KnightMetal Pickaxe Head
ExtraTiC:pickaxeHead:163, Steelleaf Pickaxe Head
ExtraTiC:pickaxeHead:164, Amethyst Pickaxe Head
ExtraTiC:pickaxeHead:165, Peridot Pickaxe Head
ExtraTiC:pickaxeHead:166, Ruby Pickaxe Head
ExtraTiC:pickaxeHead:167, Sapphire Pickaxe Head
ExtraTiC:pickaxeHead:171, Dark Steel Pickaxe Head
ExtraTiC:pickaxeHead:172, Void Metal Pickaxe Head
ExtraTiC:pickaxeHead:173, RedAurum Pickaxe Head
ExtraTiC:pickaxeHead:178, Draconium Pickaxe Head
ExtraTiC:pickaxeHead:179, Awakened Draconium Pickaxe Head
ExtraTiC:pickaxeHead:180, Glue Pickaxe Head
ExtraTiC:pickaxeHead:181, Yellorium Pickaxe Head
ExtraTiC:pickaxeHead:182, Cyanite Pickaxe Head
ExtraTiC:pickaxeHead:183, Blutonium Pickaxe Head
ExtraTiC:pickaxeHead:184, Ludicrite Pickaxe Head
ExtraTiC:pickaxeHead:185, Bedrockium Pickaxe Head
ExtraTiC:pickaxeHead:186, Tear Jerker Pickaxe Head
ExtraTiC:pickaxeHead:187, Wither Iron Pickaxe Head
ExtraTiC:pickaxeHead:189, Enderium Pickaxe Head
ExtraTiC:pickaxeHead:126, Mithril Pickaxe Head
ExtraTiC:pickaxeHead:190, Signalum Pickaxe Head
ExtraTiC:pickaxeHead:191, Lumium Pickaxe Head
ExtraTiC:scytheHead:134, Bloodwood Scythe Head
ExtraTiC:scytheHead:135, Darkwood Scythe Head
ExtraTiC:scytheHead:136, Fusewood Scythe Head
ExtraTiC:scytheHead:137, Ghostwood Scythe Head
ExtraTiC:scytheHead:138, Nether Quartz Scythe Head
ExtraTiC:scytheHead:139, Refined Glowstone Scythe Head
ExtraTiC:scytheHead:140, Osmium Scythe Head
ExtraTiC:scytheHead:141, Pokefennium Scythe Head
ExtraTiC:scytheHead:142, Fairy Scythe Head
ExtraTiC:scytheHead:143, Certus Quartz Scythe Head
ExtraTiC:scytheHead:2000, Constantan Scythe Head
ExtraTiC:scytheHead:145, Manasteel Scythe Head
ExtraTiC:scytheHead:146, Terrasteel Scythe Head
ExtraTiC:scytheHead:147, Elementium Scythe Head
ExtraTiC:scytheHead:160, Fiery Scythe Head
ExtraTiC:scytheHead:161, Ironwood Scythe Head
ExtraTiC:scytheHead:162, KnightMetal Scythe Head
ExtraTiC:scytheHead:163, Steelleaf Scythe Head
ExtraTiC:scytheHead:164, Amethyst Scythe Head
ExtraTiC:scytheHead:165, Peridot Scythe Head
ExtraTiC:scytheHead:166, Ruby Scythe Head
ExtraTiC:scytheHead:167, Sapphire Scythe Head
ExtraTiC:scytheHead:171, Dark Steel Scythe Head
ExtraTiC:scytheHead:172, Void Metal Scythe Head
ExtraTiC:scytheHead:173, RedAurum Scythe Head
ExtraTiC:scytheHead:178, Draconium Scythe Head
ExtraTiC:scytheHead:179, Awakened Draconium Scythe Head
ExtraTiC:scytheHead:180, Glue Scythe Head
ExtraTiC:scytheHead:181, Yellorium Scythe Head
ExtraTiC:scytheHead:182, Cyanite Scythe Head
ExtraTiC:scytheHead:183, Blutonium Scythe Head
ExtraTiC:scytheHead:184, Ludicrite Scythe Head
ExtraTiC:scytheHead:185, Bedrockium Scythe Head
ExtraTiC:scytheHead:186, Tear Jerker Scythe Head
ExtraTiC:scytheHead:187, Wither Iron Scythe Head
ExtraTiC:scytheHead:189, Enderium Scythe Head
ExtraTiC:scytheHead:126, Mithril Scythe Head
ExtraTiC:scytheHead:190, Signalum Scythe Head
ExtraTiC:scytheHead:191, Lumium Scythe Head
ExtraTiC:shovelHead:134, Bloodwood Shovel Head
ExtraTiC:shovelHead:135, Darkwood Shovel Head
ExtraTiC:shovelHead:136, Fusewood Shovel Head
ExtraTiC:shovelHead:137, Ghostwood Shovel Head
ExtraTiC:shovelHead:138, Nether Quartz Shovel Head
ExtraTiC:shovelHead:139, Refined Glowstone Shovel Head
ExtraTiC:shovelHead:140, Osmium Shovel Head
ExtraTiC:shovelHead:141, Pokefennium Shovel Head
ExtraTiC:shovelHead:142, Fairy Shovel Head
ExtraTiC:shovelHead:143, Certus Quartz Shovel Head
ExtraTiC:shovelHead:2000, Constantan Shovel Head
ExtraTiC:shovelHead:145, Manasteel Shovel Head
ExtraTiC:shovelHead:146, Terrasteel Shovel Head
ExtraTiC:shovelHead:147, Elementium Shovel Head
ExtraTiC:shovelHead:160, Fiery Shovel Head
ExtraTiC:shovelHead:161, Ironwood Shovel Head
ExtraTiC:shovelHead:162, KnightMetal Shovel Head
ExtraTiC:shovelHead:163, Steelleaf Shovel Head
ExtraTiC:shovelHead:164, Amethyst Shovel Head
ExtraTiC:shovelHead:165, Peridot Shovel Head
ExtraTiC:shovelHead:166, Ruby Shovel Head
ExtraTiC:shovelHead:167, Sapphire Shovel Head
ExtraTiC:shovelHead:171, Dark Steel Shovel Head
ExtraTiC:shovelHead:172, Void Metal Shovel Head
ExtraTiC:shovelHead:173, RedAurum Shovel Head
ExtraTiC:shovelHead:178, Draconium Shovel Head
ExtraTiC:shovelHead:179, Awakened Draconium Shovel Head
ExtraTiC:shovelHead:180, Glue Shovel Head
ExtraTiC:shovelHead:181, Yellorium Shovel Head
ExtraTiC:shovelHead:182, Cyanite Shovel Head
ExtraTiC:shovelHead:183, Blutonium Shovel Head
ExtraTiC:shovelHead:184, Ludicrite Shovel Head
ExtraTiC:shovelHead:185, Bedrockium Shovel Head
ExtraTiC:shovelHead:186, Tear Jerker Shovel Head
ExtraTiC:shovelHead:187, Wither Iron Shovel Head
ExtraTiC:shovelHead:189, Enderium Shovel Head
ExtraTiC:shovelHead:126, Mithril Shovel Head
ExtraTiC:shovelHead:190, Signalum Shovel Head
ExtraTiC:shovelHead:191, Lumium Shovel Head
ExtraTiC:swordBlade:134, Bloodwood Sword Blade
ExtraTiC:swordBlade:135, Darkwood Sword Blade
ExtraTiC:swordBlade:136, Fusewood Sword Blade
ExtraTiC:swordBlade:137, Ghostwood Sword Blade
ExtraTiC:swordBlade:138, Nether Quartz Sword Blade
ExtraTiC:swordBlade:139, Refined Glowstone Sword Blade
ExtraTiC:swordBlade:140, Osmium Sword Blade
ExtraTiC:swordBlade:141, Pokefennium Sword Blade
ExtraTiC:swordBlade:142, Fairy Sword Blade
ExtraTiC:swordBlade:143, Certus Quartz Sword Blade
ExtraTiC:swordBlade:2000, Constantan Sword Blade
ExtraTiC:swordBlade:145, Manasteel Sword Blade
ExtraTiC:swordBlade:146, Terrasteel Sword Blade
ExtraTiC:swordBlade:147, Elementium Sword Blade
ExtraTiC:swordBlade:160, Fiery Sword Blade
ExtraTiC:swordBlade:161, Ironwood Sword Blade
ExtraTiC:swordBlade:162, KnightMetal Sword Blade
ExtraTiC:swordBlade:163, Steelleaf Sword Blade
ExtraTiC:swordBlade:164, Amethyst Sword Blade
ExtraTiC:swordBlade:165, Peridot Sword Blade
ExtraTiC:swordBlade:166, Ruby Sword Blade
ExtraTiC:swordBlade:167, Sapphire Sword Blade
ExtraTiC:swordBlade:171, Dark Steel Sword Blade
ExtraTiC:swordBlade:172, Void Metal Sword Blade
ExtraTiC:swordBlade:173, RedAurum Sword Blade
ExtraTiC:swordBlade:178, Draconium Sword Blade
ExtraTiC:swordBlade:179, Awakened Draconium Sword Blade
ExtraTiC:swordBlade:180, Glue Sword Blade
ExtraTiC:swordBlade:181, Yellorium Sword Blade
ExtraTiC:swordBlade:182, Cyanite Sword Blade
ExtraTiC:swordBlade:183, Blutonium Sword Blade
ExtraTiC:swordBlade:184, Ludicrite Sword Blade
ExtraTiC:swordBlade:185, Bedrockium Sword Blade
ExtraTiC:swordBlade:186, Tear Jerker Sword Blade
ExtraTiC:swordBlade:187, Wither Iron Sword Blade
ExtraTiC:swordBlade:189, Enderium Sword Blade
ExtraTiC:swordBlade:126, Mithril Sword Blade
ExtraTiC:swordBlade:190, Signalum Sword Blade
ExtraTiC:swordBlade:191, Lumium Sword Blade
ExtraTiC:toolrod:134, Bloodwood Tool Rod
ExtraTiC:toolrod:135, Darkwood Tool Rod
ExtraTiC:toolrod:136, Fusewood Tool Rod
ExtraTiC:toolrod:137, Ghostwood Tool Rod
ExtraTiC:toolrod:138, Nether Quartz Tool Rod
ExtraTiC:toolrod:139, Refined Glowstone Tool Rod
ExtraTiC:toolrod:140, Osmium Tool Rod
ExtraTiC:toolrod:141, Pokefennium Tool Rod
ExtraTiC:toolrod:142, Fairy Tool Rod
ExtraTiC:toolrod:143, Certus Quartz Tool Rod
ExtraTiC:toolrod:2000, Constantan Tool Rod
ExtraTiC:toolrod:145, Manasteel Tool Rod
ExtraTiC:toolrod:146, Terrasteel Tool Rod
ExtraTiC:toolrod:147, Elementium Tool Rod
ExtraTiC:toolrod:160, Fiery Tool Rod
ExtraTiC:toolrod:161, Ironwood Tool Rod
ExtraTiC:toolrod:162, KnightMetal Tool Rod
ExtraTiC:toolrod:163, Steelleaf Tool Rod
ExtraTiC:toolrod:164, Amethyst Tool Rod
ExtraTiC:toolrod:165, Peridot Tool Rod
ExtraTiC:toolrod:166, Ruby Tool Rod
ExtraTiC:toolrod:167, Sapphire Tool Rod
ExtraTiC:toolrod:171, Dark Steel Tool Rod
ExtraTiC:toolrod:172, Void Metal Tool Rod
ExtraTiC:toolrod:173, RedAurum Tool Rod
ExtraTiC:toolrod:178, Draconium Tool Rod
ExtraTiC:toolrod:179, Awakened Draconium Tool Rod
ExtraTiC:toolrod:180, Glue Tool Rod
ExtraTiC:toolrod:181, Yellorium Tool Rod
ExtraTiC:toolrod:182, Cyanite Tool Rod
ExtraTiC:toolrod:183, Blutonium Tool Rod
ExtraTiC:toolrod:184, Ludicrite Tool Rod
ExtraTiC:toolrod:185, Bedrockium Tool Rod
ExtraTiC:toolrod:186, Tear Jerker Tool Rod
ExtraTiC:toolrod:187, Wither Iron Tool Rod
ExtraTiC:toolrod:189, Enderium Tool Rod
ExtraTiC:toolrod:126, Mithril Tool Rod
ExtraTiC:toolrod:190, Signalum Tool Rod
ExtraTiC:toolrod:191, Lumium Tool Rod
ExtraTiC:toughbind:134, Bloodwood Tough Binding
ExtraTiC:toughbind:135, Darkwood Tough Binding
ExtraTiC:toughbind:136, Fusewood Tough Binding
ExtraTiC:toughbind:137, Ghostwood Tough Binding
ExtraTiC:toughbind:138, Nether Quartz Tough Binding
ExtraTiC:toughbind:139, Refined Glowstone Tough Binding
ExtraTiC:toughbind:140, Osmium Tough Binding
ExtraTiC:toughbind:141, Pokefennium Tough Binding
ExtraTiC:toughbind:142, Fairy Tough Binding
ExtraTiC:toughbind:143, Certus Quartz Tough Binding
ExtraTiC:toughbind:2000, Constantan Tough Binding
ExtraTiC:toughbind:145, Manasteel Tough Binding
ExtraTiC:toughbind:146, Terrasteel Tough Binding
ExtraTiC:toughbind:147, Elementium Tough Binding
ExtraTiC:toughbind:160, Fiery Tough Binding
ExtraTiC:toughbind:161, Ironwood Tough Binding
ExtraTiC:toughbind:162, KnightMetal Tough Binding
ExtraTiC:toughbind:163, Steelleaf Tough Binding
ExtraTiC:toughbind:164, Amethyst Tough Binding
ExtraTiC:toughbind:165, Peridot Tough Binding
ExtraTiC:toughbind:166, Ruby Tough Binding
ExtraTiC:toughbind:167, Sapphire Tough Binding
ExtraTiC:toughbind:171, Dark Steel Tough Binding
ExtraTiC:toughbind:172, Void Metal Tough Binding
ExtraTiC:toughbind:173, RedAurum Tough Binding
ExtraTiC:toughbind:178, Draconium Tough Binding
ExtraTiC:toughbind:179, Awakened Draconium Tough Binding
ExtraTiC:toughbind:180, Glue Tough Binding
ExtraTiC:toughbind:181, Yellorium Tough Binding
ExtraTiC:toughbind:182, Cyanite Tough Binding
ExtraTiC:toughbind:183, Blutonium Tough Binding
ExtraTiC:toughbind:184, Ludicrite Tough Binding
ExtraTiC:toughbind:185, Bedrockium Tough Binding
ExtraTiC:toughbind:186, Tear Jerker Tough Binding
ExtraTiC:toughbind:187, Wither Iron Tough Binding
ExtraTiC:toughbind:189, Enderium Tough Binding
ExtraTiC:toughbind:126, Mithril Tough Binding
ExtraTiC:toughbind:190, Signalum Tough Binding
ExtraTiC:toughbind:191, Lumium Tough Binding
ExtraTiC:toughrod:134, Bloodwood Tough Rod
ExtraTiC:toughrod:135, Darkwood Tough Rod
ExtraTiC:toughrod:136, Fusewood Tough Rod
ExtraTiC:toughrod:137, Ghostwood Tough Rod
ExtraTiC:toughrod:138, Nether Quartz Tough Rod
ExtraTiC:toughrod:139, Refined Glowstone Tough Rod
ExtraTiC:toughrod:140, Osmium Tough Rod
ExtraTiC:toughrod:141, Pokefennium Tough Rod
ExtraTiC:toughrod:142, Fairy Tough Rod
ExtraTiC:toughrod:143, Certus Quartz Tough Rod
ExtraTiC:toughrod:2000, Constantan Tough Rod
ExtraTiC:toughrod:145, Manasteel Tough Rod
ExtraTiC:toughrod:146, Terrasteel Tough Rod
ExtraTiC:toughrod:147, Elementium Tough Rod
ExtraTiC:toughrod:160, Fiery Tough Rod
ExtraTiC:toughrod:161, Ironwood Tough Rod
ExtraTiC:toughrod:162, KnightMetal Tough Rod
ExtraTiC:toughrod:163, Steelleaf Tough Rod
ExtraTiC:toughrod:164, Amethyst Tough Rod
ExtraTiC:toughrod:165, Peridot Tough Rod
ExtraTiC:toughrod:166, Ruby Tough Rod
ExtraTiC:toughrod:167, Sapphire Tough Rod
ExtraTiC:toughrod:171, Dark Steel Tough Rod
ExtraTiC:toughrod:172, Void Metal Tough Rod
ExtraTiC:toughrod:173, RedAurum Tough Rod
ExtraTiC:toughrod:178, Draconium Tough Rod
ExtraTiC:toughrod:179, Awakened Draconium Tough Rod
ExtraTiC:toughrod:180, Glue Tough Rod
ExtraTiC:toughrod:181, Yellorium Tough Rod
ExtraTiC:toughrod:182, Cyanite Tough Rod
ExtraTiC:toughrod:183, Blutonium Tough Rod
ExtraTiC:toughrod:184, Ludicrite Tough Rod
ExtraTiC:toughrod:185, Bedrockium Tough Rod
ExtraTiC:toughrod:186, Tear Jerker Tough Rod
ExtraTiC:toughrod:187, Wither Iron Tough Rod
ExtraTiC:toughrod:189, Enderium Tough Rod
ExtraTiC:toughrod:126, Mithril Tough Rod
ExtraTiC:toughrod:190, Signalum Tough Rod
ExtraTiC:toughrod:191, Lumium Tough Rod
ExtraTiC:shuriken:134, Bloodwood Shuriken
ExtraTiC:shuriken:135, Darkwood Shuriken
ExtraTiC:shuriken:136, Fusewood Shuriken
ExtraTiC:shuriken:137, Ghostwood Shuriken
ExtraTiC:shuriken:138, Nether Quartz Shuriken
ExtraTiC:shuriken:139, Refined Glowstone Shuriken
ExtraTiC:shuriken:140, Osmium Shuriken
ExtraTiC:shuriken:141, Pokefennium Shuriken
ExtraTiC:shuriken:142, Fairy Shuriken
ExtraTiC:shuriken:143, Certus Quartz Shuriken
ExtraTiC:shuriken:2000, Constantan Shuriken
ExtraTiC:shuriken:145, Manasteel Shuriken
ExtraTiC:shuriken:146, Terrasteel Shuriken
ExtraTiC:shuriken:147, Elementium Shuriken
ExtraTiC:shuriken:160, Fiery Shuriken
ExtraTiC:shuriken:161, Ironwood Shuriken
ExtraTiC:shuriken:162, KnightMetal Shuriken
ExtraTiC:shuriken:163, Steelleaf Shuriken
ExtraTiC:shuriken:164, Amethyst Shuriken
ExtraTiC:shuriken:165, Peridot Shuriken
ExtraTiC:shuriken:166, Ruby Shuriken
ExtraTiC:shuriken:167, Sapphire Shuriken
ExtraTiC:shuriken:171, Dark Steel Shuriken
ExtraTiC:shuriken:172, Void Metal Shuriken
ExtraTiC:shuriken:173, RedAurum Shuriken
ExtraTiC:shuriken:178, Draconium Shuriken
ExtraTiC:shuriken:179, Awakened Draconium Shuriken
ExtraTiC:shuriken:180, Glue Shuriken
ExtraTiC:shuriken:181, Yellorium Shuriken
ExtraTiC:shuriken:182, Cyanite Shuriken
ExtraTiC:shuriken:183, Blutonium Shuriken
ExtraTiC:shuriken:184, Ludicrite Shuriken
ExtraTiC:shuriken:185, Bedrockium Shuriken
ExtraTiC:shuriken:186, Tear Jerker Shuriken
ExtraTiC:shuriken:187, Wither Iron Shuriken
ExtraTiC:shuriken:189, Enderium Shuriken
ExtraTiC:shuriken:126, Mithril Shuriken
ExtraTiC:shuriken:190, Signalum Shuriken
ExtraTiC:shuriken:191, Lumium Shuriken
ExtraTiC:BowLimb:134, Bloodwood Bow Limb
ExtraTiC:BowLimb:135, Darkwood Bow Limb
ExtraTiC:BowLimb:136, Fusewood Bow Limb
ExtraTiC:BowLimb:137, Ghostwood Bow Limb
ExtraTiC:BowLimb:138, Nether Quartz Bow Limb
ExtraTiC:BowLimb:139, Refined Glowstone Bow Limb
ExtraTiC:BowLimb:140, Osmium Bow Limb
ExtraTiC:BowLimb:141, Pokefennium Bow Limb
ExtraTiC:BowLimb:142, Fairy Bow Limb
ExtraTiC:BowLimb:143, Certus Quartz Bow Limb
ExtraTiC:BowLimb:2000, Constantan Bow Limb
ExtraTiC:BowLimb:145, Manasteel Bow Limb
ExtraTiC:BowLimb:146, Terrasteel Bow Limb
ExtraTiC:BowLimb:147, Elementium Bow Limb
ExtraTiC:BowLimb:160, Fiery Bow Limb
ExtraTiC:BowLimb:161, Ironwood Bow Limb
ExtraTiC:BowLimb:162, KnightMetal Bow Limb
ExtraTiC:BowLimb:163, Steelleaf Bow Limb
ExtraTiC:BowLimb:164, Amethyst Bow Limb
ExtraTiC:BowLimb:165, Peridot Bow Limb
ExtraTiC:BowLimb:166, Ruby Bow Limb
ExtraTiC:BowLimb:167, Sapphire Bow Limb
ExtraTiC:BowLimb:171, Dark Steel Bow Limb
ExtraTiC:BowLimb:172, Void Metal Bow Limb
ExtraTiC:BowLimb:173, RedAurum Bow Limb
ExtraTiC:BowLimb:178, Draconium Bow Limb
ExtraTiC:BowLimb:179, Awakened Draconium Bow Limb
ExtraTiC:BowLimb:180, Glue Bow Limb
ExtraTiC:BowLimb:181, Yellorium Bow Limb
ExtraTiC:BowLimb:182, Cyanite Bow Limb
ExtraTiC:BowLimb:183, Blutonium Bow Limb
ExtraTiC:BowLimb:184, Ludicrite Bow Limb
ExtraTiC:BowLimb:185, Bedrockium Bow Limb
ExtraTiC:BowLimb:186, Tear Jerker Bow Limb
ExtraTiC:BowLimb:187, Wither Iron Bow Limb
ExtraTiC:BowLimb:189, Enderium Bow Limb
ExtraTiC:BowLimb:126, Mithril Bow Limb
ExtraTiC:BowLimb:190, Signalum Bow Limb
ExtraTiC:BowLimb:191, Lumium Bow Limb
ExtraTiC:CrossbowLimb:134, Bloodwood Crossbow Limb
ExtraTiC:CrossbowLimb:135, Darkwood Crossbow Limb
ExtraTiC:CrossbowLimb:136, Fusewood Crossbow Limb
ExtraTiC:CrossbowLimb:137, Ghostwood Crossbow Limb
ExtraTiC:CrossbowLimb:138, Nether Quartz Crossbow Limb
ExtraTiC:CrossbowLimb:139, Refined Glowstone Crossbow Limb
ExtraTiC:CrossbowLimb:140, Osmium Crossbow Limb
ExtraTiC:CrossbowLimb:141, Pokefennium Crossbow Limb
ExtraTiC:CrossbowLimb:142, Fairy Crossbow Limb
ExtraTiC:CrossbowLimb:143, Certus Quartz Crossbow Limb
ExtraTiC:CrossbowLimb:2000, Constantan Crossbow Limb
ExtraTiC:CrossbowLimb:145, Manasteel Crossbow Limb
ExtraTiC:CrossbowLimb:146, Terrasteel Crossbow Limb
ExtraTiC:CrossbowLimb:147, Elementium Crossbow Limb
ExtraTiC:CrossbowLimb:160, Fiery Crossbow Limb
ExtraTiC:CrossbowLimb:161, Ironwood Crossbow Limb
ExtraTiC:CrossbowLimb:162, KnightMetal Crossbow Limb
ExtraTiC:CrossbowLimb:163, Steelleaf Crossbow Limb
ExtraTiC:CrossbowLimb:164, Amethyst Crossbow Limb
ExtraTiC:CrossbowLimb:165, Peridot Crossbow Limb
ExtraTiC:CrossbowLimb:166, Ruby Crossbow Limb
ExtraTiC:CrossbowLimb:167, Sapphire Crossbow Limb
ExtraTiC:CrossbowLimb:171, Dark Steel Crossbow Limb
ExtraTiC:CrossbowLimb:172, Void Metal Crossbow Limb
ExtraTiC:CrossbowLimb:173, RedAurum Crossbow Limb
ExtraTiC:CrossbowLimb:178, Draconium Crossbow Limb
ExtraTiC:CrossbowLimb:179, Awakened Draconium Crossbow Limb
ExtraTiC:CrossbowLimb:180, Glue Crossbow Limb
ExtraTiC:CrossbowLimb:181, Yellorium Crossbow Limb
ExtraTiC:CrossbowLimb:182, Cyanite Crossbow Limb
ExtraTiC:CrossbowLimb:183, Blutonium Crossbow Limb
ExtraTiC:CrossbowLimb:184, Ludicrite Crossbow Limb
ExtraTiC:CrossbowLimb:185, Bedrockium Crossbow Limb
ExtraTiC:CrossbowLimb:186, Tear Jerker Crossbow Limb
ExtraTiC:CrossbowLimb:187, Wither Iron Crossbow Limb
ExtraTiC:CrossbowLimb:189, Enderium Crossbow Limb
ExtraTiC:CrossbowLimb:126, Mithril Crossbow Limb
ExtraTiC:CrossbowLimb:190, Signalum Crossbow Limb
ExtraTiC:CrossbowLimb:191, Lumium Crossbow Limb
ExtraTiC:CrossbowBody:134, Bloodwood Crossbow Body
ExtraTiC:CrossbowBody:135, Darkwood Crossbow Body
ExtraTiC:CrossbowBody:136, Fusewood Crossbow Body
ExtraTiC:CrossbowBody:137, Ghostwood Crossbow Body
ExtraTiC:CrossbowBody:138, Nether Quartz Crossbow Body
ExtraTiC:CrossbowBody:139, Refined Glowstone Crossbow Body
ExtraTiC:CrossbowBody:140, Osmium Crossbow Body
ExtraTiC:CrossbowBody:141, Pokefennium Crossbow Body
ExtraTiC:CrossbowBody:142, Fairy Crossbow Body
ExtraTiC:CrossbowBody:143, Certus Quartz Crossbow Body
ExtraTiC:CrossbowBody:2000, Constantan Crossbow Body
ExtraTiC:CrossbowBody:145, Manasteel Crossbow Body
ExtraTiC:CrossbowBody:146, Terrasteel Crossbow Body
ExtraTiC:CrossbowBody:147, Elementium Crossbow Body
ExtraTiC:CrossbowBody:160, Fiery Crossbow Body
ExtraTiC:CrossbowBody:161, Ironwood Crossbow Body
ExtraTiC:CrossbowBody:162, KnightMetal Crossbow Body
ExtraTiC:CrossbowBody:163, Steelleaf Crossbow Body
ExtraTiC:CrossbowBody:164, Amethyst Crossbow Body
ExtraTiC:CrossbowBody:165, Peridot Crossbow Body
ExtraTiC:CrossbowBody:166, Ruby Crossbow Body
ExtraTiC:CrossbowBody:167, Sapphire Crossbow Body
ExtraTiC:CrossbowBody:171, Dark Steel Crossbow Body
ExtraTiC:CrossbowBody:172, Void Metal Crossbow Body
ExtraTiC:CrossbowBody:173, RedAurum Crossbow Body
ExtraTiC:CrossbowBody:178, Draconium Crossbow Body
ExtraTiC:CrossbowBody:179, Awakened Draconium Crossbow Body
ExtraTiC:CrossbowBody:180, Glue Crossbow Body
ExtraTiC:CrossbowBody:181, Yellorium Crossbow Body
ExtraTiC:CrossbowBody:182, Cyanite Crossbow Body
ExtraTiC:CrossbowBody:183, Blutonium Crossbow Body
ExtraTiC:CrossbowBody:184, Ludicrite Crossbow Body
ExtraTiC:CrossbowBody:185, Bedrockium Crossbow Body
ExtraTiC:CrossbowBody:186, Tear Jerker Crossbow Body
ExtraTiC:CrossbowBody:187, Wither Iron Crossbow Body
ExtraTiC:CrossbowBody:189, Enderium Crossbow Body
ExtraTiC:CrossbowBody:126, Mithril Crossbow Body
ExtraTiC:CrossbowBody:190, Signalum Crossbow Body
ExtraTiC:CrossbowBody:191, Lumium Crossbow Body
ExtraTiC:Blot:134, Bloodwood Bolt
ExtraTiC:Blot:135, Darkwood Bolt
ExtraTiC:Blot:136, Fusewood Bolt
ExtraTiC:Blot:137, Ghostwood Bolt
ExtraTiC:Blot:138, Nether Quartz Bolt
ExtraTiC:Blot:139, Refined Glowstone Bolt
ExtraTiC:Blot:140, Osmium Bolt
ExtraTiC:Blot:141, Pokefennium Bolt
ExtraTiC:Blot:142, Fairy Bolt
ExtraTiC:Blot:143, Certus Quartz Bolt
ExtraTiC:Blot:2000, Constantan Bolt
ExtraTiC:Blot:145, Manasteel Bolt
ExtraTiC:Blot:146, Terrasteel Bolt
ExtraTiC:Blot:147, Elementium Bolt
ExtraTiC:Blot:160, Fiery Bolt
ExtraTiC:Blot:161, Ironwood Bolt
ExtraTiC:Blot:162, KnightMetal Bolt
ExtraTiC:Blot:163, Steelleaf Bolt
ExtraTiC:Blot:164, Amethyst Bolt
ExtraTiC:Blot:165, Peridot Bolt
ExtraTiC:Blot:166, Ruby Bolt
ExtraTiC:Blot:167, Sapphire Bolt
ExtraTiC:Blot:171, Dark Steel Bolt
ExtraTiC:Blot:172, Void Metal Bolt
ExtraTiC:Blot:173, RedAurum Bolt
ExtraTiC:Blot:178, Draconium Bolt
ExtraTiC:Blot:179, Awakened Draconium Bolt
ExtraTiC:Blot:180, Glue Bolt
ExtraTiC:Blot:181, Yellorium Bolt
ExtraTiC:Blot:182, Cyanite Bolt
ExtraTiC:Blot:183, Blutonium Bolt
ExtraTiC:Blot:184, Ludicrite Bolt
ExtraTiC:Blot:185, Bedrockium Bolt
ExtraTiC:Blot:186, Tear Jerker Bolt
ExtraTiC:Blot:187, Wither Iron Bolt
ExtraTiC:Blot:189, Enderium Bolt
ExtraTiC:Blot:126, Mithril Bolt
ExtraTiC:Blot:190, Signalum Bolt
ExtraTiC:Blot:191, Lumium Bolt
ExtraTiC:extra.bucket:17, Molten Blutonium Bucket
ExtraTiC:extra.bucket:10, Molten Zinc Bucket
ExtraTiC:extra.bucket:16, Molten Voidmetal Bucket
ExtraTiC:extra.bucket:9, Molten Dark Steel Bucket
ExtraTiC:extra.bucket:15, Molten Elementium Bucket
ExtraTiC:extra.bucket:14, Molten Terrasteel Bucket
ExtraTiC:extra.bucket:13, Molten Manasteel Bucket
ExtraTiC:extra.bucket:36, Molten Constantan Bucket
ExtraTiC:extra.bucket:12, Molten Adamantine Bucket
ExtraTiC:extra.bucket:5, Molten RedAurum Bucket
ExtraTiC:extra.bucket:4, Molten Pokefennium Bucket
ExtraTiC:extra.bucket:3, Molten Osmium Bucket
ExtraTiC:extra.bucket:20, Molten Wither Iron Bucket
ExtraTiC:extra.bucket:2, Molten Refined Glowstone Bucket
ExtraTiC:extra.bucket:19, Molten Bedrockium Bucket
ExtraTiC:extra.bucket:1, Molten Fairy Bucket
ExtraTiC:extra.bucket:18, Molten Ludicrite Bucket
ExtraTiC:extra.bucket:11, Molten Brass Bucket
FoodExpansion:ItemJelly, Green Jelly
FoodExpansion:ItemBacon, Bacon
FoodExpansion:ItemCookedBacon, Crispy Bacon
FoodExpansion:ItemFriedEgg, Fried Egg
FoodExpansion:ItemBaconAndEgg, Bacon and Egg
FoodExpansion:ItemCarrotSeedSoup, Carrot Soup
FoodExpansion:ItemMutton, Raw Mutton
FoodExpansion:ItemCookedMutton, Cooked Mutton
FoodExpansion:ItemSquid, Raw Squid
FoodExpansion:ItemCookedSquid, Cooked Squid
FoodExpansion:ItemCompressedFlesh, Dried Flesh
FoodExpansion:ItemChocolateBar, Chocolate Bar
FoodExpansion:ItemSpiderSoup, Spider Eye Stew
FoodExpansion:ItemNetherWartSoup, Nether Wart Stew
FoodExpansion:ItemCactusFruit, Cactus Fruit
FoodExpansion:ItemHorseMeat, Horse Meat
FoodExpansion:ItemCookedHorseMeat, Cooked Horse Meat
FoodExpansion:ItemForbiddenFruit, §eForbidden Fruit
FoodExpansion:ItemCookedMushroom, Cooked Mushroom
FoodExpansion:ItemCarrotPie, Carrot Pie
FoodExpansion:ItemBatWing, Bat Wing
FoodExpansion:ItemCookedBatWing, Cooked Bat Wing
FoodExpansion:ItemBlazeCream, Blaze Cream Soup
FoodExpansion:ItemMelonSalad, Melon Salad
FoodExpansion:ItemRoastedSeed, Roasted Seed
FoodExpansion:ItemDough, Dough
ganysend:enderTag, Ender Tag
ganysend:endiumIngot:0, Endium Ingot
ganysend:endiumIngot:1, Endium Nugget
ganysend:endstoneRod, End Stone Rod
ganysend:enderScythe, Ender Scythe
ganysend:infiniteBucket, Infinite Bucket
ganysend:infusedGem:0, Night Infused Gem
ganysend:infusedGem:1, Day Infused Gem
ganysend:endiumPickaxe, Endium Pickaxe
ganysend:endiumAxe, Endium Axe
ganysend:endiumShovel, Endium Shovel
ganysend:endiumSword, Endium Sword
ganysend:endiumBow, Endium Bow
ganysend:reinforcedEndiumPickaxe, Reinforced Endium Pickaxe
ganysend:reinforcedEndiumAxe, Reinforced Endium Axe
ganysend:reinforcedEndiumShovel, Reinforced Endium Shovel
ganysend:reinforcedEndiumSword, Reinforced Endium Sword
ganysend:reinforcedEndiumBow, Reinforced Endium Bow
ganysend:enderBag, Ender Bag
ganysend:reinforcedEnderScythe, Reinforced Ender Scythe
ganysend:anchoredEnderChestMinecart, Anchored Ender Chest Minecart
ganysend:endiumHelmet, Endium Helmet
ganysend:endiumChestplate, Endium Chestplate
ganysend:endiumLeggings, Endium Leggings
ganysend:endiumBoots, Endium Boots
ganysnether:quarzBerrySeeds, Quarz Berry Seeds
ganysnether:quarzBerry, Quarz Berry
ganysnether:ghostSeeds, Ghost Seeds
ganysnether:spectreWheatItem, Spectre Wheat
ganysnether:spookyFlour, Spooky Flour
ganysnether:glowingReedItem, Glowing Reed
ganysnether:bottomlessBucket, Bottomless Bucket
ganysnether:dimensionalBread, Dimensional Bread
ganysnether:baseballBat, Baseball Bat
ganysnether:sceptreOfConcealment, Sceptre of Concealment
ganysnether:skeletonSpawner:0, Spawn Normal Skeleton
ganysnether:skeletonSpawner:1, Spawn Wither Skeleton
ganysnether:silverfishScale, Silverfish Scale
ganysnether:batWing, Bat Wing
ganysnether:cookedBatWing, Cooked Bat Wing
ganysnether:wolfTeeth, Wolf Teeth
ganysnether:blazeIngot:0, Blaze Mesh
ganysnether:blazeIngot:1, Blaze Ingot
ganysnether:blazeIngot:2, Blaze Nugget
ganysnether:sceptreOfFireCharging, Sceptre of Fire Charging
ganysnether:sceptreOfLightning, Sceptre of Lightning
ganysnether:sceptreCap:0, Fire Charging Cap
ganysnether:sceptreCap:1, Lightning Cap
ganysnether:sceptreCap:2, Concealment Cap
ganysnether:sceptreCap:3, Withering Cap
ganysnether:witherShrubSeeds, Wither Shrub Seeds
ganysnether:livingSoul, Living Soul
ganysnether:ironNugget, Iron Nugget
ganysnether:flour, Flour
ganysnether:hellBushSeeds, Hell Bush Seeds
ganysnether:lavaBerry, Lava Berry
ganysnether:netherCore, Nether Core
ganysnether:spawnerUpgrade:0, Spawner Upgrade: Tier 0
ganysnether:spawnerUpgrade:1, Spawner Upgrade: Tier 1
ganysnether:spawnerUpgrade:2, Spawner Upgrade: Tier 2
ganysnether:spawnerUpgrade:3, Spawner Upgrade: Tier 3
ganysnether:spawnerUpgrade:4, Spawner Upgrade: Tier 4
ganysnether:spawnerUpgrade:5, Spawner Upgrade: Tier 5
ganysnether:spawnerUpgrade:6, Spawner Upgrade: Tier 6
ganysnether:spawnerUpgrade:7, Spawner Upgrade: Tier 7
ganysnether:spawnerUpgrade:8, Spawner Upgrade: Redstone Control
ganysnether:spawnerUpgrade:9, Spawner Upgrade: Autonomous
ganysnether:spawnerUpgrade:10, Spawner Upgrade: Ignore Spawn Rules
ganysnether:spawnerUpgrade:11, Spawner Upgrade: Silky
ganysnether:spawnerUpgrade:12, Spawner Upgrade: Quantity
ganysnether:spawnerUpgrade:13, Spawner Upgrade: Range
ganysnether:sceptreOfWithering, Sceptre of Withering
ganysnether:blazeHelmet, Blaze Helmet
ganysnether:blazeChestplate, Blaze Chestplate
ganysnether:blazeLeggings, Blaze Leggings
ganysnether:blazeBoots, Blaze Boots
gendustry:Labware, Genetics Labware
gendustry:Waste, Genetic Waste
gendustry:GeneSampleBlank, Blank Gene Sample
gendustry:GeneSample, Gene Sample
gendustry:GeneTemplate, Genetic Template
gendustry:IndustrialGrafter, Industrial Grafter
gendustry:IndustrialScoop, Scooporator MX200 Turbo
gendustry:HoneyComb:10, Black Colored Comb
gendustry:HoneyComb:24, Orange Colored Comb
gendustry:HoneyComb:25, White Colored Comb
gendustry:HoneyComb:14, Blue Colored Comb
gendustry:HoneyComb:20, Lime Colored Comb
gendustry:HoneyComb:21, Yellow Colored Comb
gendustry:HoneyComb:13, Brown Colored Comb
gendustry:HoneyComb:17, Light Gray Colored Comb
gendustry:HoneyComb:22, Light Blue Colored Comb
gendustry:HoneyComb:12, Green Colored Comb
gendustry:HoneyComb:18, Gray Colored Comb
gendustry:HoneyComb:16, Cyan Colored Comb
gendustry:HoneyComb:11, Red Colored Comb
gendustry:HoneyComb:23, Magenta Colored Comb
gendustry:HoneyComb:19, Pink Colored Comb
gendustry:HoneyComb:15, Purple Colored Comb
gendustry:HoneyDrop:10, Black Colored Honey Drop
gendustry:HoneyDrop:24, Orange Colored Honey Drop
gendustry:HoneyDrop:25, White Colored Honey Drop
gendustry:HoneyDrop:14, Blue Colored Honey Drop
gendustry:HoneyDrop:20, Lime Colored Honey Drop
gendustry:HoneyDrop:21, Yellow Colored Honey Drop
gendustry:HoneyDrop:13, Brown Colored Honey Drop
gendustry:HoneyDrop:17, Light Gray Colored Honey Drop
gendustry:HoneyDrop:22, Light Blue Colored Honey Drop
gendustry:HoneyDrop:12, Green Colored Honey Drop
gendustry:HoneyDrop:18, Gray Colored Honey Drop
gendustry:HoneyDrop:16, Cyan Colored Honey Drop
gendustry:HoneyDrop:11, Red Colored Honey Drop
gendustry:HoneyDrop:23, Magenta Colored Honey Drop
gendustry:HoneyDrop:19, Pink Colored Honey Drop
gendustry:HoneyDrop:15, Purple Colored Honey Drop
gendustry:MutagenTank, Mutagen Tank
gendustry:BeeReceptacle, Bee Receptacle
gendustry:PowerModule, Power Module
gendustry:GeneticsProcessor, Genetics Processor
gendustry:EnvProcessor, Enviromental Processor
gendustry:UpgradeFrame, Upgrade Frame
gendustry:ClimateModule, Climate Control Module
gendustry:PollenKit, Pollen Collection Kit
gendustry:HiveSpawnDebugger, Hive Spawning Debugger
gendustry:EjectCover, Item Eject Cover
gendustry:ImportCover, Item Import Cover
gendustry:ErrorSensorCover, Error Sensor Cover
gendustry:MutagenBucket, Mutagen Bucket
gendustry:MutagenCan, Mutagen Can
gendustry:LiquidDNABucket, Liquid DNA Bucket
gendustry:LiquidDNACan, Liquid DNA Can
gendustry:ProteinBucket, Protein Bucket
gendustry:ProteinCan, Protein Can
GraviSuite:graviChestPlate, GraviChestPlate
GraviSuite:advNanoChestPlate, Advanced NanoChestPlate
GraviSuite:ultimateLappack, Ultimate Lappack
GraviSuite:advLappack, Advanced Lappack
GraviSuite:advJetpack, Advanced Electric Jetpack
GraviSuite:vajra, Vajra
GraviSuite:graviTool, GraviTool
GraviSuite:advDDrill, Advanced Diamond Drill
GraviSuite:advChainsaw, Advanced Chainsaw
GraviSuite:relocator, Relocator
GraviSuite:sonicLauncher, item.sonicLauncher.name
GraviSuite:itemSimpleItem:0, Superconductor Cover
GraviSuite:itemSimpleItem:1, Superconductor
GraviSuite:itemSimpleItem:2, Cooling Core
GraviSuite:itemSimpleItem:3, Gravitation Engine
GraviSuite:itemSimpleItem:4, Magnetron
GraviSuite:itemSimpleItem:5, Vajra Core
GraviSuite:itemSimpleItem:6, Engine Booster
HardcoreQuesting:quest_book, item.hqm:quest_book.name
HardcoreQuesting:hearts:0, Quarter of a heart
HardcoreQuesting:hearts:1, Half a heart
HardcoreQuesting:hearts:2, Three quarters of a heart
HardcoreQuesting:hearts:3, Full heart
HardcoreQuesting:hearts:4, Rotten heart
HardcoreQuesting:bags:0, Reward Bag
HardcoreQuesting:bags:1, Reward Bag
HardcoreQuesting:bags:2, Reward Bag
HardcoreQuesting:bags:3, Reward Bag
HardcoreQuesting:bags:4, Reward Bag
HardcoreQuesting:hqmInvalidItem, Invalid Item
immersiveintegration:iiWireCoil:0, Redstone Wire Coil
immersiveintegration:capacitorBox:0, LV Capacitor in a Box
immersiveintegration:capacitorBox:0, LV Capacitor in a Box
immersiveintegration:capacitorBox:1, MV Capacitor in a Box
immersiveintegration:capacitorBox:1, MV Capacitor in a Box
immersiveintegration:capacitorBox:2, HV Capacitor in a Box
immersiveintegration:capacitorBox:2, HV Capacitor in a Box
immersiveintegration:capacitorBox:3, Creative Capacitor in a Box
immersiveintegration:wireCoil:0, Fluix Wire Coil
immersiveintegration:wireCoil:1, Dense Wire Coil
IronChest:ironGoldUpgrade, Iron to Gold Chest Upgrade
IronChest:goldDiamondUpgrade, Gold to Diamond Chest Upgrade
IronChest:copperSilverUpgrade, Copper to Silver Chest Upgrade
IronChest:silverGoldUpgrade, Silver to Gold Chest Upgrade
IronChest:copperIronUpgrade, Copper to Iron Chest Upgrade
IronChest:diamondCrystalUpgrade, Diamond to Crystal Chest Upgrade
IronChest:woodIronUpgrade, Wood to Iron Chest Upgrade
IronChest:woodCopperUpgrade, Wood to Copper Chest Upgrade
IronChest:diamondObsidianUpgrade, Diamond to Obsidian Chest Upgrade
ironchestminecarts:minecart_chest_iron, Minecart with Iron Chest
ironchestminecarts:minecart_chest_gold, Minecart with Gold Chest
ironchestminecarts:minecart_chest_obsidian, Minecart with Obsidian Chest
ironchestminecarts:minecart_chest_copper, Minecart with Copper Chest
ironchestminecarts:minecart_chest_crystal, Minecart with Crystal Chest
ironchestminecarts:minecart_chest_diamond, Minecart with Diamond Chest
ironchestminecarts:minecart_chest_dirtchest9000, Minecart with DirtChest9000
ironchestminecarts:minecart_chest_silver, Minecart with Silver Chest
JABBA:upgradeStructural:0, item.upgrade.structural.1.name
JABBA:upgradeStructural:1, item.upgrade.structural.2.name
JABBA:upgradeStructural:2, item.upgrade.structural.3.name
JABBA:upgradeStructural:3, item.upgrade.structural.4.name
JABBA:upgradeStructural:4, item.upgrade.structural.5.name
JABBA:upgradeStructural:5, item.upgrade.structural.6.name
JABBA:upgradeStructural:6, item.upgrade.structural.7.name
JABBA:upgradeCore:0, Storage upgrade
JABBA:upgradeCore:1, BSpace upgrade
JABBA:upgradeCore:2, Redstone upgrade
JABBA:upgradeCore:3, Hopper upgrade
JABBA:upgradeCore:4, Storage upgrade x3
JABBA:upgradeCore:5, Storage upgrade x9
JABBA:upgradeCore:6, Storage upgrade x27
JABBA:upgradeCore:7, Void upgrade
JABBA:upgradeCore:8, Storage upgrade x81
JABBA:upgradeCore:9, Storage upgrade x243
JABBA:upgradeCore:10, Creative upgrade
JABBA:upgradeSide:0, Sticker
JABBA:upgradeSide:1, Hopper facade
JABBA:upgradeSide:2, Redstone facade
JABBA:mover, Dolly
JABBA:moverDiamond, Diamond dolly
JABBA:hammer:0, Barrel Hammer
JABBA:hammer:1, Barrel Hammer(Resonating)
JABBA:hammer:2, Barrel Hammer(Redstone)
JABBA:hammer:3, Barrel Hammer(Hopping)
JABBA:hammer:4, Barrel Hammer(Storage)
JABBA:hammer:5, Barrel Hammer(Structural)
JABBA:hammer:6, Barrel Hammer(Void)
JABBA:hammer:7, Barrel Hammer(Creative)
JABBA:tuningFork, B-Space tuning fork
LogisticsPipes:item.logisticsItemCard:0, Logistics Item Card
LogisticsPipes:item.remoteOrdererItem, item.remoteOrdererItem.name
LogisticsPipes:item.ItemPipeSignCreator, item.ItemPipeSignCreator.name
LogisticsPipes:item.logisticsHUDGlasses, item.logisticsHUDGlasses.name
LogisticsPipes:item.logisticsParts:0, Logistics HUD Bow
LogisticsPipes:item.logisticsParts:1, Logistics HUD Glass
LogisticsPipes:item.logisticsParts:2, Logistics HUD Nose Bridge
LogisticsPipes:item.logisticsParts:3, Nano Hopper
LogisticsPipes:item.pipeComponents:0, Structural Pipe Frame
LogisticsPipes:item.pipeComponents:1, Micro Servo
LogisticsPipes:item.pipeComponents:2, Routing Logic Processor
LogisticsPipes:item.pipeComponents:3, Micro Packager
LogisticsPipes:item.pipeComponents:4, Micro Capsulator
LogisticsPipes:item.pipeComponents:5, Logic Expansion Circuit
LogisticsPipes:item.pipeComponents:6, Focus Lense
LogisticsPipes:item.pipeComponents:7, Laser Acceptor Interface
LogisticsPipes:item.itemModule:0, Blank Module
LogisticsPipes:item.itemModule:1, ItemSink module
LogisticsPipes:item.itemModule:2, Passive Supplier module
LogisticsPipes:item.itemModule:3, Extractor module
LogisticsPipes:item.itemModule:4, Polymorphic ItemSink module
LogisticsPipes:item.itemModule:5, QuickSort module
LogisticsPipes:item.itemModule:6, Terminus module
LogisticsPipes:item.itemModule:7, Advanced Extractor module
LogisticsPipes:item.itemModule:103, Extractor MK2 module
LogisticsPipes:item.itemModule:107, Advanced Extractor MK2
LogisticsPipes:item.itemModule:203, Extractor MK3 module
LogisticsPipes:item.itemModule:207, Advanced Extractor MK3
LogisticsPipes:item.itemModule:500, Provider module
LogisticsPipes:item.itemModule:501, Provider module MK2
LogisticsPipes:item.itemModule:300, Electric Manager module
LogisticsPipes:item.itemModule:301, Electric Buffer module
LogisticsPipes:item.itemModule:8, Bee Analyzer module
LogisticsPipes:item.itemModule:9, BeeSink module
LogisticsPipes:item.itemModule:10, Apiary Refiller module
LogisticsPipes:item.itemModule:11, Drone Terminus module
LogisticsPipes:item.itemModule:12, Mod Based ItemSink module
LogisticsPipes:item.itemModule:13, OreDict ItemSink module
LogisticsPipes:item.itemModule:30, Thaumic AspectSink module
LogisticsPipes:item.itemModule:31, Enchantment Sink module
LogisticsPipes:item.itemModule:131, Enchantment Sink module MK2
LogisticsPipes:item.itemModule:14, CC Based QuickSort module
LogisticsPipes:item.itemModule:15, CC Based ItemSink module
LogisticsPipes:item.itemModule:600, Crafting module
LogisticsPipes:item.itemModule:601, Crafting module MK2
LogisticsPipes:item.itemModule:602, Crafting module MK3
LogisticsPipes:item.itemModule:502, Active Supplier Module
LogisticsPipes:item.itemModule:16, Creative Tab Based ItemSink module
LogisticsPipes:item.itemDisk, item.itemDisk.name
LogisticsPipes:item.itemUpgrade:0, Sneaky Upgrade (UP)
LogisticsPipes:item.itemUpgrade:1, Sneaky Upgrade (DOWN)
LogisticsPipes:item.itemUpgrade:2, Sneaky Upgrade (NORTH)
LogisticsPipes:item.itemUpgrade:3, Sneaky Upgrade (SOUTH)
LogisticsPipes:item.itemUpgrade:4, Sneaky Upgrade (EAST)
LogisticsPipes:item.itemUpgrade:5, Sneaky Upgrade (WEST)
LogisticsPipes:item.itemUpgrade:6, Sneaky Combination Upgrade
LogisticsPipes:item.itemUpgrade:20, Item Speed Upgrade
LogisticsPipes:item.itemUpgrade:10, Disconnection Upgrade (UP)
LogisticsPipes:item.itemUpgrade:11, Disconnection Upgrade (DOWN)
LogisticsPipes:item.itemUpgrade:12, Disconnection Upgrade (NORTH)
LogisticsPipes:item.itemUpgrade:13, Disconnection Upgrade (SOUTH)
LogisticsPipes:item.itemUpgrade:14, Disconnection Upgrade (EAST)
LogisticsPipes:item.itemUpgrade:15, Disconnection Upgrade (WEST)
LogisticsPipes:item.itemUpgrade:21, Advanced Satellite Upgrade
LogisticsPipes:item.itemUpgrade:22, Fluid Crafting Upgrade
LogisticsPipes:item.itemUpgrade:23, Crafting Byproduct Extraction Upgrade
LogisticsPipes:item.itemUpgrade:24, Placement Rules Upgrade
LogisticsPipes:item.itemUpgrade:25, Fuzzy Upgrade
LogisticsPipes:item.itemUpgrade:30, Power Transportation Upgrade
LogisticsPipes:item.itemUpgrade:32, TE Power Supplier Upgrade
LogisticsPipes:item.itemUpgrade:33, IC2 LV Power Supplier Upgrade
LogisticsPipes:item.itemUpgrade:34, IC2 MV Power Supplier Upgrade
LogisticsPipes:item.itemUpgrade:35, IC2 HV Power Supplier Upgrade
LogisticsPipes:item.itemUpgrade:36, IC2 EV Power Supplier Upgrade
LogisticsPipes:item.itemUpgrade:40, CC Remote Control Upgrade
LogisticsPipes:item.itemUpgrade:41, Crafting Monitoring Upgrade
LogisticsPipes:item.itemUpgrade:42, Opaque Upgrade
LogisticsPipes:item.itemUpgrade:26, Crafting Cleanup Upgrade
LogisticsPipes:item.itemUpgrade:44, Upgrade Module Upgrade
LogisticsPipes:item.logisticsFluidContainer, item.logisticsFluidContainer.name
LogisticsPipes:item.brokenItem, item.brokenItem.name
LogisticsPipes:item.pipeController, item.pipeController.name
LogisticsPipes:item.PipeItemsBasicLogistics, item.PipeItemsBasicLogistics.name
LogisticsPipes:item.PipeItemsRequestLogistics, item.PipeItemsRequestLogistics.name
LogisticsPipes:item.PipeItemsProviderLogistics, item.PipeItemsProviderLogistics.name
LogisticsPipes:item.PipeItemsCraftingLogistics, item.PipeItemsCraftingLogistics.name
LogisticsPipes:item.PipeItemsSatelliteLogistics, item.PipeItemsSatelliteLogistics.name
LogisticsPipes:item.PipeItemsSupplierLogistics, item.PipeItemsSupplierLogistics.name
LogisticsPipes:item.PipeLogisticsChassiMk1, item.PipeLogisticsChassiMk1.name
LogisticsPipes:item.PipeLogisticsChassiMk2, item.PipeLogisticsChassiMk2.name
LogisticsPipes:item.PipeLogisticsChassiMk3, item.PipeLogisticsChassiMk3.name
LogisticsPipes:item.PipeLogisticsChassiMk4, item.PipeLogisticsChassiMk4.name
LogisticsPipes:item.PipeLogisticsChassiMk5, item.PipeLogisticsChassiMk5.name
LogisticsPipes:item.PipeItemsCraftingLogisticsMk2, item.PipeItemsCraftingLogisticsMk2.name
LogisticsPipes:item.PipeItemsRequestLogisticsMk2, item.PipeItemsRequestLogisticsMk2.name
LogisticsPipes:item.PipeItemsRemoteOrdererLogistics, item.PipeItemsRemoteOrdererLogistics.name
LogisticsPipes:item.PipeItemsProviderLogisticsMk2, item.PipeItemsProviderLogisticsMk2.name
LogisticsPipes:item.PipeItemsApiaristAnalyser, item.PipeItemsApiaristAnalyser.name
LogisticsPipes:item.PipeItemsApiaristSink, item.PipeItemsApiaristSink.name
LogisticsPipes:item.PipeItemsInvSysConnector, item.PipeItemsInvSysConnector.name
LogisticsPipes:item.PipeItemsSystemEntranceLogistics, item.PipeItemsSystemEntranceLogistics.name
LogisticsPipes:item.PipeItemsSystemDestinationLogistics, item.PipeItemsSystemDestinationLogistics.name
LogisticsPipes:item.PipeItemsCraftingLogisticsMk3, item.PipeItemsCraftingLogisticsMk3.name
LogisticsPipes:item.PipeItemsFirewall, item.PipeItemsFirewall.name
LogisticsPipes:item.PipeItemsFluidSupplier, item.PipeItemsFluidSupplier.name
LogisticsPipes:item.PipeFluidBasic, item.PipeFluidBasic.name
LogisticsPipes:item.PipeFluidInsertion, item.PipeFluidInsertion.name
LogisticsPipes:item.PipeFluidProvider, item.PipeFluidProvider.name
LogisticsPipes:item.PipeFluidRequestLogistics, item.PipeFluidRequestLogistics.name
LogisticsPipes:item.PipeFluidExtractor, item.PipeFluidExtractor.name
LogisticsPipes:item.PipeFluidSatellite, item.PipeFluidSatellite.name
LogisticsPipes:item.PipeFluidSupplierMk2, item.PipeFluidSupplierMk2.name
LogisticsPipes:item.PipeBlockRequestTable, item.PipeBlockRequestTable.name
LogisticsPipes:item.PipeItemsBasicTransport, item.PipeItemsBasicTransport.name
lootbags:lootbag:0, §fCommon Lootbag
lootbags:lootbag:1, §aUncommon Lootbag
lootbags:lootbag:2, §9Rare Lootbag
lootbags:lootbag:3, §dEpic Lootbag
lootbags:lootbag:4, §6Legendary Lootbag
Magneticraft:item.chunks:0, Iron Chunk
Magneticraft:item.chunks:1, Gold Chunk
Magneticraft:item.chunks:2, Copper Chunk
Magneticraft:item.chunks:3, Tin Chunk
Magneticraft:item.chunks:4, Tungsten Chunk
Magneticraft:item.chunks:5, Lead Chunk
Magneticraft:item.chunks:6, Silver Chunk
Magneticraft:item.chunks:7, Uranium Chunk
Magneticraft:item.chunks:8, Thorium Chunk
Magneticraft:item.chunks:9, Nickel Chunk
Magneticraft:item.chunks:10, Ardite Chunk
Magneticraft:item.chunks:11, Cobalt Chunk
Magneticraft:item.chunks:12, Zinc Chunk
Magneticraft:item.chunks:13, Aluminium Chunk
Magneticraft:item.chunks:14, Platinum Chunk
Magneticraft:item.chunks:15, Titanium Chunk
Magneticraft:item.chunks:16, Osmium Chunk
Magneticraft:item.chunks:17, Bismuth Chunk
Magneticraft:item.chunks:18, Chromium Chunk
Magneticraft:item.chunks:19, Mithril Chunk
Magneticraft:item.chunks:20, Lithium Chunk
Magneticraft:item.chunks:21, Iridium Chunk
Magneticraft:item.chunks:22, Manganese Chunk
Magneticraft:item.chunks:23, Galena Chunk
Magneticraft:item.rubble:0, Iron Rubble
Magneticraft:item.rubble:1, Gold Rubble
Magneticraft:item.rubble:2, Copper Rubble
Magneticraft:item.rubble:3, Tin Rubble
Magneticraft:item.rubble:4, Tungsten Rubble
Magneticraft:item.rubble:5, Lead Rubble
Magneticraft:item.rubble:6, Silver Rubble
Magneticraft:item.rubble:7, Uranium Rubble
Magneticraft:item.rubble:8, Thorium Rubble
Magneticraft:item.rubble:9, Nickel Rubble
Magneticraft:item.rubble:10, Ardite Rubble
Magneticraft:item.rubble:11, Cobalt Rubble
Magneticraft:item.rubble:12, Zinc Rubble
Magneticraft:item.rubble:13, Aluminium Rubble
Magneticraft:item.rubble:14, Platinum Rubble
Magneticraft:item.rubble:15, Titanium Rubble
Magneticraft:item.rubble:16, Osmium Rubble
Magneticraft:item.rubble:17, Bismuth Rubble
Magneticraft:item.rubble:18, Chromium Rubble
Magneticraft:item.rubble:19, Mithril Rubble
Magneticraft:item.rubble:20, Lithium Rubble
Magneticraft:item.rubble:21, Iridium Rubble
Magneticraft:item.rubble:22, Manganese Rubble
Magneticraft:item.rubble:23, Galena Rubble
Magneticraft:item.pebbles:0, Iron Pebbles
Magneticraft:item.pebbles:1, Gold Pebbles
Magneticraft:item.pebbles:2, Copper Pebbles
Magneticraft:item.pebbles:3, Tin Pebbles
Magneticraft:item.pebbles:4, Tungsten Pebbles
Magneticraft:item.pebbles:5, Lead Pebbles
Magneticraft:item.pebbles:6, Silver Pebbles
Magneticraft:item.pebbles:7, Uranium Pebbles
Magneticraft:item.pebbles:8, Thorium Pebbles
Magneticraft:item.pebbles:9, Nickel Pebbles
Magneticraft:item.pebbles:10, Ardite Pebbles
Magneticraft:item.pebbles:11, Cobalt Pebbles
Magneticraft:item.pebbles:12, Zinc Pebbles
Magneticraft:item.pebbles:13, Aluminium Pebbles
Magneticraft:item.pebbles:14, Platinum Pebbles
Magneticraft:item.pebbles:15, Titanium Pebbles
Magneticraft:item.pebbles:16, Osmium Pebbles
Magneticraft:item.pebbles:17, Bismuth Pebbles
Magneticraft:item.pebbles:18, Chromium Pebbles
Magneticraft:item.pebbles:19, Mithril Pebbles
Magneticraft:item.pebbles:20, Lithium Pebbles
Magneticraft:item.pebbles:21, Iridium Pebbles
Magneticraft:item.pebbles:22, Manganese Pebbles
Magneticraft:item.pebbles:23, Galena Pebbles
Magneticraft:item.dust:0, Iron Dust
Magneticraft:item.dust:1, Gold Dust
Magneticraft:item.dust:2, Copper Dust
Magneticraft:item.dust:3, Tin Dust
Magneticraft:item.dust:4, Tungsten Dust
Magneticraft:item.dust:5, Lead Dust
Magneticraft:item.dust:6, Silver Dust
Magneticraft:item.dust:7, Uranium Dust
Magneticraft:item.dust:8, Thorium Dust
Magneticraft:item.dust:9, Nickel Dust
Magneticraft:item.dust:10, Ardite Dust
Magneticraft:item.dust:11, Cobalt Dust
Magneticraft:item.dust:12, Zinc Dust
Magneticraft:item.dust:13, Aluminium Dust
Magneticraft:item.dust:14, Platinum Dust
Magneticraft:item.dust:15, Titanium Dust
Magneticraft:item.dust:16, Osmium Dust
Magneticraft:item.dust:17, Bismuth Dust
Magneticraft:item.dust:18, Chromium Dust
Magneticraft:item.dust:19, Mithril Dust
Magneticraft:item.dust:20, Lithium Dust
Magneticraft:item.dust:21, Iridium Dust
Magneticraft:item.dust:22, Manganese Dust
Magneticraft:item.dust:23, Galena Dust
Magneticraft:item.ingotCopper, Copper Ingot
Magneticraft:item.ingotTungsten, Tungsten Ingot
Magneticraft:item.ingotBrass, Brass Ingot
Magneticraft:item.ingotZinc, Zinc Ingot
Magneticraft:item.dustSulfur, Sulfur Dust
Magneticraft:item.dustQuartz, Quartz Dust
Magneticraft:item.dustObsidian, Obsidian Dust
Magneticraft:item.dustSalt, Salt
Magneticraft:item.heatcoil_copper, Copper Heat Coil
Magneticraft:item.heatcoil_iron, Iron Heat Coil
Magneticraft:item.heatcoil_tungsten, Tungsten Heat Coil
Magneticraft:item.cable_low, Low Voltage Cable
Magneticraft:item.cable_medium, Medium Voltage Cable
Magneticraft:item.cable_high, High Voltage Cable
Magneticraft:item.voltmeter, Voltmeter
Magneticraft:item.thermometer, Thermometer
Magneticraft:item.battery:1, Sulfuric Acid Battery
Magneticraft:item.battery:101, Sulfuric Acid Battery
Magneticraft:item.map_pos, Position Map
Magneticraft:item.copper_pipe, Copper Pipe
Magneticraft:item.wrench, Wrench
Magneticraft:item.turbine_0, Small Wind Turbine
Magneticraft:item.turbine_1, Medium Wind Turbine
Magneticraft:item.turbine_2, Large Wind Turbine
Magneticraft:item.uranium_rod, Uranium Rod
Magneticraft:item.thorium_rod, Thorium Rod
Magneticraft:item.motor, Electric Motor
Magneticraft:item.copper_coil, Copper Coil
Magneticraft:item.drill, Diamond Drill
Magneticraft:item.copper_wire, Copper Wire
Magneticraft:item.ingotCarbide, Carbide Ingot
Magneticraft:item.oil_prospector:1, Oil Prospector
Magneticraft:item.oil_prospector:101, Oil Prospector
Magneticraft:item.photoelectric_dust, Photovoltaic Dust
Magneticraft:item.string_fabric, Fabric
Magneticraft:item.turbine_wing, Wind Turbine Part
Magneticraft:item.plastic, Plastic Sheet
Magneticraft:item.dustdiamond, Diamond Dust
Magneticraft:item.electric_sword:1, Electric Sword
Magneticraft:item.electric_sword:101, Electric Sword
Magneticraft:item.chainsaw:1, Electric Chainsaw
Magneticraft:item.chainsaw:101, Electric Chainsaw
Magneticraft:item.bucket_oil, Oil Bucket
Magneticraft:item.bucket_light_oil, Light Oil Bucket
Magneticraft:item.bucket_heavy_oil, Heavy Oil Bucket
Magneticraft:item.bucket_hot_crude, Hot Crude Bucket
Magneticraft:item.iron_pipe, Iron Pipe
Magneticraft:item.heat_cable, Heat Cable
Magneticraft:item.jack_hammer:1, Jackhammer
Magneticraft:item.jack_hammer:101, Jackhammer
Magneticraft:item.heavy_copper_coil, Heavy Copper Coil
Magneticraft:item.tool_charger:1, Tool Charger
Magneticraft:item.tool_charger:101, Tool Charger
Magneticraft:item.optic_fiber, Optic Fiber
Magneticraft:item.dustBrass, Brass Dust
Magneticraft:item.stick_iron, Iron Stick
Magneticraft:item.battery_small:1, Small Battery
Magneticraft:item.battery_small:101, Small Battery
Magneticraft:item.alternator, Alternator
Magneticraft:item.magnet, Magnet
Magneticraft:item.inserter_item_drop_upgrade, Inserter Upgrade: Drop Items To Ground
Magneticraft:item.inserter_item_suck_upgrade, Inserter Upgrade: Pick Items From Ground
Magneticraft:item.inserter_item_speed_upgrade, Inserter Upgrade: Increase Speed
Magneticraft:item.inserter_item_slow_upgrade, Inserter Upgrade: Decrease Speed
Magneticraft:item.rubber, Rubber Sheet
Magneticraft:item.brass_pipe, Brass Pipe
Magneticraft:item.stone_hammer, Stone Hammer
Magneticraft:item.iron_hammer, Iron Hammer
Mekanism:PartTransmitter:0, Basic Universal Cable
Mekanism:PartTransmitter:1, Advanced Universal Cable
Mekanism:PartTransmitter:2, Elite Universal Cable
Mekanism:PartTransmitter:3, Ultimate Universal Cable
Mekanism:PartTransmitter:4, Basic Mechanical Pipe
Mekanism:PartTransmitter:5, Advanced Mechanical Pipe
Mekanism:PartTransmitter:6, Elite Mechanical Pipe
Mekanism:PartTransmitter:7, Ultimate Mechanical Pipe
Mekanism:PartTransmitter:8, Basic Pressurized Tube
Mekanism:PartTransmitter:9, Advanced Pressurized Tube
Mekanism:PartTransmitter:10, Elite Pressurized Tube
Mekanism:PartTransmitter:11, Ultimate Pressurized Tube
Mekanism:PartTransmitter:12, Basic Logistical Transporter
Mekanism:PartTransmitter:13, Advanced Logistical Transporter
Mekanism:PartTransmitter:14, Elite Logistical Transporter
Mekanism:PartTransmitter:15, Ultimate Logistical Transporter
Mekanism:PartTransmitter:16, Restrictive Transporter
Mekanism:PartTransmitter:17, Diversion Transporter
Mekanism:PartTransmitter:18, Basic Thermodynamic Conductor
Mekanism:PartTransmitter:19, Advanced Thermodynamic Conductor
Mekanism:PartTransmitter:20, Elite Thermodynamic Conductor
Mekanism:PartTransmitter:21, Ultimate Thermodynamic Conductor
Mekanism:ElectricBow, Electric Bow
Mekanism:Dust:0, Iron Dust
Mekanism:Dust:1, Gold Dust
Mekanism:Dust:2, Osmium Dust
Mekanism:Dust:3, Copper Dust
Mekanism:Dust:4, Tin Dust
Mekanism:Dust:5, Silver Dust
Mekanism:Dust:6, Lead Dust
Mekanism:Ingot:0, Refined Obsidian Ingot
Mekanism:Ingot:1, Osmium Ingot
Mekanism:Ingot:2, Bronze Ingot
Mekanism:Ingot:3, Glowstone Ingot
Mekanism:Ingot:4, Steel Ingot
Mekanism:Ingot:5, Copper Ingot
Mekanism:Ingot:6, Tin Ingot
Mekanism:EnergyTablet, Energy Tablet
Mekanism:SpeedUpgrade, Speed Upgrade
Mekanism:EnergyUpgrade, Energy Upgrade
Mekanism:FilterUpgrade, Filter Upgrade
Mekanism:MufflingUpgrade, Muffling Upgrade
Mekanism:GasUpgrade, Gas Upgrade
Mekanism:Robit, Robit
Mekanism:AtomicDisassembler, Atomic Disassembler
Mekanism:EnrichedAlloy, Enriched Alloy
Mekanism:ReinforcedAlloy, Reinforced Alloy
Mekanism:AtomicAlloy, Atomic Alloy
Mekanism:ItemProxy, item.ItemProxy.name
Mekanism:ControlCircuit:0, Basic Control Circuit
Mekanism:ControlCircuit:1, Advanced Control Circuit
Mekanism:ControlCircuit:2, Elite Control Circuit
Mekanism:ControlCircuit:3, Ultimate Control Circuit
Mekanism:EnrichedIron, Enriched Iron
Mekanism:CompressedCarbon, Compressed Carbon
Mekanism:CompressedRedstone, Compressed Redstone
Mekanism:CompressedDiamond, Compressed Diamond
Mekanism:CompressedObsidian, Compressed Obsidian
Mekanism:PortableTeleporter, Portable Teleporter
Mekanism:TeleportationCore, Teleportation Core
Mekanism:Clump:0, Iron Clump
Mekanism:Clump:1, Gold Clump
Mekanism:Clump:2, Osmium Clump
Mekanism:Clump:3, Copper Clump
Mekanism:Clump:4, Tin Clump
Mekanism:Clump:5, Silver Clump
Mekanism:Clump:6, Lead Clump
Mekanism:DirtyDust:0, Dirty Iron Dust
Mekanism:DirtyDust:1, Dirty Gold Dust
Mekanism:DirtyDust:2, Dirty Osmium Dust
Mekanism:DirtyDust:3, Dirty Copper Dust
Mekanism:DirtyDust:4, Dirty Tin Dust
Mekanism:DirtyDust:5, Dirty Silver Dust
Mekanism:DirtyDust:6, Dirty Lead Dust
Mekanism:Configurator, Configurator
Mekanism:NetworkReader, Network Reader
Mekanism:WalkieTalkie, Walkie-Talkie
Mekanism:Jetpack, Jetpack
Mekanism:Dictionary, Dictionary
Mekanism:GasMask, Gas Mask
Mekanism:ScubaTank, Scuba Tank
Mekanism:Balloon:0, §8Black Balloon
Mekanism:Balloon:1, §cRed Balloon
Mekanism:Balloon:2, §2Green Balloon
Mekanism:Balloon:3, §6Brown Balloon
Mekanism:Balloon:4, §1Blue Balloon
Mekanism:Balloon:5, §5Purple Balloon
Mekanism:Balloon:6, §3Cyan Balloon
Mekanism:Balloon:7, §7Light Grey Balloon
Mekanism:Balloon:8, §8Grey Balloon
Mekanism:Balloon:9, §dPink Balloon
Mekanism:Balloon:10, §aLime Balloon
Mekanism:Balloon:11, §eYellow Balloon
Mekanism:Balloon:12, §9Light Blue Balloon
Mekanism:Balloon:13, §dMagenta Balloon
Mekanism:Balloon:14, §6Orange Balloon
Mekanism:Balloon:15, §fWhite Balloon
Mekanism:Shard:0, Iron Shard
Mekanism:Shard:1, Gold Shard
Mekanism:Shard:2, Osmium Shard
Mekanism:Shard:3, Copper Shard
Mekanism:Shard:4, Tin Shard
Mekanism:Shard:5, Silver Shard
Mekanism:Shard:6, Lead Shard
Mekanism:ElectrolyticCore, Electrolytic Core
Mekanism:Sawdust, Sawdust
Mekanism:Salt, Salt
Mekanism:BrineBucket, Brine Bucket
Mekanism:LithiumBucket, Lithium Bucket
Mekanism:HeavyWaterBucket, Heavy Water Bucket
Mekanism:Crystal:0, Iron Crystal
Mekanism:Crystal:1, Gold Crystal
Mekanism:Crystal:2, Osmium Crystal
Mekanism:Crystal:3, Copper Crystal
Mekanism:Crystal:4, Tin Crystal
Mekanism:Crystal:5, Silver Crystal
Mekanism:Crystal:6, Lead Crystal
Mekanism:FreeRunners, Free Runners
Mekanism:ArmoredJetpack, Armored Jetpack
Mekanism:ConfigurationCard, Configuration Card
Mekanism:CraftingFormula, Crafting Formula
Mekanism:SeismicReader, Seismic Reader
Mekanism:Substrate, Substrate
Mekanism:Polyethene:0, HDPE Pellet
Mekanism:Polyethene:1, HDPE Rod
Mekanism:Polyethene:2, HDPE Sheet
Mekanism:Polyethene:3, PlaStick
Mekanism:BioFuel, Bio Fuel
Mekanism:GlowPanel:0, §8Black Glow Panel
Mekanism:GlowPanel:1, §cRed Glow Panel
Mekanism:GlowPanel:2, §2Green Glow Panel
Mekanism:GlowPanel:3, §6Brown Glow Panel
Mekanism:GlowPanel:4, §1Blue Glow Panel
Mekanism:GlowPanel:5, §5Purple Glow Panel
Mekanism:GlowPanel:6, §3Cyan Glow Panel
Mekanism:GlowPanel:7, §7Light Grey Glow Panel
Mekanism:GlowPanel:8, §8Grey Glow Panel
Mekanism:GlowPanel:9, §dPink Glow Panel
Mekanism:GlowPanel:10, §aLime Glow Panel
Mekanism:GlowPanel:11, §eYellow Glow Panel
Mekanism:GlowPanel:12, §9Light Blue Glow Panel
Mekanism:GlowPanel:13, §dMagenta Glow Panel
Mekanism:GlowPanel:14, §6Orange Glow Panel
Mekanism:GlowPanel:15, §fWhite Glow Panel
Mekanism:Flamethrower, Flamethrower
Mekanism:GaugeDropper, Gauge Dropper
Mekanism:FactoryInstaller:0, Basic Tier Installer
Mekanism:FactoryInstaller:1, Advanced Tier Installer
Mekanism:FactoryInstaller:2, Elite Tier Installer
Mekanism:FactoryInstaller:3, Ultimate Tier Installer
Mekanism:OtherDust:0, Diamond Dust
Mekanism:OtherDust:1, Steel Dust
Mekanism:OtherDust:3, Sulfur Dust
Mekanism:OtherDust:4, Lithium Dust
Mekanism:OtherDust:5, Refined Obsidian Dust
Mekanism:OtherDust:6, Obsidian Dust
MekanismGenerators:SolarPanel, Solar Panel
MekanismGenerators:Hohlraum, Hohlraum
MekanismGenerators:TurbineBlade, Turbine Blade
MekanismTools:WoodPaxel, Wood Paxel
MekanismTools:StonePaxel, Stone Paxel
MekanismTools:IronPaxel, Iron Paxel
MekanismTools:DiamondPaxel, Diamond Paxel
MekanismTools:GoldPaxel, Gold Paxel
MekanismTools:ObsidianHelmet, Obsidian Helmet
MekanismTools:ObsidianChestplate, Obsidian Chestplate
MekanismTools:ObsidianLeggings, Obsidian Leggings
MekanismTools:ObsidianBoots, Obsidian Boots
MekanismTools:ObsidianPaxel, Obsidian Paxel
MekanismTools:ObsidianPickaxe, Obsidian Pickaxe
MekanismTools:ObsidianAxe, Obsidian Axe
MekanismTools:ObsidianShovel, Obsidian Shovel
MekanismTools:ObsidianHoe, Obsidian Hoe
MekanismTools:ObsidianSword, Obsidian Sword
MekanismTools:LapisLazuliHelmet, Lapis Lazuli Helmet
MekanismTools:LapisLazuliChestplate, Lapis Lazuli Chestplate
MekanismTools:LapisLazuliLeggings, Lapis Lazuli Leggings
MekanismTools:LapisLazuliBoots, Lapis Lazuli Boots
MekanismTools:LapisLazuliPaxel, Lapis Lazuli Paxel
MekanismTools:LapisLazuliPickaxe, Lapis Lazuli Pickaxe
MekanismTools:LapisLazuliAxe, Lapis Lazuli Axe
MekanismTools:LapisLazuliShovel, Lapis Lazuli Shovel
MekanismTools:LapisLazuliHoe, Lapis Lazuli Hoe
MekanismTools:LapisLazuliSword, Lapis Lazuli Sword
MekanismTools:OsmiumHelmet, Osmium Helmet
MekanismTools:OsmiumChestplate, Osmium Chestplate
MekanismTools:OsmiumLeggings, Osmium Leggings
MekanismTools:OsmiumBoots, Osmium Boots
MekanismTools:OsmiumPaxel, Osmium Paxel
MekanismTools:OsmiumPickaxe, Osmium Pickaxe
MekanismTools:OsmiumAxe, Osmium Axe
MekanismTools:OsmiumShovel, Osmium Shovel
MekanismTools:OsmiumHoe, Osmium Hoe
MekanismTools:OsmiumSword, Osmium Sword
MekanismTools:BronzeHelmet, Bronze Helmet
MekanismTools:BronzeChestplate, Bronze Chestplate
MekanismTools:BronzeLeggings, Bronze Leggings
MekanismTools:BronzeBoots, Bronze Boots
MekanismTools:BronzePaxel, Bronze Paxel
MekanismTools:BronzePickaxe, Bronze Pickaxe
MekanismTools:BronzeAxe, Bronze Axe
MekanismTools:BronzeShovel, Bronze Shovel
MekanismTools:BronzeHoe, Bronze Hoe
MekanismTools:BronzeSword, Bronze Sword
MekanismTools:GlowstonePaxel, Glowstone Paxel
MekanismTools:GlowstonePickaxe, Glowstone Pickaxe
MekanismTools:GlowstoneAxe, Glowstone Axe
MekanismTools:GlowstoneShovel, Glowstone Shovel
MekanismTools:GlowstoneHoe, Glowstone Hoe
MekanismTools:GlowstoneSword, Glowstone Sword
MekanismTools:GlowstoneHelmet, Glowstone Helmet
MekanismTools:GlowstoneChestplate, Glowstone Chestplate
MekanismTools:GlowstoneLeggings, Glowstone Leggings
MekanismTools:GlowstoneBoots, Glowstone Boots
MekanismTools:SteelPaxel, Steel Paxel
MekanismTools:SteelPickaxe, Steel Pickaxe
MekanismTools:SteelAxe, Steel Axe
MekanismTools:SteelShovel, Steel Shovel
MekanismTools:SteelHoe, Steel Hoe
MekanismTools:SteelSword, Steel Sword
MekanismTools:SteelHelmet, Steel Helmet
MekanismTools:SteelChestplate, Steel Chestplate
MekanismTools:SteelLeggings, Steel Leggings
MekanismTools:SteelBoots, Steel Boots
ae2wct:infinityBoosterCard, Infinity Booster Card
ae2wct:infinityBoosterIcon, item.null.name
ae2wct:wirelessCraftingTerminal, Wireless Crafting Terminal
ae2wct:magnetCard, Magnet Card
ae2wct:boosterBG, item.boosterBG.name
Mystcraft:page:0, Blank Page
Mystcraft:agebook, Descriptive Book
Mystcraft:linkbook, Linking Book
Mystcraft:unlinkedbook, Unlinked Link Book
Mystcraft:booster, Sealed Notebook
Mystcraft:folder, Collation Folder
Mystcraft:portfolio, Symbol Portfolio
Mystcraft:writingdesk:0, Writing Desk
Mystcraft:writingdesk:1, Writing Desk Backboard
Mystcraft:vial, Ink Vial
Mystcraft:glasses, XComp's Glasses
OpenBlocks:hangglider, Hang Glider
OpenBlocks:generic:0, Glider Wing
OpenBlocks:generic:1, Beam
OpenBlocks:generic:2, Crane Engine
OpenBlocks:generic:3, Crane Magnet
OpenBlocks:generic:5, Line
OpenBlocks:generic:6, Map Controller Module
OpenBlocks:generic:7, Map Memory Module
OpenBlocks:generic:9, Assistant's base
OpenBlocks:generic:10, Unprepared Stencil
OpenBlocks:generic:11, Sketching Pencil
OpenBlocks:luggage, Luggage
OpenBlocks:sonicglasses, Sonic Glasses
OpenBlocks:pencilGlasses:0, Pencil Glasses
OpenBlocks:crayonGlasses:0, Crayon Glasses
OpenBlocks:crayonGlasses:0, Crayon Glasses
OpenBlocks:crayonGlasses:0, Crayon Glasses
OpenBlocks:crayonGlasses:0, Crayon Glasses
OpenBlocks:crayonGlasses:0, Crayon Glasses
OpenBlocks:crayonGlasses:0, Crayon Glasses
OpenBlocks:crayonGlasses:0, Crayon Glasses
OpenBlocks:crayonGlasses:0, Crayon Glasses
OpenBlocks:crayonGlasses:0, Crayon Glasses
OpenBlocks:crayonGlasses:0, Crayon Glasses
OpenBlocks:crayonGlasses:0, Crayon Glasses
OpenBlocks:crayonGlasses:0, Crayon Glasses
OpenBlocks:crayonGlasses:0, Crayon Glasses
OpenBlocks:crayonGlasses:0, Crayon Glasses
OpenBlocks:crayonGlasses:0, Crayon Glasses
OpenBlocks:crayonGlasses:0, Crayon Glasses
OpenBlocks:technicolorGlasses:0, Amazing Technicolor Glasses
OpenBlocks:seriousGlasses:0, Badass Glasses
OpenBlocks:craneControl, Crane Control
OpenBlocks:craneBackpack, Crane Backpack
OpenBlocks:slimalyzer, Slimalyzer
OpenBlocks:filledbucket:0, XP Bucket
OpenBlocks:sleepingBag, Sleeping Bag
OpenBlocks:paintBrush, Paint Brush
OpenBlocks:stencil:0, Stencil
OpenBlocks:stencil:1, Stencil
OpenBlocks:stencil:2, Stencil
OpenBlocks:stencil:3, Stencil
OpenBlocks:stencil:4, Stencil
OpenBlocks:stencil:5, Stencil
OpenBlocks:stencil:6, Stencil
OpenBlocks:stencil:7, Stencil
OpenBlocks:stencil:8, Stencil
OpenBlocks:stencil:9, Stencil
OpenBlocks:stencil:10, Stencil
OpenBlocks:stencil:11, Stencil
OpenBlocks:stencil:12, Stencil
OpenBlocks:stencil:13, Stencil
OpenBlocks:stencil:14, Stencil
OpenBlocks:squeegee:0, Squeegee
OpenBlocks:emptyMap, Empty Map
OpenBlocks:cartographer:0, Cartographer
OpenBlocks:tastyClay, Tasty Clay
OpenBlocks:goldenEye, Golden eye
OpenBlocks:genericUnstackable:0, Pointer
OpenBlocks:cursor, Cursor
OpenBlocks:infoBook, World Domination with OpenBlocks
OpenBlocks:devnull, /dev/null
OpenBlocks:spongeonastick, Sponge
OpenBlocks:pedometer, Pedometer
OpenBlocks:epicEraser, Epic Eraser
OpenBlocks:wrench, Big Metal Bar
fodc:oreConverter, Ore Converter
peaether:alchemicalCoinItem, Alchemical Coin
PracticalLogistics:DisplayScreenItem, Display Screen
PracticalLogistics:Sapphire, Sapphire
PracticalLogistics:SapphireDust, Sapphire Dust
PracticalLogistics:StonePlate, Stone Plate
PracticalLogistics:Transceiver, Transceiver
RandomThings:biomeCapsule, Biome Capsule
RandomThings:biomePainter:0, Biome Painter
RandomThings:whitestone:0, White Stone [Uncharged]
RandomThings:whitestone:1, White Stone [Charged]
RandomThings:magneticForce, Magnetic Force
RandomThings:voidStone, Void Stone
RandomThings:dropFilter:0, Drop Filter
RandomThings:dropFilter:1, Voiding Drop Filter
RandomThings:enderLetter:0, Ender Letter
RandomThings:spectreKey, Spectre Key
RandomThings:opSpectreKey, Op Spectre Key
RandomThings:spectreHelmet, Spectre Helmet
RandomThings:spectreChestplate, Spectre Chestplate
RandomThings:spectreLeggings, Spectre Leggings
RandomThings:spectreBoots, Spectre Boots
RandomThings:spectreSword, Spectre Sword
RandomThings:spiritBinder, Spirit Binder
RandomThings:imbue:0, Flask of Poison
RandomThings:imbue:1, Flask of Experience
RandomThings:imbue:2, Flask of Fire
RandomThings:imbue:3, Flask of Withering
RandomThings:imbue:4, Flask of Weakness
RandomThings:imbue:5, Flask of Spectre
RandomThings:bloodStone, Bloodstone
RandomThings:creativeSword, Creative Sword
RandomThings:creativeGrower, Creative Grower
RandomThings:creativeChestGenerator, Creative Chest Generator
RandomThings:soundRecorder, Sound Recorder
RandomThings:ginto:0, Empty Ginto
RandomThings:ginto:1, Filled Ginto
RandomThings:ingredient:0, Player Core
RandomThings:ingredient:1, Obsidian Stick
RandomThings:ingredient:2, Ender Fragment
RandomThings:ingredient:3, Ectoplasm
RandomThings:ingredient:4, Spectre Iron
RandomThings:ingredient:5, Transformation Core
RandomThings:ingredient:6, Ender Diamond
RandomThings:ingredient:7, Energized Water
RandomThings:filter:0, Block Filter
RandomThings:filter:1, Item Filter
RandomThings:filter:2, Entity Filter
RandomThings:filter:3, Position Filter
RedstoneArsenal:armor.helmetFlux, Flux-Infused Helm
RedstoneArsenal:armor.plateFlux, Flux-Infused Chestplate
RedstoneArsenal:armor.legsFlux, Flux-Infused Leggings
RedstoneArsenal:armor.bootsFlux, Flux-Infused Boots
RedstoneArsenal:tool.wrenchFlux, Flux-Infused OmniWrench
RedstoneArsenal:tool.battleWrenchFlux, Flux-Infused BattleWrench 
RedstoneArsenal:tool.swordFlux, Flux-Infused Sword
RedstoneArsenal:tool.shovelFlux, Flux-Infused Shovel
RedstoneArsenal:tool.pickaxeFlux, Flux-Infused Pickaxe
RedstoneArsenal:tool.axeFlux, Flux-Infused Axe
RedstoneArsenal:tool.fishingRodFlux, Flux-Infused Fishing Rod
RedstoneArsenal:tool.sickleFlux, Flux-Infused Sickle
RedstoneArsenal:tool.bowFlux, Flux-Infused Bow
RArm:ItemMaterials:0, Gelid Enderium Ingot
RArm:ItemMaterials:1, Gelid Enderium Nugget
RArm:ItemMaterials:2, Gelid Gem
RArm:ItemMaterials:3, Gelid Rod
RArm:ItemMaterials:4, Chain Link
RArm:ItemMaterials:5, Iron Nugget
RArm:ItemMaterials:6, Flux String
RArm:ItemArmorPlating:0, Enderium Armor Plating
RArm:ItemPotahoeFluxed, Fluxed Potahoe
RArm:ItemAxeGelidEnderium, Gelid Enderium Axe
RArm:ItemBattleWrenchGelidEnderium, Gelid Enderium Battle-Wrench
RArm:ItemPickaxeGelidEnderium, Gelid Enderium Pickaxe
RArm:ItemShovelGelidEnderium, Gelid Enderium Shovel
RArm:ItemSickleGelidEnderium, Gelid Enderium Sickle
RArm:ItemSwordGelidEnderium, Gelid Enderium Sword
RArm:ItemEnderiumArmor.Helm, Enderium Flux Helmet
RArm:ItemEnderiumArmor.Chestplate, Enderium Flux Chestplate
RArm:ItemEnderiumArmor.Leggings, Enderium Flux Leggings
RArm:ItemEnderiumArmor.Boots, Enderium Flux Boots
RArm:ItemLumiumArmor.Helm, Lumium Helmet
RArm:ItemLumiumArmor.Chestplate, Lumium Chestplate
RArm:ItemLumiumArmor.Leggings, Lumium Leggings
RArm:ItemLumiumArmor.Boots, Lumium Boots
RArm:ItemTuberousArmor.Helm, Tuberous Helmet
RArm:ItemTuberousArmor.Chestplate, Tuberous Chestplate
RArm:ItemTuberousArmor.Leggings, Tuberous Leggings
RArm:ItemTuberousArmor.Boots, Tuberous Boots
RArm:ItemRedstoneArmor.Boots, Redstone Dusted Iron Boots
RArm:ItemCapacitorAmulet, item.RArm.bauble.capacitor..name
xreliquary:alkahest_tome:0, Tome of Alkahestry
xreliquary:angelheart_vial, Angelheart Vial
xreliquary:angelic_feather, Angelic Feather
xreliquary:attraction_potion:0, Aphrodite's Serum
xreliquary:bullet:0, Empty Casing
xreliquary:bullet:1, Neutral Shot
xreliquary:bullet:2, Exorcism Shot
xreliquary:bullet:3, Blaze Shot
xreliquary:bullet:4, Ender Shot
xreliquary:bullet:5, Concussive Shot
xreliquary:bullet:6, Buster Shot
xreliquary:bullet:7, Seeker Shot
xreliquary:bullet:8, Sand Shot
xreliquary:bullet:9, Storm Shot
xreliquary:destruction_catalyst:0, Destruction Catalyst
xreliquary:emperor_chalice:0, Emperor's Chalice
xreliquary:ender_staff:0, Ender Staff
xreliquary:fertile_potion:0, Fertile Potion
xreliquary:fortune_coin, Coin of Fortune
xreliquary:glacial_staff:0, Glacial Staff
xreliquary:glowing_bread, Glowing Bread
xreliquary:glowing_water, Glowing Water
xreliquary:gun_part:0, Grip Assembly
xreliquary:gun_part:1, Barrel Assembly
xreliquary:gun_part:2, Hammer Assembly
xreliquary:handgun, Hunter's Handgun
xreliquary:harvest_rod:0, §2Harvest Rod
xreliquary:heart_pearl:0, §cZombie Pearl
xreliquary:heart_pearl:1, §fSkeleton Pearl
xreliquary:heart_pearl:2, §8Wither Skeleton Pearl
xreliquary:heart_pearl:3, §aCreeper Pearl
xreliquary:heart_zhu:0, §cZombie Nian Zhu
xreliquary:heart_zhu:1, §fSkeleton Nian Zhu
xreliquary:heart_zhu:2, §8Wither Skeleton Nian Zhu
xreliquary:heart_zhu:3, §aCreeper Nian Zhu
xreliquary:hero_medallion:0, Hero's Medallion
xreliquary:holy_hand_grenade, Holy Hand Grenade
xreliquary:ice_magus_rod:0, Ice Magus Rod
xreliquary:infernal_chalice:0, Infernal Chalice
xreliquary:infernal_claws, {{!colors.red}}Infernal Claws
xreliquary:infernal_tear:0, §4Infernal Tear
xreliquary:kraken_shell, Kraken Shell
xreliquary:lantern_of_paranoia:0, §eLantern Of Paranoia
xreliquary:magazine:0, Empty Magazine
xreliquary:magazine:1, Neutral Magazine
xreliquary:magazine:2, Exorcism Magazine
xreliquary:magazine:3, Blaze Magazine
xreliquary:magazine:4, Ender Magazine
xreliquary:magazine:5, Concussive Magazine
xreliquary:magazine:6, Buster Magazine
xreliquary:magazine:7, Seeker Magazine
xreliquary:magazine:8, Sand Magazine
xreliquary:magazine:9, Storm Magazine
xreliquary:magicbane, Magicbane
xreliquary:mercy_cross, Cross of Mercy
xreliquary:midas_touchstone:0, Touchstone of Midas
xreliquary:mob_ingredient:0, Rib Bone
xreliquary:mob_ingredient:1, Withered Rib
xreliquary:mob_ingredient:2, Chelicerae
xreliquary:mob_ingredient:3, Catalyzing Gland
xreliquary:mob_ingredient:4, Slime Pearl
xreliquary:mob_ingredient:5, Bat Wing
xreliquary:mob_ingredient:6, Zombie Heart
xreliquary:mob_ingredient:7, Molten Core
xreliquary:mob_ingredient:8, Eye of the Storm
xreliquary:mob_ingredient:9, Fertile Essence
xreliquary:mob_ingredient:10, Frozen Core
xreliquary:mob_ingredient:11, Nebulous Heart
xreliquary:mob_ingredient:12, Squid Beak
xreliquary:mob_ingredient:13, Infernal Claw
xreliquary:mob_ingredient:14, Kraken Shell Fragment
xreliquary:mob_ingredient:15, Crimson Cloth
xreliquary:phoenix_down, Phoenix Down
xreliquary:potion_essence, Potion Essence
xreliquary:pyromancer_staff:0, §4Pyromancer's Staff
xreliquary:rending_gale:0, §eRending Gale
xreliquary:rod_of_lyssa, Rod of Lyssa
xreliquary:salamander_eye, Salamander's Eye
xreliquary:serpent_staff, {{!colors.green}}Serpent Staff
xreliquary:shears_of_winter, Shears of Winter
xreliquary:sojourner_staff:0, Sojourner's Staff
xreliquary:twilight_cloak:0, Twilight Cloak
xreliquary:void_tear:0, Void Tear
xreliquary:void_tear_empty, Empty Void Tear
xreliquary:witch_hat, {{!colors.yellow}}Witch Hat
xreliquary:witherless_rose, Witherless Rose
xreliquary:potion, Condensed Potion
rftools:shapeCardItem:0, Shape Card
rftools:shapeCardItem:1, Shape Card (Void)
rftools:shapeCardItem:2, Shape Card (Quarry)
rftools:shapeCardItem:3, Shape Card (Silk Quarry)
rftools:shapeCardItem:4, Shape Card (Fortune Quarry)
rftools:shapeCardItem:5, Shape Card (Clearing Quarry)
rftools:shapeCardItem:6, Shape Card (Clearing Silk Quarry)
rftools:shapeCardItem:7, Shape Card (Clearing Fortune Quarry)
rftools:smartWrenchItem, Smart Wrench
rftools:networkMonitorItem, RF Network Monitor
rftools:rfToolsManualItem, RFTools Manual
rftools:rfToolsManualDimensionItem, RFTools Dimension Manual
rftools:developersDelightItem, Developers Delight
rftools:shardWandItem, Shard Wand
rftools:spaceChamberCardItem, Space Chamber Card
rftools:teleportProbeItem, Teleporter Probe
rftools:chargedPorterItem, Charged Porter
rftools:advancedChargedPorterItem, Advanced Charged Porter
rftools:regenerationEModuleItem, Regeneration Module
rftools:regenerationPlusEModuleItem, Regeneration Plus Module
rftools:speedEModuleItem, Speed Module
rftools:speedPlusEModuleItem, Speed Plus Module
rftools:hasteEModuleItem, Haste Module
rftools:hastePlusEModuleItem, Haste Plus Module
rftools:saturationEModuleItem, Saturation Module
rftools:saturationPlusEModuleItem, Saturation Plus Module
rftools:featherFallingEModuleItem, Feather Falling Module
rftools:featherFallingPlusEModuleItem, Feather Falling Plus Module
rftools:flightEModuleItem, Flight Module
rftools:peacefulEModuleItem, Peaceful Module
rftools:waterBreathingEModuleItem, Water Breathing Module
rftools:nightVisionEModuleItem, Night Vision Module
rftools:blindnessEModuleItem, Blindness Module
rftools:weaknessEModuleItem, Weakness Module
rftools:poisonEModuleItem, Poison Module
rftools:slownessEModuleItem, Slowness Module
rftools:textModuleItem, Text Module
rftools:inventoryModuleItem, Inventory Module
rftools:inventoryPlusModuleItem, Inventory Plus Module
rftools:energyModuleItem, Energy Module
rftools:energyPlusModuleItem, Energy Plus Module
rftools:dimensionModuleItem, Dimension Module
rftools:clockModuleItem, Clock Module
rftools:fluidModuleItem, Fluid Module
rftools:fluidPlusModuleItem, Fluid Plus Module
rftools:counterModuleItem, Counter Module
rftools:counterPlusModuleItem, Counter Plus Module
rftools:redstoneModuleItem, Redstone Module
rftools:machineInformationModuleItem, Machine Information Module
rftools:computerModuleItem, Computer Module
rftools:buttonModuleItem, Button Module
rftools:unknownDimlet, Unknown Dimlet
rftools:dimletTemplate, Dimlet Template
rftools:emptyDimensionTab, Empty Dimension Tab
rftools:realizedDimensionTab, Realized Dimension Tab
rftools:dimensionMonitorItem, Dimension Monitor
rftools:phasedFieldGeneratorItem, Phased Field Generator
rftools:dimensionalShardItem, Dimensional Shard
rftools:infusedDiamondItem, Infused Diamond
rftools:dimletBaseItem, Dimlet Base Part
rftools:dimletControlCircuitItem:0, Dimlet Control Circuit Rarity 0
rftools:dimletControlCircuitItem:1, Dimlet Control Circuit Rarity 1
rftools:dimletControlCircuitItem:2, Dimlet Control Circuit Rarity 2
rftools:dimletControlCircuitItem:3, Dimlet Control Circuit Rarity 3
rftools:dimletControlCircuitItem:4, Dimlet Control Circuit Rarity 4
rftools:dimletControlCircuitItem:5, Dimlet Control Circuit Rarity 5
rftools:dimletControlCircuitItem:6, Dimlet Control Circuit Rarity 6
rftools:dimletEnergyModuleItem:0, Dimlet Basic Energy Module
rftools:dimletEnergyModuleItem:1, Dimlet Regular Energy Module
rftools:dimletEnergyModuleItem:2, Dimlet Advanced Energy Module
rftools:dimletMemoryUnitItem:0, Dimlet Basic Memory Unit
rftools:dimletMemoryUnitItem:1, Dimlet Regular Memory Unit
rftools:dimletMemoryUnitItem:2, Dimlet Advanced Memory Unit
rftools:dimletTypeControllerItem:0, Dimlet Biome Type Controller
rftools:dimletTypeControllerItem:2, Dimlet Liquid Type Controller
rftools:dimletTypeControllerItem:3, Dimlet Material Type Controller
rftools:dimletTypeControllerItem:4, Dimlet Mob Type Controller
rftools:dimletTypeControllerItem:5, Dimlet Sky Type Controller
rftools:dimletTypeControllerItem:6, Dimlet Structure Type Controller
rftools:dimletTypeControllerItem:7, Dimlet Terrain Type Controller
rftools:dimletTypeControllerItem:8, Dimlet Feature Type Controller
rftools:dimletTypeControllerItem:9, Dimlet Time Type Controller
rftools:dimletTypeControllerItem:11, Dimlet Effect Type Controller
rftools:dimletTypeControllerItem:12, Dimlet Special Type Controller
rftools:dimletTypeControllerItem:13, Dimlet Controller Type Controller
rftools:dimletTypeControllerItem:14, Dimlet Weather Type Controller
rftools:dimletTypeControllerItem:15, item.DimletTypeControllerPatreon.name
rftools:syringeItem, Syringe
rftools:peaceEssenceItem, Peace Essence
rftools:efficiencyEssenceItem, Efficiency Essence
rftools:mediocreEfficiencyEssenceItem, Mediocre Efficiency Essence
rftools:structureEssenceItem:1, Structure Village Essence
rftools:structureEssenceItem:2, Structure Stronghold Essence
rftools:structureEssenceItem:3, Structure Dungeon Essence
rftools:structureEssenceItem:4, Structure Fortress Essence
rftools:structureEssenceItem:5, Structure Mineshaft Essence
rftools:structureEssenceItem:6, Structure Scattered Essence
rftools:storageModuleTabletItem, Storage Module Tablet
rftools:storageModuleItem:0, Storage Module Tier 1
rftools:storageModuleItem:1, Storage Module Tier 2
rftools:storageModuleItem:2, Storage Module Tier 3
rftools:storageModuleItem:6, Remote Storage Module
rftools:dimletTypeItem, Dimlet Storage Module
rftools:oreDictTypeItem, Ore Dictionary Storage Module
rftools:genericTypeItem, Generic Storage Module
rftools:storageFilterItem, Storage Filter Module
rftools:orphaningCardItem, Orphaning Card
rftools:securityCardItem, Security Card
runicdungeons:item.key, Dungeon Key
runicdungeons:item.magicchalk, Magical Chalk
runicdungeons:item.magicstaff, Magical Staff
runicdungeons:item.beltArrow, Arrow Belt
runicdungeons:item.flyBelt, Belt of Flight
runicdungeons:item.basicBelt, Basic Belt Base
runicdungeons:item.advancedBelt, Advanced Belt Base
runicdungeons:item.rider, Rider - Ride Mode [WIP]
runicdungeons:item.stacker, Rider - Stack Mode [WIP]
runicdungeons:item.trapRemover, Trap Nullification Wand
runicdungeons:item.runicSteel, Runic Steel Ingot
runicdungeons:item.runicSteelSword, Runic Steel Sword
runicdungeons:item.runicSteelPickaxe, Runic Steel Pickaxe
runicdungeons:item.runicSteelAxe, Runic Steel Hatchet
runicdungeons:item.runicSteelShovel, Runic Steel Spade
runicdungeons:item.airCrystal, Air Crystal
runicdungeons:item.earthCrystal, Earth Crystal
runicdungeons:item.fireCrystal, Fire Crystal
runicdungeons:item.waterCrystal, Water Crystal
SaltMod:achivItem:0, item.achievItem.name
SaltMod:salt, Salt
SaltMod:saltPinch, Pinch of Salt
SaltMod:saltWortSeed, Saltwort
SaltMod:soda, Effervescent Ash
SaltMod:mineralMud, Mineral Mud
SaltMod:saltBeefCooked, Salty Steak
SaltMod:saltPorkchopCooked, Salty Cooked Porkchop
SaltMod:saltPotatoBaked, Salty Baked Potato
SaltMod:saltChickenCooked, Salty Cooked Chicken
SaltMod:saltFishCod, Salty Fish
SaltMod:saltFishCodCooked, Salty Cooked Fish
SaltMod:saltFishSalmon, Salty Salmon
SaltMod:saltFishSalmonCooked, Salty Cooked Salmon
SaltMod:saltFishClownfish, Salty Clown Fish
SaltMod:cornedBeef, Corned Beef
SaltMod:saltBread, Salty Bread
SaltMod:saltEgg, Soft-Boiled Egg
SaltMod:pumpkinPorridge, Pumpkin Porridge
SaltMod:saltMushroomStew, Salty Mushroom Stew
SaltMod:vegetableStew, Stewed Vegetables
SaltMod:saltVegetableStew, Salty Stewed Vegetables
SaltMod:potatoMushroom, Potato With Mushrooms
SaltMod:saltPotatoMushroom, Salty Potato With Mushrooms
SaltMod:fishSoup, Fish Soup
SaltMod:saltFishSoup, Salty Fish Soup
SaltMod:fishSalmonSoup, Salmon Soup
SaltMod:saltFishSalmonSoup, Salty Salmon Soup
SaltMod:saltWortBeef, Steak With Saltwort
SaltMod:saltWortPorkchop, Cooked Porkchop With Saltwort
SaltMod:dandelionSalad, Dandelion Salad
SaltMod:saltDandelionSalad, Salty Dandelion Salad
SaltMod:wheatSprouts, Wheat Sprouts
SaltMod:saltWheatSprouts, Salty Wheat Sprouts
SaltMod:fruitSalad, Fruit Salad
SaltMod:gratedCarrot, Grated Carrot
SaltMod:saltWortSalad, Saltwort Salad
SaltMod:carrotPie, Carrot Pie
SaltMod:applePie, Apple Pie
SaltMod:potatoPie, Potato Pie
SaltMod:onionPie, Onion Pie
SaltMod:fishPie, Fish Pie
SaltMod:fishSalmonPie, Salmon Pie
SaltMod:mushroomPie, Mushroom Pie
SaltMod:saltWortPie, SaltWort Pie
SaltMod:fermentedSaltWort, Fermented Saltwort
SaltMod:pickledMushroom, Pickled Mushroom
SaltMod:pickledFern, Pickled Fern
SaltMod:fizzyDrink, Fizzy Drink
SaltMod:muffin, Muffin
SaltMod:mudHelmet, Head Mud Mask
SaltMod:mudChestplate, Body Mud Mask
SaltMod:mudLeggings, Legs Mud Mask
SaltMod:mudBoots, Foot Mud Mask
SaltMod:powderedMilk, Powdered Milk
SaltMod:escargot, Escargot
SaltMod:saltStar, Salt Star
SaltMod:rainmaker, Rainmaker
simplyjetpacks:jetpacksCommon:0, Tuberous Jetpack
simplyjetpacks:jetpacksCommon:9001, Creative Jetpack
simplyjetpacks:fluxpacksCommon:9001, Creative Flux Pack
simplyjetpacks:jetpacks:1, Leadstone Jetpack
simplyjetpacks:jetpacks:1, Leadstone Jetpack
simplyjetpacks:jetpacks:101, Leadstone Jetpack (Armored)
simplyjetpacks:jetpacks:101, Leadstone Jetpack (Armored)
simplyjetpacks:jetpacks:2, Hardened Jetpack
simplyjetpacks:jetpacks:2, Hardened Jetpack
simplyjetpacks:jetpacks:102, Hardened Jetpack (Armored)
simplyjetpacks:jetpacks:102, Hardened Jetpack (Armored)
simplyjetpacks:jetpacks:3, Reinforced Jetpack
simplyjetpacks:jetpacks:3, Reinforced Jetpack
simplyjetpacks:jetpacks:103, Reinforced Jetpack (Armored)
simplyjetpacks:jetpacks:103, Reinforced Jetpack (Armored)
simplyjetpacks:jetpacks:4, Resonant Jetpack
simplyjetpacks:jetpacks:4, Resonant Jetpack
simplyjetpacks:jetpacks:104, Resonant Jetpack (Armored)
simplyjetpacks:jetpacks:104, Resonant Jetpack (Armored)
simplyjetpacks:jetpacks:5, Flux-Infused JetPlate
simplyjetpacks:jetpacks:5, Flux-Infused JetPlate
simplyjetpacks:jetpacks:5, Flux-Infused JetPlate
simplyjetpacks:jetpacks:5, Flux-Infused JetPlate
simplyjetpacks:fluxpacks:1, Leadstone Flux Pack
simplyjetpacks:fluxpacks:1, Leadstone Flux Pack
simplyjetpacks:fluxpacks:2, Hardened Flux Pack
simplyjetpacks:fluxpacks:2, Hardened Flux Pack
simplyjetpacks:fluxpacks:102, Hardened Flux Pack (Armored)
simplyjetpacks:fluxpacks:102, Hardened Flux Pack (Armored)
simplyjetpacks:fluxpacks:3, Redstone Flux Pack
simplyjetpacks:fluxpacks:3, Redstone Flux Pack
simplyjetpacks:fluxpacks:103, Redstone Flux Pack (Armored)
simplyjetpacks:fluxpacks:103, Redstone Flux Pack (Armored)
simplyjetpacks:fluxpacks:4, Resonant Flux Pack
simplyjetpacks:fluxpacks:4, Resonant Flux Pack
simplyjetpacks:fluxpacks:104, Resonant Flux Pack (Armored)
simplyjetpacks:fluxpacks:104, Resonant Flux Pack (Armored)
simplyjetpacks:jetpacksEIO:1, Conductive Iron Jetpack
simplyjetpacks:jetpacksEIO:1, Conductive Iron Jetpack
simplyjetpacks:jetpacksEIO:101, Conductive Iron Jetpack (Armored)
simplyjetpacks:jetpacksEIO:101, Conductive Iron Jetpack (Armored)
simplyjetpacks:jetpacksEIO:2, Electrical Steel Jetpack
simplyjetpacks:jetpacksEIO:2, Electrical Steel Jetpack
simplyjetpacks:jetpacksEIO:102, Electrical Steel Jetpack (Armored)
simplyjetpacks:jetpacksEIO:102, Electrical Steel Jetpack (Armored)
simplyjetpacks:jetpacksEIO:3, Energetic Jetpack
simplyjetpacks:jetpacksEIO:3, Energetic Jetpack
simplyjetpacks:jetpacksEIO:103, Energetic Jetpack (Armored)
simplyjetpacks:jetpacksEIO:103, Energetic Jetpack (Armored)
simplyjetpacks:jetpacksEIO:4, Vibrant Jetpack
simplyjetpacks:jetpacksEIO:4, Vibrant Jetpack
simplyjetpacks:jetpacksEIO:104, Vibrant Jetpack (Armored)
simplyjetpacks:jetpacksEIO:104, Vibrant Jetpack (Armored)
simplyjetpacks:jetpacksEIO:5, Dark Soularium JetPlate
simplyjetpacks:jetpacksEIO:5, Dark Soularium JetPlate
simplyjetpacks:fluxpacksEIO:1, Basic Capacitor Pack
simplyjetpacks:fluxpacksEIO:1, Basic Capacitor Pack
simplyjetpacks:fluxpacksEIO:2, Double-Layer Capacitor Pack
simplyjetpacks:fluxpacksEIO:2, Double-Layer Capacitor Pack
simplyjetpacks:fluxpacksEIO:102, Double-Layer Capacitor Pack (Armored)
simplyjetpacks:fluxpacksEIO:102, Double-Layer Capacitor Pack (Armored)
simplyjetpacks:fluxpacksEIO:3, Quadruple-Layer Capacitor Pack
simplyjetpacks:fluxpacksEIO:3, Quadruple-Layer Capacitor Pack
simplyjetpacks:fluxpacksEIO:103, Quadruple-Layer Capacitor Pack (Armored)
simplyjetpacks:fluxpacksEIO:103, Quadruple-Layer Capacitor Pack (Armored)
simplyjetpacks:fluxpacksEIO:4, Octadic Capacitor Pack
simplyjetpacks:fluxpacksEIO:4, Octadic Capacitor Pack
simplyjetpacks:fluxpacksEIO:104, Octadic Capacitor Pack (Armored)
simplyjetpacks:fluxpacksEIO:104, Octadic Capacitor Pack (Armored)
simplyjetpacks:jetpacksBC:1, Combustion Jetpack
simplyjetpacks:jetpacksBC:1, Combustion Jetpack
simplyjetpacks:jetpacksBC:101, Combustion Jetpack (Armored)
simplyjetpacks:jetpacksBC:101, Combustion Jetpack (Armored)
simplyjetpacks:jetpacksBC:2, Kinetic Jetpack
simplyjetpacks:jetpacksBC:2, Kinetic Jetpack
simplyjetpacks:jetpacksBC:102, Kinetic Jetpack (Armored)
simplyjetpacks:jetpacksBC:102, Kinetic Jetpack (Armored)
simplyjetpacks:components:0, Leather Strap
simplyjetpacks:components:11, Leadstone Thruster
simplyjetpacks:components:12, Hardened Thruster
simplyjetpacks:components:13, Reinforced Thruster
simplyjetpacks:components:14, Resonant Thruster
simplyjetpacks:components:15, Fluxed Thruster
simplyjetpacks:components:21, Conductive Iron Thruster
simplyjetpacks:components:22, Electrical Steel Thruster
simplyjetpacks:components:23, Energetic Thruster
simplyjetpacks:components:24, Vibrant Thruster
simplyjetpacks:components:25, Dark Soularium Thruster
simplyjetpacks:components:31, Combustion Thruster
simplyjetpacks:components:32, Kinetic Thruster
simplyjetpacks:components:59, Enderium Flux Overlay
simplyjetpacks:components:60, Glowstone Elevation Unit (Empty)
simplyjetpacks:components:61, Glowstone Elevation Unit
simplyjetpacks:components:62, Cryotheum Coolant Unit (Empty)
simplyjetpacks:components:63, Cryotheum Coolant Unit
simplyjetpacks:components:70, Dark Soularium Ingot
simplyjetpacks:components:71, Reinforced Glider Wing
simplyjetpacks:components:72, Flight Control Unit (Empty)
simplyjetpacks:components:73, Flight Control Unit
simplyjetpacks:armorPlatings:1, Iron Armor Plating
simplyjetpacks:armorPlatings:2, Bronze Armor Plating
simplyjetpacks:armorPlatings:3, Invar Armor Plating
simplyjetpacks:armorPlatings:4, Enderium Armor Plating
simplyjetpacks:armorPlatings:11, Silicon Armor Plating
simplyjetpacks:armorPlatings:12, Conductive Iron Armor Plating
simplyjetpacks:armorPlatings:13, Electrical Steel Armor Plating
simplyjetpacks:armorPlatings:14, Dark Steel Armor Plating
simplyjetpacks:armorPlatings:21, Reinforced Leather Armor Plating
simplyjetpacks:armorPlatings:22, Diamond Armor Plating
simplyjetpacks:particleCustomizers:0, Particle Customizer (Default)
simplyjetpacks:particleCustomizers:1, Particle Customizer (None)
simplyjetpacks:particleCustomizers:2, Particle Customizer (Smoke Only)
simplyjetpacks:particleCustomizers:3, Particle Customizer (Rainbow Smoke)
simplyjetpacks:jetpackFueller, Jetpack Fueller
simplyjetpacks:mysteriousPotato, Mysterious Potato
SolarFlux:mirror, Mirror
SolarFlux:solarCell1, Photovoltaic cell I
SolarFlux:solarCell2, Photovoltaic cell II
SolarFlux:solarCell3, Photovoltaic cell III
SolarFlux:solarCell4, Photovoltaic cell IV
SolarFlux:upgradeEfficiency, Efficiency upgrade
SolarFlux:upgradeLowLight, Low light upgrade
SolarFlux:upgradeTraversal, Machine traversal upgrade
SolarFlux:upgradeTransferRate, Transfer rate upgrade
SolarFlux:upgradeCapacity, Capacity upgrade
SolarFlux:upgradeFurnace, Furnace upgrade
SolarFlux:upgradeBlank, Blank upgrade
supersolarpanel:enderquantumcomponent, Ender-Quantum Component
supersolarpanel:solarsplitter, Solar Light Splitter
supersolarpanel:bluecomponent, Blue Spectral Component
supersolarpanel:greencomponent, Green Spectral Component
supersolarpanel:redcomponent, Red Spectral Component
StevesAddons:duplicator, Manager Duplicator
StevesAddons:labeler, Factory Labeler
StevesCarts:ModularCart:0, Modular cart
StevesCarts:ModuleComponents:0, Wooden Wheels
StevesCarts:ModuleComponents:1, Iron Wheels
StevesCarts:ModuleComponents:2, Red Pigment
StevesCarts:ModuleComponents:3, Green Pigment
StevesCarts:ModuleComponents:4, Blue Pigment
StevesCarts:ModuleComponents:5, Glass o'Magic
StevesCarts:ModuleComponents:6, Dynamite
StevesCarts:ModuleComponents:9, Simple PCB
StevesCarts:ModuleComponents:10, Graphical Interface
StevesCarts:ModuleComponents:11, Raw Handle
StevesCarts:ModuleComponents:12, Refined Handle
StevesCarts:ModuleComponents:13, Speed Handle
StevesCarts:ModuleComponents:14, Wheel
StevesCarts:ModuleComponents:15, Saw Blade
StevesCarts:ModuleComponents:16, Advanced PCB
StevesCarts:ModuleComponents:17, Wood Cutting Core
StevesCarts:ModuleComponents:18, Raw Hardener
StevesCarts:ModuleComponents:19, Refined Hardener
StevesCarts:ModuleComponents:20, Hardened Mesh
StevesCarts:ModuleComponents:21, Stabilized Metal
StevesCarts:ModuleComponents:22, Reinforced Metal
StevesCarts:ModuleComponents:23, Reinforced Wheels
StevesCarts:ModuleComponents:24, Pipe
StevesCarts:ModuleComponents:25, Shooting Station
StevesCarts:ModuleComponents:26, Entity Scanner
StevesCarts:ModuleComponents:27, Entity Analyzer
StevesCarts:ModuleComponents:28, Empty Disk
StevesCarts:ModuleComponents:29, Tri-torch
StevesCarts:ModuleComponents:30, Chest Pane
StevesCarts:ModuleComponents:31, Large Chest Pane
StevesCarts:ModuleComponents:32, Huge Chest Pane
StevesCarts:ModuleComponents:33, Chest Lock
StevesCarts:ModuleComponents:34, Iron Pane
StevesCarts:ModuleComponents:35, Large Iron Pane
StevesCarts:ModuleComponents:36, Huge Iron Pane
StevesCarts:ModuleComponents:37, Dynamic Pane
StevesCarts:ModuleComponents:38, Large Dynamic Pane
StevesCarts:ModuleComponents:39, Huge Dynamic Pane
StevesCarts:ModuleComponents:40, Cleaning Fan
StevesCarts:ModuleComponents:41, Cleaning Core
StevesCarts:ModuleComponents:42, Cleaning Tube
StevesCarts:ModuleComponents:43, Fuse
StevesCarts:ModuleComponents:44, Upgrade: Solar Panel
StevesCarts:ModuleComponents:45, Eye of Galgador
StevesCarts:ModuleComponents:46, Lump of Galgador
StevesCarts:ModuleComponents:47, Galgadorian Metal
StevesCarts:ModuleComponents:48, Large Lump of Galgador
StevesCarts:ModuleComponents:49, Enhanced Galgadorian Metal
StevesCarts:ModuleComponents:58, Advanced Solar Panel
StevesCarts:ModuleComponents:59, Blank Upgrade
StevesCarts:ModuleComponents:60, Tank Valve
StevesCarts:ModuleComponents:61, Tank Pane
StevesCarts:ModuleComponents:62, Large Tank Pane
StevesCarts:ModuleComponents:63, Huge Tank Pane
StevesCarts:ModuleComponents:64, Liquid Cleaning Core
StevesCarts:ModuleComponents:65, Liquid Cleaning Tube
StevesCarts:ModuleComponents:80, Hardened Saw Blade
StevesCarts:ModuleComponents:81, Galgadorian Saw Blade
StevesCarts:ModuleComponents:82, Galgadorian Wheels
StevesCarts:ModuleComponents:83, Iron Blade
StevesCarts:ModuleComponents:84, Blade Arm
StorageDrawers:upgradeTemplate, Upgrade Template
StorageDrawers:upgrade:2, Storage Upgrade (II)
StorageDrawers:upgrade:3, Storage Upgrade (III)
StorageDrawers:upgrade:4, Storage Upgrade (IV)
StorageDrawers:upgrade:5, Storage Upgrade (V)
StorageDrawers:upgrade:6, Storage Upgrade (VI)
StorageDrawers:upgradeStatus:1, Status Upgrade (I)
StorageDrawers:upgradeStatus:2, Status Upgrade (II)
StorageDrawers:upgradeVoid, Void Upgrade
StorageDrawers:upgradeCreative:0, Creative Storage Upgrade
StorageDrawers:upgradeCreative:1, Creative Vending Upgrade
StorageDrawers:upgradeRedstone:0, Redstone Upgrade
StorageDrawers:upgradeRedstone:1, Redstone Max Upgrade
StorageDrawers:upgradeRedstone:2, Redstone Min Upgrade
StorageDrawers:upgradeLock, Drawer Key
StorageDrawers:shroudKey, Concealment Key
StorageDrawers:personalKey:0, Personal Key
StorageDrawers:personalKey:1, Personal Key (CoFH)
StorageDrawers:tape, Packing Tape
SuperMultiDrills:Drill, item.null.name
SuperMultiDrills:DrillHead:0, Iron Drill Head
SuperMultiDrills:DrillHead:1, Gold Drill Head
SuperMultiDrills:DrillHead:2, Diamond Drill Head
SuperMultiDrills:DrillHead:3, Copper Drill Head
SuperMultiDrills:DrillHead:4, Tin Drill Head
SuperMultiDrills:DrillHead:5, Silver Drill Head
SuperMultiDrills:DrillHead:6, Lead Drill Head
SuperMultiDrills:DrillHead:7, Ferrous Drill Head
SuperMultiDrills:DrillHead:8, Electrum Drill Head
SuperMultiDrills:DrillHead:9, Invar Drill Head
SuperMultiDrills:DrillHead:10, Bronze Drill Head
SuperMultiDrills:DrillHead:11, Platinum Drill Head
SuperMultiDrills:DrillHead:32, Enderium Drill Head
SuperMultiDrills:DrillHead:33, Signalum Drill Head
SuperMultiDrills:DrillHead:34, Lumium Drill Head
SuperMultiDrills:DrillHead:69, Dark Steel Drill Head
SuperMultiDrills:DrillHead:70, Electrical Steel Drill Head
SuperMultiDrills:DrillHead:71, Conductive Iron Drill Head
SuperMultiDrills:DrillHead:72, Energetic Alloy Drill Head
SuperMultiDrills:DrillHead:73, Vibrant Alloy Drill Head
SuperMultiDrills:DrillHead:74, Pulsating Iron Drill Head
SuperMultiDrills:DrillHead:75, Soularium Drill Head
SuperMultiDrills:DrillHead:12, Ruby Drill Head
SuperMultiDrills:DrillHead:13, Garnet Drill Head
SuperMultiDrills:DrillHead:14, Topaz Drill Head
SuperMultiDrills:DrillHead:15, Heliodor Drill Head
SuperMultiDrills:DrillHead:16, Peridot Drill Head
SuperMultiDrills:DrillHead:17, Beryl Drill Head
SuperMultiDrills:DrillHead:18, Aquamarine Drill Head
SuperMultiDrills:DrillHead:19, Sapphire Drill Head
SuperMultiDrills:DrillHead:20, Iolite Drill Head
SuperMultiDrills:DrillHead:21, Amethyst Drill Head
SuperMultiDrills:DrillHead:22, Morganite Drill Head
SuperMultiDrills:DrillHead:23, Onyx Drill Head
SuperMultiDrills:DrillHead:35, Manasteel Drill Head
SuperMultiDrills:DrillHead:36, Terrasteel Drill Head
SuperMultiDrills:DrillHead:37, Elementium Drill Head
SuperMultiDrills:DrillHead:24, Steel Drill Head
SuperMultiDrills:DrillHead:25, Alumite Drill Head
SuperMultiDrills:DrillHead:26, Cobalt Drill Head
SuperMultiDrills:DrillHead:27, Ardite Drill Head
SuperMultiDrills:DrillHead:28, Manyullyn Drill Head
SuperMultiDrills:DrillHead:29, Fairy Drill Head
SuperMultiDrills:DrillHead:30, Pokefennium Drill Head
SuperMultiDrills:DrillHead:31, RedAurum Drill Head
SuperMultiDrills:DrillHead:38, Hepatizon Drill Head
SuperMultiDrills:DrillHead:39, Damascus Steel Drill Head
SuperMultiDrills:DrillHead:40, Angmallen Drill Head
SuperMultiDrills:DrillHead:41, Brass Drill Head
SuperMultiDrills:DrillHead:42, Ignatius Drill Head
SuperMultiDrills:DrillHead:43, Shadow Iron Drill Head
SuperMultiDrills:DrillHead:44, Shadow Steel Drill Head
SuperMultiDrills:DrillHead:45, Midasium Drill Head
SuperMultiDrills:DrillHead:46, Vyroxeres Drill Head
SuperMultiDrills:DrillHead:47, Ceruclase Drill Head
SuperMultiDrills:DrillHead:48, Inolashite Drill Head
SuperMultiDrills:DrillHead:49, Kalendrite Drill Head
SuperMultiDrills:DrillHead:50, Amordrine Drill Head
SuperMultiDrills:DrillHead:51, Vulcanite Drill Head
SuperMultiDrills:DrillHead:52, Sanguinite Drill Head
SuperMultiDrills:DrillHead:53, Prometheum Drill Head
SuperMultiDrills:DrillHead:54, Deep Iron Drill Head
SuperMultiDrills:DrillHead:55, Black Steel Drill Head
SuperMultiDrills:DrillHead:56, Oureclase Drill Head
SuperMultiDrills:DrillHead:57, Astral Silver Drill Head
SuperMultiDrills:DrillHead:58, Carmot Drill Head
SuperMultiDrills:DrillHead:59, Mithril Drill Head
SuperMultiDrills:DrillHead:60, Quicksilver Drill Head
SuperMultiDrills:DrillHead:61, Haderoth Drill Head
SuperMultiDrills:DrillHead:62, Orichalcum Drill Head
SuperMultiDrills:DrillHead:63, Celenegil Drill Head
SuperMultiDrills:DrillHead:64, Adamantine Drill Head
SuperMultiDrills:DrillHead:65, Atlarus Drill Head
SuperMultiDrills:DrillHead:66, Tartarite Drill Head
SuperMultiDrills:DrillHead:67, Eximite Drill Head
SuperMultiDrills:DrillHead:68, Desichalkos Drill Head
SuperMultiDrills:DrillMotor:0, Mainstream Motor
SuperMultiDrills:DrillMotor:1, Performance Motor
SuperMultiDrills:DrillMotor:2, Enthusiast Motor
SuperMultiDrills:DrillBattery:0, Drill Battery: Tater
SuperMultiDrills:DrillBattery:0, Drill Battery: Tater
SuperMultiDrills:DrillBattery:1, Drill Battery: Small
SuperMultiDrills:DrillBattery:1, Drill Battery: Small
SuperMultiDrills:DrillBattery:2, Drill Battery: Medium
SuperMultiDrills:DrillBattery:2, Drill Battery: Medium
SuperMultiDrills:DrillBattery:3, Drill Battery: Large
SuperMultiDrills:DrillBattery:3, Drill Battery: Large
SuperMultiDrills:DrillBattery:4, Drill Battery: Extreme
SuperMultiDrills:DrillBattery:4, Drill Battery: Extreme
SuperMultiDrills:DrillBattery:5, Drill Battery: Creative
SuperMultiDrills:DrillChassis:0, White Drill Chassis
SuperMultiDrills:DrillChassis:1, Orange Drill Chassis
SuperMultiDrills:DrillChassis:2, Magenta Drill Chassis
SuperMultiDrills:DrillChassis:3, Light Blue Drill Chassis
SuperMultiDrills:DrillChassis:4, Yellow Drill Chassis
SuperMultiDrills:DrillChassis:5, Lime Drill Chassis
SuperMultiDrills:DrillChassis:6, Pink Drill Chassis
SuperMultiDrills:DrillChassis:7, Gray Drill Chassis
SuperMultiDrills:DrillChassis:8, Silver Drill Chassis
SuperMultiDrills:DrillChassis:9, Cyan Drill Chassis
SuperMultiDrills:DrillChassis:10, Purple Drill Chassis
SuperMultiDrills:DrillChassis:11, Blue Drill Chassis
SuperMultiDrills:DrillChassis:12, Brown Drill Chassis
SuperMultiDrills:DrillChassis:13, Green Drill Chassis
SuperMultiDrills:DrillChassis:14, Red Drill Chassis
SuperMultiDrills:DrillChassis:15, Black Drill Chassis
SuperMultiDrills:DrillUpgrade:0, Drill Upgrade: Saw
SuperMultiDrills:DrillUpgrade:1, Drill Upgrade: Efficiency
SuperMultiDrills:DrillUpgrade:2, Drill Upgrade: Silk
SuperMultiDrills:DrillUpgrade:3, Drill Upgrade: Fortune
SuperMultiDrills:DrillUpgrade:4, Drill Upgrade: Sharpness
SuperMultiDrills:DrillUpgrade:5, Drill Upgrade: Area Miner
SuperMultiDrills:DrillUpgrade:6, Drill Upgrade: Graviton Generator
SuperMultiDrills:CraftingItem:0, Magnetic Iron Rod
thaumicenergistics:part.base:0, Essentia Import Bus
thaumicenergistics:part.base:1, Essentia Level Emitter
thaumicenergistics:part.base:2, Essentia Storage Bus
thaumicenergistics:part.base:3, Essentia Export Bus
thaumicenergistics:part.base:4, Essentia Terminal
thaumicenergistics:part.base:5, Arcane Crafting Terminal
thaumicenergistics:part.base:6, Vis Relay Interface
thaumicenergistics:part.base:7, Essentia Storage Monitor
thaumicenergistics:part.base:8, Essentia Conversion Monitor
thaumicenergistics:storage.essentia:0, 1k ME Essentia Storage Cell
thaumicenergistics:storage.essentia:1, 4k ME Essentia Storage Cell
thaumicenergistics:storage.essentia:2, 16k ME Essentia Storage Cell
thaumicenergistics:storage.essentia:3, 64k ME Essentia Storage Cell
thaumicenergistics:storage.essentia:4, Creative Essentia Storage Cell
thaumicenergistics:storage.component:0, 1k ME Essentia Storage Component
thaumicenergistics:storage.component:1, 4k ME Essentia Storage Component
thaumicenergistics:storage.component:2, 16k ME Essentia Storage Component
thaumicenergistics:storage.component:3, 64k ME Essentia Storage Component
thaumicenergistics:storage.casing, ME Essentia Storage Housing
thaumicenergistics:material:0, Diffusion Core
thaumicenergistics:material:1, Coalescence Core
thaumicenergistics:material:2, Iron Gear
thaumicenergistics:wireless.essentia.terminal, Wireless Essentia Terminal
thaumicenergistics:knowledge.core, Knowledge Core
thaumicenergistics:focus.aewrench, Wand Focus: AE Wrench
thaumicenergistics:golem.wifi.backpack, Wireless Golem Backpack
ThaumicExploration:transmutationCore, Transmutative Rod
ThaumicExploration:transmutationStaffCore, Transmutative Staff Core
ThaumicExploration:talismanFood, Talisman of Nourishment
ThaumicExploration:amberCore, Amber Rod
ThaumicExploration:amberStaffCore, Amber Staff Core
ThaumicExploration:necroStaffCore, Necromancer's Staff Core
ThaumicExploration:sojournerCap, Sojourner's Cap
ThaumicExploration:sojournerCapUncharged, Inert Sojourner's Cap
ThaumicExploration:mechanistCap, Mechanist's Cap
ThaumicExploration:mechanistCapUncharged, Inert Mechanist's Cap
ThaumicExploration:pureZombieBrain, Cured Zombie Brain
ThaumicExploration:blankSeal:0, Dark Blank Seal
ThaumicExploration:blankSeal:1, Red Blank Seal
ThaumicExploration:blankSeal:2, Green Blank Seal
ThaumicExploration:blankSeal:3, Brown Blank Seal
ThaumicExploration:blankSeal:4, Blue Blank Seal
ThaumicExploration:blankSeal:5, Purple Blank Seal
ThaumicExploration:blankSeal:6, Cyan Blank Seal
ThaumicExploration:blankSeal:7, Light Gray Blank Seal
ThaumicExploration:blankSeal:8, Gray Blank Seal
ThaumicExploration:blankSeal:9, Pink Blank Seal
ThaumicExploration:blankSeal:10, Lime Blank Seal
ThaumicExploration:blankSeal:11, Yellow Blank Seal
ThaumicExploration:blankSeal:12, Light Blue Blank Seal
ThaumicExploration:blankSeal:13, Magenta Blank Seal
ThaumicExploration:blankSeal:14, Orange Blank Seal
ThaumicExploration:blankSeal:15, Pale Blank Seal
ThaumicExploration:chestSeal:0, Dark Chest Binding Seal
ThaumicExploration:chestSeal:1, Red Chest Binding Seal
ThaumicExploration:chestSeal:2, Green Chest Binding Seal
ThaumicExploration:chestSeal:3, Brown Chest Binding Seal
ThaumicExploration:chestSeal:4, Blue Chest Binding Seal
ThaumicExploration:chestSeal:5, Purple Chest Binding Seal
ThaumicExploration:chestSeal:6, Cyan Chest Binding Seal
ThaumicExploration:chestSeal:7, Light Gray Chest Binding Seal
ThaumicExploration:chestSeal:8, Gray Chest Binding Seal
ThaumicExploration:chestSeal:9, Pink Chest Binding Seal
ThaumicExploration:chestSeal:10, Lime Chest Binding Seal
ThaumicExploration:chestSeal:11, Yellow Chest Binding Seal
ThaumicExploration:chestSeal:12, Light Blue Chest Binding Seal
ThaumicExploration:chestSeal:13, Magenta Chest Binding Seal
ThaumicExploration:chestSeal:14, Orange Chest Binding Seal
ThaumicExploration:chestSeal:15, Pale Chest Binding Seal
ThaumicExploration:chestSealLinked:0, Dark Chest Binding Seal
ThaumicExploration:chestSealLinked:1, Red Chest Binding Seal
ThaumicExploration:chestSealLinked:2, Green Chest Binding Seal
ThaumicExploration:chestSealLinked:3, Brown Chest Binding Seal
ThaumicExploration:chestSealLinked:4, Blue Chest Binding Seal
ThaumicExploration:chestSealLinked:5, Purple Chest Binding Seal
ThaumicExploration:chestSealLinked:6, Cyan Chest Binding Seal
ThaumicExploration:chestSealLinked:7, Light Gray Chest Binding Seal
ThaumicExploration:chestSealLinked:8, Gray Chest Binding Seal
ThaumicExploration:chestSealLinked:9, Pink Chest Binding Seal
ThaumicExploration:chestSealLinked:10, Lime Chest Binding Seal
ThaumicExploration:chestSealLinked:11, Yellow Chest Binding Seal
ThaumicExploration:chestSealLinked:12, Light Blue Chest Binding Seal
ThaumicExploration:chestSealLinked:13, Magenta Chest Binding Seal
ThaumicExploration:chestSealLinked:14, Orange Chest Binding Seal
ThaumicExploration:chestSealLinked:15, Pale Chest Binding Seal
ThaumicExploration:jarSeal:0, Dark Jar Binding Seal
ThaumicExploration:jarSeal:1, Red Jar Binding Seal
ThaumicExploration:jarSeal:2, Green Jar Binding Seal
ThaumicExploration:jarSeal:3, Brown Jar Binding Seal
ThaumicExploration:jarSeal:4, Blue Jar Binding Seal
ThaumicExploration:jarSeal:5, Purple Jar Binding Seal
ThaumicExploration:jarSeal:6, Cyan Jar Binding Seal
ThaumicExploration:jarSeal:7, Light Gray Jar Binding Seal
ThaumicExploration:jarSeal:8, Gray Jar Binding Seal
ThaumicExploration:jarSeal:9, Pink Jar Binding Seal
ThaumicExploration:jarSeal:10, Lime Jar Binding Seal
ThaumicExploration:jarSeal:11, Yellow Jar Binding Seal
ThaumicExploration:jarSeal:12, Light Blue Jar Binding Seal
ThaumicExploration:jarSeal:13, Magenta Jar Binding Seal
ThaumicExploration:jarSeal:14, Orange Jar Binding Seal
ThaumicExploration:jarSeal:15, Pale Jar Binding Seal
ThaumicExploration:charmNoTaint, Wispy Dreamcatcher
ThaumicExploration:charmTaint, Tainted Band
ThaumicExploration:bootsMeteor, Boots of the Meteor
ThaumicExploration:bootsComet, Boots of the Comet
ThaumicExploration:taintBerry, Taintberry
ThaumicExploration:tentacleRing, Taintacle Ring
ThaumicExploration:stabilizerBelt, Thaumostatic Stabilizer
ThaumicExploration:discountRing, item.thaumicexploration:discountRing.name
thaumores:shardCluster:0, Raw Air Crystal Cluster
thaumores:shardCluster:1, Raw Fire Crystal Cluster
thaumores:shardCluster:2, Raw Water Crystal Cluster
thaumores:shardCluster:3, Raw Earth Crystal Cluster
thaumores:shardCluster:4, Raw Order Crystal Cluster
thaumores:shardCluster:5, Raw Entropy Crystal Cluster
ThermalDynamics:servo:0, Servo
ThermalDynamics:servo:1, Hardened Servo
ThermalDynamics:servo:2, Reinforced Servo
ThermalDynamics:servo:3, Signalum Servo
ThermalDynamics:servo:4, Resonant Servo
ThermalDynamics:filter:0, Filter
ThermalDynamics:filter:1, Hardened Filter
ThermalDynamics:filter:2, Reinforced Filter
ThermalDynamics:filter:3, Signalum Filter
ThermalDynamics:filter:4, Resonant Filter
ThermalDynamics:cover:0, Stone Cover
ThermalDynamics:cover:0, Grass Block Cover
ThermalDynamics:cover:0, Dirt Cover
ThermalDynamics:cover:0, Podzol Cover
ThermalDynamics:cover:0, Cobblestone Cover
ThermalDynamics:cover:0, Oak Wood Planks Cover
ThermalDynamics:cover:0, Spruce Wood Planks Cover
ThermalDynamics:cover:0, Birch Wood Planks Cover
ThermalDynamics:cover:0, Jungle Wood Planks Cover
ThermalDynamics:cover:0, Acacia Wood Planks Cover
ThermalDynamics:cover:0, Dark Oak Wood Planks Cover
ThermalDynamics:cover:0, Oak Sapling Cover
ThermalDynamics:cover:0, Spruce Sapling Cover
ThermalDynamics:cover:0, Birch Sapling Cover
ThermalDynamics:cover:0, Jungle Sapling Cover
ThermalDynamics:cover:0, Acacia Sapling Cover
ThermalDynamics:cover:0, Dark Oak Sapling Cover
ThermalDynamics:cover:0, Bedrock Cover
ThermalDynamics:cover:0, Water Cover
ThermalDynamics:cover:0, Water Cover
ThermalDynamics:cover:0, Lava Cover
ThermalDynamics:cover:0, Lava Cover
ThermalDynamics:cover:0, Sand Cover
ThermalDynamics:cover:0, Red Sand Cover
ThermalDynamics:cover:0, Gravel Cover
ThermalDynamics:cover:0, Gold Ore Cover
ThermalDynamics:cover:0, Iron Ore Cover
ThermalDynamics:cover:0, Coal Ore Cover
ThermalDynamics:cover:0, Oak Wood Cover
ThermalDynamics:cover:0, Spruce Wood Cover
ThermalDynamics:cover:0, Birch Wood Cover
ThermalDynamics:cover:0, Jungle Wood Cover
ThermalDynamics:cover:0, Oak Leaves Cover
ThermalDynamics:cover:0, Oak Leaves Cover
ThermalDynamics:cover:0, Oak Leaves Cover
ThermalDynamics:cover:0, Oak Leaves Cover
ThermalDynamics:cover:0, Sponge Cover
ThermalDynamics:cover:0, Glass Cover
ThermalDynamics:cover:0, Lapis Lazuli Ore Cover
ThermalDynamics:cover:0, Lapis Lazuli Block Cover
ThermalDynamics:cover:0, Sandstone Cover
ThermalDynamics:cover:0, Chiseled Sandstone Cover
ThermalDynamics:cover:0, Smooth Sandstone Cover
ThermalDynamics:cover:0, Booster Track Cover
ThermalDynamics:cover:0, Detector Track Cover
ThermalDynamics:cover:0, Sticky Piston Cover
ThermalDynamics:cover:0, Cobweb Cover
ThermalDynamics:cover:0, Grass Cover
ThermalDynamics:cover:0, Fern Cover
ThermalDynamics:cover:0, Dead Bush Cover
ThermalDynamics:cover:0, Piston Cover
ThermalDynamics:cover:0, Wool Cover
ThermalDynamics:cover:0, Orange Wool Cover
ThermalDynamics:cover:0, Magenta Wool Cover
ThermalDynamics:cover:0, Light Blue Wool Cover
ThermalDynamics:cover:0, Yellow Wool Cover
ThermalDynamics:cover:0, Lime Wool Cover
ThermalDynamics:cover:0, Pink Wool Cover
ThermalDynamics:cover:0, Gray Wool Cover
ThermalDynamics:cover:0, Light Gray Wool Cover
ThermalDynamics:cover:0, Cyan Wool Cover
ThermalDynamics:cover:0, Purple Wool Cover
ThermalDynamics:cover:0, Blue Wool Cover
ThermalDynamics:cover:0, Brown Wool Cover
ThermalDynamics:cover:0, Green Wool Cover
ThermalDynamics:cover:0, Red Wool Cover
ThermalDynamics:cover:0, Black Wool Cover
ThermalDynamics:cover:0, Dandelion Cover
ThermalDynamics:cover:0, Poppy Cover
ThermalDynamics:cover:0, Blue Orchid Cover
ThermalDynamics:cover:0, Allium Cover
ThermalDynamics:cover:0, Azure Bluet Cover
ThermalDynamics:cover:0, Red Tulip Cover
ThermalDynamics:cover:0, Orange Tulip Cover
ThermalDynamics:cover:0, White Tulip Cover
ThermalDynamics:cover:0, Pink Tulip Cover
ThermalDynamics:cover:0, Oxeye Daisy Cover
ThermalDynamics:cover:0, Mushroom Cover
ThermalDynamics:cover:0, Mushroom Cover
ThermalDynamics:cover:0, Block of Gold Cover
ThermalDynamics:cover:0, Block of Iron Cover
ThermalDynamics:cover:0, Stone Slab Cover
ThermalDynamics:cover:0, Sandstone Slab Cover
ThermalDynamics:cover:0, Cobblestone Slab Cover
ThermalDynamics:cover:0, Bricks Slab Cover
ThermalDynamics:cover:0, Stone Bricks Slab Cover
ThermalDynamics:cover:0, Nether Brick Slab Cover
ThermalDynamics:cover:0, Quartz Slab Cover
ThermalDynamics:cover:0, Bricks Cover
ThermalDynamics:cover:0, TNT Cover
ThermalDynamics:cover:0, Bookshelf Cover
ThermalDynamics:cover:0, Moss Stone Cover
ThermalDynamics:cover:0, Obsidian Cover
ThermalDynamics:cover:0, Torch Cover
ThermalDynamics:cover:0, Fire Cover
ThermalDynamics:cover:0, Oak Wood Stairs Cover
ThermalDynamics:cover:0, Diamond Ore Cover
ThermalDynamics:cover:0, Block of Diamond Cover
ThermalDynamics:cover:0, Crafting Table Cover
ThermalDynamics:cover:0, Farmland Cover
ThermalDynamics:cover:0, Ladder Cover
ThermalDynamics:cover:0, Track Cover
ThermalDynamics:cover:0, Stone Stairs Cover
ThermalDynamics:cover:0, Lever Cover
ThermalDynamics:cover:0, Pressure Plate Cover
ThermalDynamics:cover:0, Pressure Plate Cover
ThermalDynamics:cover:0, Redstone Ore Cover
ThermalDynamics:cover:0, Redstone Torch Cover
ThermalDynamics:cover:0, Button Cover
ThermalDynamics:cover:0, Snow Cover
ThermalDynamics:cover:0, Ice Cover
ThermalDynamics:cover:0, Snow Cover
ThermalDynamics:cover:0, Cactus Cover
ThermalDynamics:cover:0, Clay Cover
ThermalDynamics:cover:0, Fence Cover
ThermalDynamics:cover:0, Pumpkin Cover
ThermalDynamics:cover:0, Netherrack Cover
ThermalDynamics:cover:0, Soul Sand Cover
ThermalDynamics:cover:0, Glowstone Cover
ThermalDynamics:cover:0, Portal Cover
ThermalDynamics:cover:0, Jack o'Lantern Cover
ThermalDynamics:cover:0, White Stained Glass Cover
ThermalDynamics:cover:0, Orange Stained Glass Cover
ThermalDynamics:cover:0, Magenta Stained Glass Cover
ThermalDynamics:cover:0, Light Blue Stained Glass Cover
ThermalDynamics:cover:0, Yellow Stained Glass Cover
ThermalDynamics:cover:0, Lime Stained Glass Cover
ThermalDynamics:cover:0, Pink Stained Glass Cover
ThermalDynamics:cover:0, Gray Stained Glass Cover
ThermalDynamics:cover:0, Light Gray Stained Glass Cover
ThermalDynamics:cover:0, Cyan Stained Glass Cover
ThermalDynamics:cover:0, Purple Stained Glass Cover
ThermalDynamics:cover:0, Blue Stained Glass Cover
ThermalDynamics:cover:0, Brown Stained Glass Cover
ThermalDynamics:cover:0, Green Stained Glass Cover
ThermalDynamics:cover:0, Red Stained Glass Cover
ThermalDynamics:cover:0, Black Stained Glass Cover
ThermalDynamics:cover:0, Trapdoor Cover
ThermalDynamics:cover:0, Stone Monster Egg Cover
ThermalDynamics:cover:0, Cobblestone Monster Egg Cover
ThermalDynamics:cover:0, Stone Brick Monster Egg Cover
ThermalDynamics:cover:0, Mossy Stone Brick Monster Egg Cover
ThermalDynamics:cover:0, Cracked Stone Brick Monster Egg Cover
ThermalDynamics:cover:0, Chiseled Stone Brick Monster Egg Cover
ThermalDynamics:cover:0, Stone Bricks Cover
ThermalDynamics:cover:0, Mossy Stone Bricks Cover
ThermalDynamics:cover:0, Cracked Stone Bricks Cover
ThermalDynamics:cover:0, Chiseled Stone Bricks Cover
ThermalDynamics:cover:0, Mushroom Cover
ThermalDynamics:cover:0, Mushroom Cover
ThermalDynamics:cover:0, Iron Bars Cover
ThermalDynamics:cover:0, Glass Pane Cover
ThermalDynamics:cover:0, Melon Cover
ThermalDynamics:cover:0, Vines Cover
ThermalDynamics:cover:0, Fence Gate Cover
ThermalDynamics:cover:0, Brick Stairs Cover
ThermalDynamics:cover:0, Stone Brick Stairs Cover
ThermalDynamics:cover:0, Mycelium Cover
ThermalDynamics:cover:0, Lily Pad Cover
ThermalDynamics:cover:0, Nether Brick Cover
ThermalDynamics:cover:0, Nether Brick Fence Cover
ThermalDynamics:cover:0, Nether Brick Stairs Cover
ThermalDynamics:cover:0, End Portal Cover
ThermalDynamics:cover:0, End Stone Cover
ThermalDynamics:cover:0, Dragon Egg Cover
ThermalDynamics:cover:0, Redstone Lamp Cover
ThermalDynamics:cover:0, Oak Wood Slab Cover
ThermalDynamics:cover:0, Spruce Wood Slab Cover
ThermalDynamics:cover:0, Birch Wood Slab Cover
ThermalDynamics:cover:0, Jungle Wood Slab Cover
ThermalDynamics:cover:0, Acacia Wood Slab Cover
ThermalDynamics:cover:0, Dark Oak Wood Slab Cover
ThermalDynamics:cover:0, Cocoa Cover
ThermalDynamics:cover:0, Sandstone Stairs Cover
ThermalDynamics:cover:0, Emerald Ore Cover
ThermalDynamics:cover:0, Tripwire Hook Cover
ThermalDynamics:cover:0, Block of Emerald Cover
ThermalDynamics:cover:0, Spruce Wood Stairs Cover
ThermalDynamics:cover:0, Birch Wood Stairs Cover
ThermalDynamics:cover:0, Jungle Wood Stairs Cover
ThermalDynamics:cover:0, Cobblestone Wall Cover
ThermalDynamics:cover:0, Mossy Cobblestone Wall Cover
ThermalDynamics:cover:0, Carrots Cover
ThermalDynamics:cover:0, Potatoes Cover
ThermalDynamics:cover:0, Button Cover
ThermalDynamics:cover:0, Anvil Cover
ThermalDynamics:cover:0, Anvil Cover
ThermalDynamics:cover:0, Anvil Cover
ThermalDynamics:cover:0, Weighted Pressure Plate (Light) Cover
ThermalDynamics:cover:0, Weighted Pressure Plate (Heavy) Cover
ThermalDynamics:cover:0, Block of Redstone Cover
ThermalDynamics:cover:0, Nether Quartz Ore Cover
ThermalDynamics:cover:0, Block of Quartz Cover
ThermalDynamics:cover:0, Chiseled Quartz Block Cover
ThermalDynamics:cover:0, Pillar Quartz Block Cover
ThermalDynamics:cover:0, Quartz Stairs Cover
ThermalDynamics:cover:0, Activator Track Cover
ThermalDynamics:cover:0, White Stained Clay Cover
ThermalDynamics:cover:0, Orange Stained Clay Cover
ThermalDynamics:cover:0, Magenta Stained Clay Cover
ThermalDynamics:cover:0, Light Blue Stained Clay Cover
ThermalDynamics:cover:0, Yellow Stained Clay Cover
ThermalDynamics:cover:0, Lime Stained Clay Cover
ThermalDynamics:cover:0, Pink Stained Clay Cover
ThermalDynamics:cover:0, Gray Stained Clay Cover
ThermalDynamics:cover:0, Light Gray Stained Clay Cover
ThermalDynamics:cover:0, Cyan Stained Clay Cover
ThermalDynamics:cover:0, Purple Stained Clay Cover
ThermalDynamics:cover:0, Blue Stained Clay Cover
ThermalDynamics:cover:0, Brown Stained Clay Cover
ThermalDynamics:cover:0, Green Stained Clay Cover
ThermalDynamics:cover:0, Red Stained Clay Cover
ThermalDynamics:cover:0, Black Stained Clay Cover
ThermalDynamics:cover:0, White Stained Glass Pane Cover
ThermalDynamics:cover:0, Orange Stained Glass Pane Cover
ThermalDynamics:cover:0, Magenta Stained Glass Pane Cover
ThermalDynamics:cover:0, Light Blue Stained Glass Pane Cover
ThermalDynamics:cover:0, Yellow Stained Glass Pane Cover
ThermalDynamics:cover:0, Lime Stained Glass Pane Cover
ThermalDynamics:cover:0, Pink Stained Glass Pane Cover
ThermalDynamics:cover:0, Gray Stained Glass Pane Cover
ThermalDynamics:cover:0, Light Gray Stained Glass Pane Cover
ThermalDynamics:cover:0, Cyan Stained Glass Pane Cover
ThermalDynamics:cover:0, Purple Stained Glass Pane Cover
ThermalDynamics:cover:0, Blue Stained Glass Pane Cover
ThermalDynamics:cover:0, Brown Stained Glass Pane Cover
ThermalDynamics:cover:0, Green Stained Glass Pane Cover
ThermalDynamics:cover:0, Red Stained Glass Pane Cover
ThermalDynamics:cover:0, Black Stained Glass Pane Cover
ThermalDynamics:cover:0, Acacia Leaves Cover
ThermalDynamics:cover:0, Acacia Leaves Cover
ThermalDynamics:cover:0, Acacia Wood Cover
ThermalDynamics:cover:0, Dark Oak Wood Cover
ThermalDynamics:cover:0, Acacia Wood Stairs Cover
ThermalDynamics:cover:0, Dark Oak Wood Stairs Cover
ThermalDynamics:cover:0, Certus Quartz Ore Cover
ThermalDynamics:cover:0, Charged Certus Quartz Ore Cover
ThermalDynamics:cover:0, Certus Quartz Block Cover
ThermalDynamics:cover:0, Certus Quartz Pillar Cover
ThermalDynamics:cover:0, Hay Bale Cover
ThermalDynamics:cover:0, Carpet Cover
ThermalDynamics:cover:0, Orange Carpet Cover
ThermalDynamics:cover:0, Magenta Carpet Cover
ThermalDynamics:cover:0, Light Blue Carpet Cover
ThermalDynamics:cover:0, Yellow Carpet Cover
ThermalDynamics:cover:0, Lime Carpet Cover
ThermalDynamics:cover:0, Pink Carpet Cover
ThermalDynamics:cover:0, Gray Carpet Cover
ThermalDynamics:cover:0, Light Gray Carpet Cover
ThermalDynamics:cover:0, Cyan Carpet Cover
ThermalDynamics:cover:0, Purple Carpet Cover
ThermalDynamics:cover:0, Blue Carpet Cover
ThermalDynamics:cover:0, Brown Carpet Cover
ThermalDynamics:cover:0, Green Carpet Cover
ThermalDynamics:cover:0, Red Carpet Cover
ThermalDynamics:cover:0, Black Carpet Cover
ThermalDynamics:cover:0, Hardened Clay Cover
ThermalDynamics:cover:0, Block of Coal Cover
ThermalDynamics:cover:0, Packed Ice Cover
ThermalDynamics:cover:0, Sunflower Cover
ThermalDynamics:cover:0, Lilac Cover
ThermalDynamics:cover:0, Double Tallgrass Cover
ThermalDynamics:cover:0, Large Fern Cover
ThermalDynamics:cover:0, Rose Bush Cover
ThermalDynamics:cover:0, Peony Cover
ThermalDynamics:cover:0, Chiseled Certus Quartz Block Cover
ThermalDynamics:cover:0, Quartz Glass Cover
ThermalDynamics:cover:0, Vibrant Quartz Glass Cover
ThermalDynamics:cover:0, Charged Quartz Fixture Cover
ThermalDynamics:cover:0, Fluix Block Cover
ThermalDynamics:cover:0, Sky Stone Cover
ThermalDynamics:cover:0, Sky Stone Block Cover
ThermalDynamics:cover:0, Sky Stone Brick Cover
ThermalDynamics:cover:0, Sky Stone Small Brick Cover
ThermalDynamics:cover:0, Tiny TNT Cover
ThermalDynamics:cover:0, Sky Stone Stairs Cover
ThermalDynamics:cover:0, Sky Stone Block Stairs Cover
ThermalDynamics:cover:0, Sky Stone Brick Stairs Cover
ThermalDynamics:cover:0, Sky Stone Small Brick Stairs Cover
ThermalDynamics:cover:0, Fluix Stairs Cover
ThermalDynamics:cover:0, Certus Quartz Stairs Cover
ThermalDynamics:cover:0, Chiseled Certus Quartz Stairs Cover
ThermalDynamics:cover:0, Certus Quartz Pillar Stairs Cover
ThermalDynamics:cover:0, Sky Stone Slabs Cover
ThermalDynamics:cover:0, Sky Stone Slabs Cover
ThermalDynamics:cover:0, Sky Stone Block Slabs Cover
ThermalDynamics:cover:0, Sky Stone Block Slabs Cover
ThermalDynamics:cover:0, Sky Stone Brick Slabs Cover
ThermalDynamics:cover:0, Sky Stone Brick Slabs Cover
ThermalDynamics:cover:0, Sky Stone Small Brick Slabs Cover
ThermalDynamics:cover:0, Sky Stone Small Brick Slabs Cover
ThermalDynamics:cover:0, Fluix Slabs Cover
ThermalDynamics:cover:0, Fluix Slabs Cover
ThermalDynamics:cover:0, Certus Quartz Slabs Cover
ThermalDynamics:cover:0, Certus Quartz Slabs Cover
ThermalDynamics:cover:0, Chiseled Certus Quartz Slabs Cover
ThermalDynamics:cover:0, Chiseled Certus Quartz Slabs Cover
ThermalDynamics:cover:0, Certus Quartz Pillar Slabs Cover
ThermalDynamics:cover:0, Certus Quartz Pillar Slabs Cover
ThermalDynamics:cover:0, Factory Machine Block Cover
ThermalDynamics:cover:0, Programmable RedNet Controller Housing Cover
ThermalDynamics:cover:0, Cargo Pickup Rail Cover
ThermalDynamics:cover:0, Cargo Dropoff Rail Cover
ThermalDynamics:cover:0, Passenger Pickup Rail Cover
ThermalDynamics:cover:0, Passenger Dropoff Rail Cover
ThermalDynamics:cover:0, Rubber Sapling Cover
ThermalDynamics:cover:0, Sacred Rubber Sapling Cover
ThermalDynamics:cover:0, Mega Rubber Sapling Cover
ThermalDynamics:cover:0, Sacred Rubber Sapling Cover
ThermalDynamics:cover:0, Rubber Wood Cover
ThermalDynamics:cover:0, Rubber Wood Cover
ThermalDynamics:cover:0, Dry Rubber Leaves Cover
ThermalDynamics:cover:0, Dry Rubber Leaves Cover
ThermalDynamics:cover:0, Stained Glass (White) Cover
ThermalDynamics:cover:0, Stained Glass (Orange) Cover
ThermalDynamics:cover:0, Stained Glass (Magenta) Cover
ThermalDynamics:cover:0, Stained Glass (Light Blue) Cover
ThermalDynamics:cover:0, Stained Glass (Yellow) Cover
ThermalDynamics:cover:0, Stained Glass (Lime) Cover
ThermalDynamics:cover:0, Stained Glass (Pink) Cover
ThermalDynamics:cover:0, Stained Glass (Gray) Cover
ThermalDynamics:cover:0, Stained Glass (Light Gray) Cover
ThermalDynamics:cover:0, Stained Glass (Cyan) Cover
ThermalDynamics:cover:0, Stained Glass (Purple) Cover
ThermalDynamics:cover:0, Stained Glass (Blue) Cover
ThermalDynamics:cover:0, Stained Glass (Brown) Cover
ThermalDynamics:cover:0, Stained Glass (Green) Cover
ThermalDynamics:cover:0, Stained Glass (Red) Cover
ThermalDynamics:cover:0, Stained Glass (Black) Cover
ThermalDynamics:cover:0, Stained Glass Pane (White) Cover
ThermalDynamics:cover:0, Stained Glass Pane (Orange) Cover
ThermalDynamics:cover:0, Stained Glass Pane (Magenta) Cover
ThermalDynamics:cover:0, Stained Glass Pane (Light Blue) Cover
ThermalDynamics:cover:0, Stained Glass Pane (Yellow) Cover
ThermalDynamics:cover:0, Stained Glass Pane (Lime) Cover
ThermalDynamics:cover:0, Stained Glass Pane (Pink) Cover
ThermalDynamics:cover:0, Stained Glass Pane (Gray) Cover
ThermalDynamics:cover:0, Stained Glass Pane (Light Gray) Cover
ThermalDynamics:cover:0, Stained Glass Pane (Cyan) Cover
ThermalDynamics:cover:0, Stained Glass Pane (Purple) Cover
ThermalDynamics:cover:0, Stained Glass Pane (Blue) Cover
ThermalDynamics:cover:0, Stained Glass Pane (Brown) Cover
ThermalDynamics:cover:0, Stained Glass Pane (Green) Cover
ThermalDynamics:cover:0, Stained Glass Pane (Red) Cover
ThermalDynamics:cover:0, Stained Glass Pane (Black) Cover
ThermalDynamics:cover:0, Road Cover
ThermalDynamics:cover:0, Road Light Cover
ThermalDynamics:cover:0, Road Light (Inverted) Cover
ThermalDynamics:cover:0, Block of Plastic Cover
ThermalDynamics:cover:0, Ice Bricks Cover
ThermalDynamics:cover:0, Glowstone Bricks Cover
ThermalDynamics:cover:0, Lapis Bricks Cover
ThermalDynamics:cover:0, Obsidian Bricks Cover
ThermalDynamics:cover:0, Paved Stone Bricks Cover
ThermalDynamics:cover:0, Snow Bricks Cover
ThermalDynamics:cover:0, Large Ice Bricks Cover
ThermalDynamics:cover:0, Large Glowstone Bricks Cover
ThermalDynamics:cover:0, Large Lapis Bricks Cover
ThermalDynamics:cover:0, Large Obsidian Bricks Cover
ThermalDynamics:cover:0, Large Paved Stone Bricks Cover
ThermalDynamics:cover:0, Large Snow Bricks Cover
ThermalDynamics:cover:0, Raw Meat Block Cover
ThermalDynamics:cover:0, Cooked Meat Block Cover
ThermalDynamics:cover:0, Large Bricks Cover
ThermalDynamics:cover:0, Sugar Charcoal Block Cover
ThermalDynamics:cover:0, Smooth Blackstone Cover
ThermalDynamics:cover:0, Smooth Whitestone Cover
ThermalDynamics:cover:0, Cobble Blackstone Cover
ThermalDynamics:cover:0, Cobble Whitestone Cover
ThermalDynamics:cover:0, Large Blackstone Bricks Cover
ThermalDynamics:cover:0, Large Whitestone Bricks Cover
ThermalDynamics:cover:0, Small Blackstone Bricks Cover
ThermalDynamics:cover:0, Small Whitestone Bricks Cover
ThermalDynamics:cover:0, Blackstone Gravel Cover
ThermalDynamics:cover:0, Whitestone Gravel Cover
ThermalDynamics:cover:0, Paved Blackstone Cover
ThermalDynamics:cover:0, Paved Whitestone Cover
ThermalDynamics:cover:0, Pink Slime Block Cover
ThermalDynamics:cover:0, Vine Scaffolding Cover
ThermalDynamics:cover:0, Fertile Soil Cover
ThermalDynamics:cover:0, Milk Cover
ThermalDynamics:cover:0, Sludge Cover
ThermalDynamics:cover:0, Sewage Cover
ThermalDynamics:cover:0, Essence Cover
ThermalDynamics:cover:0, BioFuel Cover
ThermalDynamics:cover:0, Meat Cover
ThermalDynamics:cover:0, Pink Slime Cover
ThermalDynamics:cover:0, Chocolate Milk Cover
ThermalDynamics:cover:0, Mushroom Soup Cover
ThermalDynamics:cover:0, Steam Cover
ThermalDynamics:cover:0, Flux Goo Cover
ThermalDynamics:cover:0, Flux Gas Cover
ThermalDynamics:cover:0, Purifying Fluid Cover
ThermalDynamics:cover:0, Liquid Death Cover
ThermalDynamics:cover:0, Cinnabar Ore Cover
ThermalDynamics:cover:0, Air Infused Stone Cover
ThermalDynamics:cover:0, Fire Infused Stone Cover
ThermalDynamics:cover:0, Water Infused Stone Cover
ThermalDynamics:cover:0, Earth Infused Stone Cover
ThermalDynamics:cover:0, Order Infused Stone Cover
ThermalDynamics:cover:0, Entropy Infused Stone Cover
ThermalDynamics:cover:0, Amber Bearing Stone Cover
ThermalDynamics:cover:0, Greatwood Log Cover
ThermalDynamics:cover:0, Silverwood Log Cover
ThermalDynamics:cover:0, Greatwood Leaves Cover
ThermalDynamics:cover:0, Silverwood Leaves Cover
ThermalDynamics:cover:0, Greatwood Sapling Cover
ThermalDynamics:cover:0, Silverwood Sapling Cover
ThermalDynamics:cover:0, Shimmerleaf Cover
ThermalDynamics:cover:0, Cinderpearl Cover
ThermalDynamics:cover:0, Vishroom Cover
ThermalDynamics:cover:0, Crusted Taint Cover
ThermalDynamics:cover:0, Tainted Soil Cover
ThermalDynamics:cover:0, Block of Flesh Cover
ThermalDynamics:cover:0, Fibrous Taint Cover
ThermalDynamics:cover:0, Tainted Grass Cover
ThermalDynamics:cover:0, Tainted Plant Cover
ThermalDynamics:cover:0, Spore Stalk Cover
ThermalDynamics:cover:0, Obsidian Totem Cover
ThermalDynamics:cover:0, Obsidian Tile Cover
ThermalDynamics:cover:0, Paving Stone of Travel Cover
ThermalDynamics:cover:0, Thaumium Block Cover
ThermalDynamics:cover:0, Tallow Block Cover
ThermalDynamics:cover:0, Arcane Stone Block Cover
ThermalDynamics:cover:0, Arcane Stone Bricks Cover
ThermalDynamics:cover:0, Golem Fetter Cover
ThermalDynamics:cover:0, Ancient Stone Cover
ThermalDynamics:cover:0, Ancient Rock Cover
ThermalDynamics:cover:0, Crusted Stone Cover
ThermalDynamics:cover:0, Ancient Stone Pedestal Cover
ThermalDynamics:cover:0, White Tallow Candle Cover
ThermalDynamics:cover:0, Orange Tallow Candle Cover
ThermalDynamics:cover:0, Magenta Tallow Candle Cover
ThermalDynamics:cover:0, Light Blue Tallow Candle Cover
ThermalDynamics:cover:0, Yellow Tallow Candle Cover
ThermalDynamics:cover:0, Lime Tallow Candle Cover
ThermalDynamics:cover:0, Pink Tallow Candle Cover
ThermalDynamics:cover:0, Gray Tallow Candle Cover
ThermalDynamics:cover:0, Light Gray Tallow Candle Cover
ThermalDynamics:cover:0, Cyan Tallow Candle Cover
ThermalDynamics:cover:0, Purple Tallow Candle Cover
ThermalDynamics:cover:0, Blue Tallow Candle Cover
ThermalDynamics:cover:0, Brown Tallow Candle Cover
ThermalDynamics:cover:0, Green Tallow Candle Cover
ThermalDynamics:cover:0, Red Tallow Candle Cover
ThermalDynamics:cover:0, Black Tallow Candle Cover
ThermalDynamics:cover:0, tile.blockPortalNothing.name Cover
ThermalDynamics:cover:0, Arcane Stone Stairs Cover
ThermalDynamics:cover:0, Greatwood Stairs Cover
ThermalDynamics:cover:0, Silverwood Stairs Cover
ThermalDynamics:cover:0, Ancient Stone Stairs Cover
ThermalDynamics:cover:0, Greatwood Slab Cover
ThermalDynamics:cover:0, Silverwood Slab Cover
ThermalDynamics:cover:0, Arcane Stone Slab Cover
ThermalDynamics:cover:0, Ancient Stone Slab Cover
ThermalDynamics:cover:0, Old Urn Cover
ThermalDynamics:cover:0, Old Urn Cover
ThermalDynamics:cover:0, Old Urn Cover
ThermalDynamics:cover:0, Abandoned Crate Cover
ThermalDynamics:cover:0, Abandoned Crate Cover
ThermalDynamics:cover:0, Abandoned Crate Cover
ThermalDynamics:cover:0, Blood Rune Cover
ThermalDynamics:cover:0, Rune of Augmented Capacity Cover
ThermalDynamics:cover:0, Rune of Dislocation Cover
ThermalDynamics:cover:0, Rune of the Orb Cover
ThermalDynamics:cover:0, Rune of Superior Capacity Cover
ThermalDynamics:cover:0, Rune of Acceleration Cover
ThermalDynamics:cover:0, Life Essence Cover
ThermalDynamics:cover:0, Speed Rune Cover
ThermalDynamics:cover:0, Efficiency Rune Cover
ThermalDynamics:cover:0, Rune of Sacrifice Cover
ThermalDynamics:cover:0, Rune of Self-Sacrifice Cover
ThermalDynamics:cover:0, Ritual Stone Cover
ThermalDynamics:cover:0, Imperfect Ritual Stone Cover
ThermalDynamics:cover:0, Soul Armour Forge Cover
ThermalDynamics:cover:0, Empty Socket Cover
ThermalDynamics:cover:0, Bloodstone Brick Cover
ThermalDynamics:cover:0, Large Bloodstone Brick Cover
ThermalDynamics:cover:0, Blood Light Cover
ThermalDynamics:cover:0, Crystal Cluster Cover
ThermalDynamics:cover:0, Crystal Cluster Brick Cover
ThermalDynamics:cover:0, Glyph of the Adept Enchanter Cover
ThermalDynamics:cover:0, Glyph of Arcane Potential Cover
ThermalDynamics:cover:0, Glyph of Rigid Stability Cover
ThermalDynamics:cover:0, Water Spring Cover
ThermalDynamics:cover:0, Oil Spring Cover
ThermalDynamics:cover:0, tile.buildToolBlock.name Cover
ThermalDynamics:cover:0, Copper Ore Cover
ThermalDynamics:cover:0, Tin Ore Cover
ThermalDynamics:cover:0, Uranium Ore Cover
ThermalDynamics:cover:0, Lead Ore Cover
ThermalDynamics:cover:0, Rubber Wood Cover
ThermalDynamics:cover:0, Rubber Tree Leaves Cover
ThermalDynamics:cover:0, Rubber Tree Sapling Cover
ThermalDynamics:cover:0, ic2.blockHarz Cover
ThermalDynamics:cover:0, Rubber Sheet Cover
ThermalDynamics:cover:0, Iron Fence Cover
ThermalDynamics:cover:0, Reinforced Stone Cover
ThermalDynamics:cover:0, Basalt Cover
ThermalDynamics:cover:0, Reinforced Glass Cover
ThermalDynamics:cover:0, tile.blockDoorAlloy.name Cover
ThermalDynamics:cover:0, Reinforced Construction Foam Cover
ThermalDynamics:cover:0, Construction Foam Cover
ThermalDynamics:cover:0, Scaffold Cover
ThermalDynamics:cover:0, Iron Scaffold Cover
ThermalDynamics:cover:0, Copper Block Cover
ThermalDynamics:cover:0, Tin Block Cover
ThermalDynamics:cover:0, Bronze Block Cover
ThermalDynamics:cover:0, Uranium Block Cover
ThermalDynamics:cover:0, Lead Block Cover
ThermalDynamics:cover:0, Refined Iron Block Cover
ThermalDynamics:cover:0, Mining Pipe Cover
ThermalDynamics:cover:0, Industrial TNT Cover
ThermalDynamics:cover:0, ic2.blockDynamite Cover
ThermalDynamics:cover:0, ic2.blockDynamiteRemote Cover
ThermalDynamics:cover:0, UU-Matter Cover
ThermalDynamics:cover:0, Construction Foam Cover
ThermalDynamics:cover:0, IC2 Coolant Cover
ThermalDynamics:cover:0, IC2 Hot Coolant Cover
ThermalDynamics:cover:0, Pahoehoe Lava Cover
ThermalDynamics:cover:0, Biomass Cover
ThermalDynamics:cover:0, Biogas Cover
ThermalDynamics:cover:0, Distilled Water Cover
ThermalDynamics:cover:0, Superheated Steam Cover
ThermalDynamics:cover:0, Steam Cover
ThermalDynamics:cover:0, Hotspring Water Cover
ThermalDynamics:cover:0, Creosote Cover
ThermalDynamics:cover:0, Steam Cover
ThermalDynamics:cover:0, Block of Coal Coke Cover
ThermalDynamics:cover:0, Block of Copper Cover
ThermalDynamics:cover:0, Block of Tin Cover
ThermalDynamics:cover:0, Block of Lead Cover
ThermalDynamics:cover:0, Block of Steel Cover
ThermalDynamics:cover:0, Block of Concrete Cover
ThermalDynamics:cover:0, Creosote Wood Block Cover
ThermalDynamics:cover:0, Crushed Obsidian Cover
ThermalDynamics:cover:0, Abyssal Stone Cover
ThermalDynamics:cover:0, Quarried Stone Cover
ThermalDynamics:cover:0, Steel Anvil Cover
ThermalDynamics:cover:0, Steel Anvil Cover
ThermalDynamics:cover:0, Steel Anvil Cover
ThermalDynamics:cover:0, Elevator Track Cover
ThermalDynamics:cover:0, Abyssal Brick Cover
ThermalDynamics:cover:0, Fitted Abyssal Stone Cover
ThermalDynamics:cover:0, Abyssal Block Cover
ThermalDynamics:cover:0, Ornate Abyssal Stone Cover
ThermalDynamics:cover:0, Etched Abyssal Stone Cover
ThermalDynamics:cover:0, Abyssal Cobblestone Cover
ThermalDynamics:cover:0, Bleached Bone Brick Cover
ThermalDynamics:cover:0, Fitted Bleached Bone Stone Cover
ThermalDynamics:cover:0, Bleached Bone Block Cover
ThermalDynamics:cover:0, Ornate Bleached Bone Stone Cover
ThermalDynamics:cover:0, Etched Bleached Bone Stone Cover
ThermalDynamics:cover:0, Bleached Bone Cobblestone Cover
ThermalDynamics:cover:0, Blood Stained Brick Cover
ThermalDynamics:cover:0, Fitted Blood Stained Stone Cover
ThermalDynamics:cover:0, Blood Stained Block Cover
ThermalDynamics:cover:0, Ornate Blood Stained Stone Cover
ThermalDynamics:cover:0, Etched Blood Stained Stone Cover
ThermalDynamics:cover:0, Blood Stained Cobblestone Cover
ThermalDynamics:cover:0, Frost Bound Brick Cover
ThermalDynamics:cover:0, Fitted Frost Bound Stone Cover
ThermalDynamics:cover:0, Frost Bound Block Cover
ThermalDynamics:cover:0, Ornate Frost Bound Stone Cover
ThermalDynamics:cover:0, Etched Frost Bound Stone Cover
ThermalDynamics:cover:0, Frost Bound Cobblestone Cover
ThermalDynamics:cover:0, Infernal Brick Cover
ThermalDynamics:cover:0, Fitted Infernal Stone Cover
ThermalDynamics:cover:0, Infernal Block Cover
ThermalDynamics:cover:0, Ornate Infernal Stone Cover
ThermalDynamics:cover:0, Etched Infernal Stone Cover
ThermalDynamics:cover:0, Infernal Cobblestone Cover
ThermalDynamics:cover:0, Quarried Brick Cover
ThermalDynamics:cover:0, Fitted Quarried Stone Cover
ThermalDynamics:cover:0, Quarried Block Cover
ThermalDynamics:cover:0, Ornate Quarried Stone Cover
ThermalDynamics:cover:0, Etched Quarried Stone Cover
ThermalDynamics:cover:0, Quarried Cobblestone Cover
ThermalDynamics:cover:0, Sandy Brick Cover
ThermalDynamics:cover:0, Fitted Sandy Stone Cover
ThermalDynamics:cover:0, Sandy Block Cover
ThermalDynamics:cover:0, Ornate Sandy Stone Cover
ThermalDynamics:cover:0, Etched Sandy Stone Cover
ThermalDynamics:cover:0, Sandy Cobblestone Cover
ThermalDynamics:cover:0, Nether Brick Cover
ThermalDynamics:cover:0, Fitted Nether Stone Cover
ThermalDynamics:cover:0, Nether Block Cover
ThermalDynamics:cover:0, Ornate Nether Stone Cover
ThermalDynamics:cover:0, Etched Nether Stone Cover
ThermalDynamics:cover:0, Nether Cobblestone Cover
ThermalDynamics:cover:0, Wooden Post Cover
ThermalDynamics:cover:0, Stone Post Cover
ThermalDynamics:cover:0, Metal Post Cover
ThermalDynamics:cover:0, Wooden Platform Cover
ThermalDynamics:cover:0, Stone Platform Cover
ThermalDynamics:cover:0, Metal Platform Cover
ThermalDynamics:cover:0, Black Metal Post Cover
ThermalDynamics:cover:0, Red Metal Post Cover
ThermalDynamics:cover:0, Green Metal Post Cover
ThermalDynamics:cover:0, Brown Metal Post Cover
ThermalDynamics:cover:0, Blue Metal Post Cover
ThermalDynamics:cover:0, Purple Metal Post Cover
ThermalDynamics:cover:0, Cyan Metal Post Cover
ThermalDynamics:cover:0, Light Gray Metal Post Cover
ThermalDynamics:cover:0, Gray Metal Post Cover
ThermalDynamics:cover:0, Pink Metal Post Cover
ThermalDynamics:cover:0, Lime Metal Post Cover
ThermalDynamics:cover:0, Yellow Metal Post Cover
ThermalDynamics:cover:0, Light Blue Metal Post Cover
ThermalDynamics:cover:0, Magenta Metal Post Cover
ThermalDynamics:cover:0, Orange Metal Post Cover
ThermalDynamics:cover:0, White Metal Post Cover
ThermalDynamics:cover:0, Black Metal Platform Cover
ThermalDynamics:cover:0, Red Metal Platform Cover
ThermalDynamics:cover:0, Green Metal Platform Cover
ThermalDynamics:cover:0, Brown Metal Platform Cover
ThermalDynamics:cover:0, Blue Metal Platform Cover
ThermalDynamics:cover:0, Purple Metal Platform Cover
ThermalDynamics:cover:0, Cyan Metal Platform Cover
ThermalDynamics:cover:0, Light Gray Metal Platform Cover
ThermalDynamics:cover:0, Gray Metal Platform Cover
ThermalDynamics:cover:0, Pink Metal Platform Cover
ThermalDynamics:cover:0, Lime Metal Platform Cover
ThermalDynamics:cover:0, Yellow Metal Platform Cover
ThermalDynamics:cover:0, Light Blue Metal Platform Cover
ThermalDynamics:cover:0, Magenta Metal Platform Cover
ThermalDynamics:cover:0, Orange Metal Platform Cover
ThermalDynamics:cover:0, White Metal Platform Cover
ThermalDynamics:cover:0, Strengthened Glass Cover
ThermalDynamics:cover:0, Strengthened Glass Cover
ThermalDynamics:cover:0, Strengthened Glass Cover
ThermalDynamics:cover:0, Strengthened Glass Cover
ThermalDynamics:cover:0, Strengthened Glass Cover
ThermalDynamics:cover:0, Strengthened Glass Cover
ThermalDynamics:cover:0, Strengthened Glass Cover
ThermalDynamics:cover:0, Strengthened Glass Cover
ThermalDynamics:cover:0, Strengthened Glass Cover
ThermalDynamics:cover:0, Strengthened Glass Cover
ThermalDynamics:cover:0, Strengthened Glass Cover
ThermalDynamics:cover:0, Strengthened Glass Cover
ThermalDynamics:cover:0, Strengthened Glass Cover
ThermalDynamics:cover:0, Strengthened Glass Cover
ThermalDynamics:cover:0, Strengthened Glass Cover
ThermalDynamics:cover:0, Strengthened Glass Cover
ThermalDynamics:cover:0, Sulfur Ore Cover
ThermalDynamics:cover:0, Saltpeter Ore Cover
ThermalDynamics:cover:0, Dark Diamond Ore Cover
ThermalDynamics:cover:0, Dark Emerald Ore Cover
ThermalDynamics:cover:0, Dark Lapis Lazuli Ore Cover
ThermalDynamics:cover:0, Firestone Ore Cover
ThermalDynamics:cover:0, Poor Iron Ore Cover
ThermalDynamics:cover:0, Poor Gold Ore Cover
ThermalDynamics:cover:0, Poor Copper Ore Cover
ThermalDynamics:cover:0, Poor Tin Ore Cover
ThermalDynamics:cover:0, Poor Lead Ore Cover
ThermalDynamics:cover:0, Saltpeter Ore Spawner Cover
ThermalDynamics:cover:0, Wire Support Frame Cover
ThermalDynamics:cover:0, Twilight Oak Wood Cover
ThermalDynamics:cover:0, Canopy Tree Wood Cover
ThermalDynamics:cover:0, Mangrove Wood Cover
ThermalDynamics:cover:0, Darkwood Wood Cover
ThermalDynamics:cover:0, Roots Cover
ThermalDynamics:cover:0, Liveroots Cover
ThermalDynamics:cover:0, Twilight Oak Leaves Cover
ThermalDynamics:cover:0, Canopy Tree Leaves Cover
ThermalDynamics:cover:0, Mangrove Leaves Cover
ThermalDynamics:cover:0, Rainbow Oak Leaves Cover
ThermalDynamics:cover:0, Twilight Forest Portal Cover
ThermalDynamics:cover:0, Mazestone Cover
ThermalDynamics:cover:0, Mazestone Brick Cover
ThermalDynamics:cover:0, Chiseled Mazestone Cover
ThermalDynamics:cover:0, Decorative Mazestone Brick Cover
ThermalDynamics:cover:0, Cracked Mazestone Brick Cover
ThermalDynamics:cover:0, Mossy Mazestone Brick Cover
ThermalDynamics:cover:0, Mazestone Mosaic Cover
ThermalDynamics:cover:0, Mazestone Border Cover
ThermalDynamics:cover:0, Hedge Cover
ThermalDynamics:cover:0, Firefly Jar Cover
ThermalDynamics:cover:0, Moss Patch Cover
ThermalDynamics:cover:0, Mayapple Cover
ThermalDynamics:cover:0, Fiddlehead Cover
ThermalDynamics:cover:0, Mushgloom Cover
ThermalDynamics:cover:0, Forest Grass Cover
ThermalDynamics:cover:0, Dried Bush Cover
ThermalDynamics:cover:0, Torchberry Plant Cover
ThermalDynamics:cover:0, Root Strands Cover
ThermalDynamics:cover:0, Uncrafting Table Cover
ThermalDynamics:cover:0, Nagastone Head Cover
ThermalDynamics:cover:0, Nagastone Cover
ThermalDynamics:cover:0, Sickly Twilight Oak Sapling Cover
ThermalDynamics:cover:0, Canopy Tree Sapling Cover
ThermalDynamics:cover:0, Twilight Mangrove Sapling Cover
ThermalDynamics:cover:0, Darkwood Sapling Cover
ThermalDynamics:cover:0, Robust Twilight Oak Sapling Cover
ThermalDynamics:cover:0, Tree of Time Sapling Cover
ThermalDynamics:cover:0, Tree of Transformation Sapling Cover
ThermalDynamics:cover:0, Miner's Tree Sapling Cover
ThermalDynamics:cover:0, Sorting Tree Sapling Cover
ThermalDynamics:cover:0, Rainbow Oak Sapling Cover
ThermalDynamics:cover:0, Timewood Cover
ThermalDynamics:cover:0, Transwood Cover
ThermalDynamics:cover:0, Minewood Cover
ThermalDynamics:cover:0, Sortingwood Cover
ThermalDynamics:cover:0, Timewood Leaves Cover
ThermalDynamics:cover:0, Leaves of Transformation Cover
ThermalDynamics:cover:0, Miner's Leaves Cover
ThermalDynamics:cover:0, Sorting Leaves Cover
ThermalDynamics:cover:0, Timewood Clock Cover
ThermalDynamics:cover:0, Heart of Transformation Cover
ThermalDynamics:cover:0, Minewood Core Cover
ThermalDynamics:cover:0, Sortingwood Engine Cover
ThermalDynamics:cover:0, Towerwood Planks Cover
ThermalDynamics:cover:0, Encased Towerwood Cover
ThermalDynamics:cover:0, Cracked Towerwood Cover
ThermalDynamics:cover:0, Mossy Towerwood Cover
ThermalDynamics:cover:0, Infested Towerwood Cover
ThermalDynamics:cover:0, Reappearing Block Cover
ThermalDynamics:cover:0, Vanishing Block Cover
ThermalDynamics:cover:0, Locked Vanishing Block Cover
ThermalDynamics:cover:0, Unlocked Vanishing Block Cover
ThermalDynamics:cover:0, Carminite Builder Cover
ThermalDynamics:cover:0, Carminite Reactor Cover
ThermalDynamics:cover:0, Reappearing Block Cover
ThermalDynamics:cover:0, Active Reappearing Block Cover
ThermalDynamics:cover:0, Built Carminite Block Cover
ThermalDynamics:cover:0, Active Built Carminite Block Cover
ThermalDynamics:cover:0, Anti-built Block Cover
ThermalDynamics:cover:0, Carminite Reactor Debris Cover
ThermalDynamics:cover:0, False Gold Cover
ThermalDynamics:cover:0, False Diamond Cover
ThermalDynamics:cover:0, Stronghold Shield Cover
ThermalDynamics:cover:0, Trophy Pedestal Cover
ThermalDynamics:cover:0, Latent Trophy Pedestal Cover
ThermalDynamics:cover:0, Aurora Block Cover
ThermalDynamics:cover:0, Underbrick Cover
ThermalDynamics:cover:0, Mossy Underbrick Cover
ThermalDynamics:cover:0, Cracked Underbrick Cover
ThermalDynamics:cover:0, Thorns Cover
ThermalDynamics:cover:0, Green Thorns Cover
ThermalDynamics:cover:0, Burnt Thorns Cover
ThermalDynamics:cover:0, Thorn Rose Cover
ThermalDynamics:cover:0, Thorn Leaves Cover
ThermalDynamics:cover:0, Beanstalk Leaves Cover
ThermalDynamics:cover:0, Weathered Deadrock Cover
ThermalDynamics:cover:0, Cracked Deadrock Cover
ThermalDynamics:cover:0, Deadrock Cover
ThermalDynamics:cover:0, Darkwood Leaves Cover
ThermalDynamics:cover:0, Aurora Pillar Cover
ThermalDynamics:cover:0, Aurora Slab Cover
ThermalDynamics:cover:0, Aurora Slab Cover
ThermalDynamics:cover:0, Trollsteinn Cover
ThermalDynamics:cover:0, Wispy Cloud Cover
ThermalDynamics:cover:0, Fluffy Cloud Cover
ThermalDynamics:cover:0, Giant Cobblestone Cover
ThermalDynamics:cover:0, Giant Log Cover
ThermalDynamics:cover:0, Giant Leaves Cover
ThermalDynamics:cover:0, Giant Obsidian Cover
ThermalDynamics:cover:0, Uberous Soil Cover
ThermalDynamics:cover:0, Huge Stalk Cover
ThermalDynamics:cover:0, Huge Mushgloom Cover
ThermalDynamics:cover:0, Trollvidr Cover
ThermalDynamics:cover:0, Unripe Trollber Cover
ThermalDynamics:cover:0, Trollber Cover
ThermalDynamics:cover:0, Block of Knightmetal Cover
ThermalDynamics:cover:0, Huge Lily Pad Cover
ThermalDynamics:cover:0, Huge Water Lily Cover
ThermalDynamics:cover:0, Slide Trap Cover
ThermalDynamics:cover:0, Slide Trap 1 Cover
ThermalDynamics:cover:0, Slide Trap 2 Cover
ThermalDynamics:cover:0, Slide Trap 3 Cover
ThermalDynamics:cover:0, Castle Brick Cover
ThermalDynamics:cover:0, Worn Castle Brick Cover
ThermalDynamics:cover:0, Cracked Castle Brick Cover
ThermalDynamics:cover:0, Castle Roof Tile Cover
ThermalDynamics:cover:0, Blue Castle Rune Brick Cover
ThermalDynamics:cover:0, Yellow Castle Rune Brick Cover
ThermalDynamics:cover:0, Pink Castle Rune Brick Cover
ThermalDynamics:cover:0, Violet Castle Rune Brick Cover
ThermalDynamics:cover:0, Violet Force Field Cover
ThermalDynamics:cover:0, Pink Force Field Cover
ThermalDynamics:cover:0, Orange Force Field Cover
ThermalDynamics:cover:0, Green Force Field Cover
ThermalDynamics:cover:0, Blue Force Field Cover
ThermalDynamics:cover:0, Cinder Log [NYI] Cover
ThermalDynamics:cover:0, Blue Castle Door Cover
ThermalDynamics:cover:0, Blue Castle Door Cover
ThermalDynamics:cover:0, Twilight Oak Planks Cover
ThermalDynamics:cover:0, Canopy Planks Cover
ThermalDynamics:cover:0, Mangrove Planks Cover
ThermalDynamics:cover:0, Darkwood Planks Cover
ThermalDynamics:cover:0, Timewood Planks Cover
ThermalDynamics:cover:0, Transwood Planks Cover
ThermalDynamics:cover:0, Minewood Planks Cover
ThermalDynamics:cover:0, Sortingwood Planks Cover
ThermalDynamics:cover:0, Block of Aluminum Cover
ThermalDynamics:cover:0, Block of Aluminum Cover
ThermalDynamics:cover:0, Block of Aluminum Cover
ThermalDynamics:cover:0, Block of Aluminum Cover
ThermalDynamics:cover:0, Block of Aluminum Cover
ThermalDynamics:cover:0, Block of Aluminum Cover
ThermalDynamics:cover:0, tile.chisel.aluminum_stairs.0.name Cover
ThermalDynamics:cover:0, tile.chisel.aluminum_stairs.0.name Cover
ThermalDynamics:cover:0, tile.chisel.aluminum_stairs.1.name Cover
ThermalDynamics:cover:0, tile.chisel.aluminum_stairs.1.name Cover
ThermalDynamics:cover:0, tile.chisel.aluminum_stairs.2.name Cover
ThermalDynamics:cover:0, tile.chisel.aluminum_stairs.2.name Cover
ThermalDynamics:cover:0, tile.chisel.aluminum_stairs.3.name Cover
ThermalDynamics:cover:0, tile.chisel.aluminum_stairs.3.name Cover
ThermalDynamics:cover:0, tile.chisel.aluminum_stairs.4.name Cover
ThermalDynamics:cover:0, tile.chisel.aluminum_stairs.4.name Cover
ThermalDynamics:cover:0, tile.chisel.aluminum_stairs.5.name Cover
ThermalDynamics:cover:0, tile.chisel.aluminum_stairs.5.name Cover
ThermalDynamics:cover:0, tile.chisel.aluminum_stairs.6.name Cover
ThermalDynamics:cover:0, tile.chisel.aluminum_stairs.6.name Cover
ThermalDynamics:cover:0, tile.chisel.aluminum_stairs.7.name Cover
ThermalDynamics:cover:0, tile.chisel.aluminum_stairs.7.name Cover
ThermalDynamics:cover:0, Andesite Cover
ThermalDynamics:cover:0, Andesite Cover
ThermalDynamics:cover:0, Andesite Cover
ThermalDynamics:cover:0, Andesite Cover
ThermalDynamics:cover:0, Andesite Cover
ThermalDynamics:cover:0, Andesite Cover
ThermalDynamics:cover:0, Andesite Cover
ThermalDynamics:cover:0, Anti Block Cover
ThermalDynamics:cover:0, Anti Block Cover
ThermalDynamics:cover:0, Anti Block Cover
ThermalDynamics:cover:0, Anti Block Cover
ThermalDynamics:cover:0, Anti Block Cover
ThermalDynamics:cover:0, Anti Block Cover
ThermalDynamics:cover:0, Anti Block Cover
ThermalDynamics:cover:0, Anti Block Cover
ThermalDynamics:cover:0, Anti Block Cover
ThermalDynamics:cover:0, Anti Block Cover
ThermalDynamics:cover:0, Anti Block Cover
ThermalDynamics:cover:0, Anti Block Cover
ThermalDynamics:cover:0, Anti Block Cover
ThermalDynamics:cover:0, Anti Block Cover
ThermalDynamics:cover:0, Anti Block Cover
ThermalDynamics:cover:0, Anti Block Cover
ThermalDynamics:cover:0, Arcane Stone Block Cover
ThermalDynamics:cover:0, Arcane Stone Block Cover
ThermalDynamics:cover:0, Arcane Stone Block Cover
ThermalDynamics:cover:0, Arcane Stone Block Cover
ThermalDynamics:cover:0, Arcane Stone Block Cover
ThermalDynamics:cover:0, Arcane Stone Block Cover
ThermalDynamics:cover:0, Arcane Stone Block Cover
ThermalDynamics:cover:0, Arcane Stone Block Cover
ThermalDynamics:cover:0, Arcane Stone Block Cover
ThermalDynamics:cover:0, Arcane Stone Block Cover
ThermalDynamics:cover:0, Arcane Stone Block Cover
ThermalDynamics:cover:0, Arcane Stone Block Cover
ThermalDynamics:cover:0, Blood Rune Cover
ThermalDynamics:cover:0, Blood Rune Cover
ThermalDynamics:cover:0, Blood Rune Cover
ThermalDynamics:cover:0, Blood Rune Cover
ThermalDynamics:cover:0, Blood Rune Cover
ThermalDynamics:cover:0, Blood Rune Cover
ThermalDynamics:cover:0, Bookshelf Cover
ThermalDynamics:cover:0, Bookshelf Cover
ThermalDynamics:cover:0, Bookshelf Cover
ThermalDynamics:cover:0, Bookshelf Cover
ThermalDynamics:cover:0, Bookshelf Cover
ThermalDynamics:cover:0, Bookshelf Cover
ThermalDynamics:cover:0, Bookshelf Cover
ThermalDynamics:cover:0, Bookshelf Cover
ThermalDynamics:cover:0, Brick Block Cover
ThermalDynamics:cover:0, Brick Block Cover
ThermalDynamics:cover:0, Brick Block Cover
ThermalDynamics:cover:0, Brick Block Cover
ThermalDynamics:cover:0, Brick Block Cover
ThermalDynamics:cover:0, Block of Bronze Cover
ThermalDynamics:cover:0, Block of Bronze Cover
ThermalDynamics:cover:0, Block of Bronze Cover
ThermalDynamics:cover:0, Block of Bronze Cover
ThermalDynamics:cover:0, Block of Bronze Cover
ThermalDynamics:cover:0, Block of Bronze Cover
ThermalDynamics:cover:0, Carpet Cover
ThermalDynamics:cover:0, Carpet Cover
ThermalDynamics:cover:0, Carpet Cover
ThermalDynamics:cover:0, Carpet Cover
ThermalDynamics:cover:0, Carpet Cover
ThermalDynamics:cover:0, Carpet Cover
ThermalDynamics:cover:0, Carpet Cover
ThermalDynamics:cover:0, Carpet Cover
ThermalDynamics:cover:0, Carpet Cover
ThermalDynamics:cover:0, Carpet Cover
ThermalDynamics:cover:0, Carpet Cover
ThermalDynamics:cover:0, Carpet Cover
ThermalDynamics:cover:0, Carpet Cover
ThermalDynamics:cover:0, Carpet Cover
ThermalDynamics:cover:0, Carpet Cover
ThermalDynamics:cover:0, Carpet Cover
ThermalDynamics:cover:0, Floor Carpet Cover
ThermalDynamics:cover:0, Floor Carpet Cover
ThermalDynamics:cover:0, Floor Carpet Cover
ThermalDynamics:cover:0, Floor Carpet Cover
ThermalDynamics:cover:0, Floor Carpet Cover
ThermalDynamics:cover:0, Floor Carpet Cover
ThermalDynamics:cover:0, Floor Carpet Cover
ThermalDynamics:cover:0, Floor Carpet Cover
ThermalDynamics:cover:0, Floor Carpet Cover
ThermalDynamics:cover:0, Floor Carpet Cover
ThermalDynamics:cover:0, Floor Carpet Cover
ThermalDynamics:cover:0, Floor Carpet Cover
ThermalDynamics:cover:0, Floor Carpet Cover
ThermalDynamics:cover:0, Floor Carpet Cover
ThermalDynamics:cover:0, Floor Carpet Cover
ThermalDynamics:cover:0, Floor Carpet Cover
ThermalDynamics:cover:0, Cloud Cover
ThermalDynamics:cover:0, Cloud Cover
ThermalDynamics:cover:0, Cloud Cover
ThermalDynamics:cover:0, Cloud Cover
ThermalDynamics:cover:0, Cloud Cover
ThermalDynamics:cover:0, Cobblestone Cover
ThermalDynamics:cover:0, Cobblestone Cover
ThermalDynamics:cover:0, Cobblestone Cover
ThermalDynamics:cover:0, Cobblestone Cover
ThermalDynamics:cover:0, Cobblestone Cover
ThermalDynamics:cover:0, Cobblestone Cover
ThermalDynamics:cover:0, Cobblestone Cover
ThermalDynamics:cover:0, Cobblestone Cover
ThermalDynamics:cover:0, Cobblestone Cover
ThermalDynamics:cover:0, Cobblestone Cover
ThermalDynamics:cover:0, Cobblestone Cover
ThermalDynamics:cover:0, Cobblestone Cover
ThermalDynamics:cover:0, Cobblestone Cover
ThermalDynamics:cover:0, Cobblestone Cover
ThermalDynamics:cover:0, Cobblestone Cover
ThermalDynamics:cover:0, Mossy Cobblestone Cover
ThermalDynamics:cover:0, Mossy Cobblestone Cover
ThermalDynamics:cover:0, Mossy Cobblestone Cover
ThermalDynamics:cover:0, Mossy Cobblestone Cover
ThermalDynamics:cover:0, Mossy Cobblestone Cover
ThermalDynamics:cover:0, Mossy Cobblestone Cover
ThermalDynamics:cover:0, Mossy Cobblestone Cover
ThermalDynamics:cover:0, Mossy Cobblestone Cover
ThermalDynamics:cover:0, Mossy Cobblestone Cover
ThermalDynamics:cover:0, Mossy Cobblestone Cover
ThermalDynamics:cover:0, Mossy Cobblestone Cover
ThermalDynamics:cover:0, Mossy Cobblestone Cover
ThermalDynamics:cover:0, Mossy Cobblestone Cover
ThermalDynamics:cover:0, Mossy Cobblestone Cover
ThermalDynamics:cover:0, Mossy Cobblestone Cover
ThermalDynamics:cover:0, Concrete Cover
ThermalDynamics:cover:0, Concrete Cover
ThermalDynamics:cover:0, Concrete Cover
ThermalDynamics:cover:0, Concrete Cover
ThermalDynamics:cover:0, Concrete Cover
ThermalDynamics:cover:0, Concrete Cover
ThermalDynamics:cover:0, Concrete Cover
ThermalDynamics:cover:0, Concrete Cover
ThermalDynamics:cover:0, Concrete Cover
ThermalDynamics:cover:0, Concrete Cover
ThermalDynamics:cover:0, Concrete Cover
ThermalDynamics:cover:0, Block of Copper Cover
ThermalDynamics:cover:0, Block of Copper Cover
ThermalDynamics:cover:0, Block of Copper Cover
ThermalDynamics:cover:0, Block of Copper Cover
ThermalDynamics:cover:0, Block of Copper Cover
ThermalDynamics:cover:0, Block of Copper Cover
ThermalDynamics:cover:0, Diamond Block Cover
ThermalDynamics:cover:0, Diamond Block Cover
ThermalDynamics:cover:0, Diamond Block Cover
ThermalDynamics:cover:0, Diamond Block Cover
ThermalDynamics:cover:0, Diamond Block Cover
ThermalDynamics:cover:0, Diamond Block Cover
ThermalDynamics:cover:0, Diamond Block Cover
ThermalDynamics:cover:0, Diamond Block Cover
ThermalDynamics:cover:0, Diamond Block Cover
ThermalDynamics:cover:0, Diamond Block Cover
ThermalDynamics:cover:0, Diamond Block Cover
ThermalDynamics:cover:0, Diamond Block Cover
ThermalDynamics:cover:0, Diorite Cover
ThermalDynamics:cover:0, Diorite Cover
ThermalDynamics:cover:0, Diorite Cover
ThermalDynamics:cover:0, Diorite Cover
ThermalDynamics:cover:0, Diorite Cover
ThermalDynamics:cover:0, Diorite Cover
ThermalDynamics:cover:0, Diorite Cover
ThermalDynamics:cover:0, Dirt Cover
ThermalDynamics:cover:0, Dirt Cover
ThermalDynamics:cover:0, Dirt Cover
ThermalDynamics:cover:0, Dirt Cover
ThermalDynamics:cover:0, Dirt Cover
ThermalDynamics:cover:0, Dirt Cover
ThermalDynamics:cover:0, Dirt Cover
ThermalDynamics:cover:0, Dirt Cover
ThermalDynamics:cover:0, Dirt Cover
ThermalDynamics:cover:0, Dirt Cover
ThermalDynamics:cover:0, Dirt Cover
ThermalDynamics:cover:0, Dirt Cover
ThermalDynamics:cover:0, Dirt Cover
ThermalDynamics:cover:0, Dirt Cover
ThermalDynamics:cover:0, Dirt Cover
ThermalDynamics:cover:0, Dirt Cover
ThermalDynamics:cover:0, Emerald Block Cover
ThermalDynamics:cover:0, Emerald Block Cover
ThermalDynamics:cover:0, Emerald Block Cover
ThermalDynamics:cover:0, Emerald Block Cover
ThermalDynamics:cover:0, Emerald Block Cover
ThermalDynamics:cover:0, Emerald Block Cover
ThermalDynamics:cover:0, Emerald Block Cover
ThermalDynamics:cover:0, Emerald Block Cover
ThermalDynamics:cover:0, Emerald Block Cover
ThermalDynamics:cover:0, Emerald Block Cover
ThermalDynamics:cover:0, Emerald Block Cover
ThermalDynamics:cover:0, End Stone Cover
ThermalDynamics:cover:0, End Stone Cover
ThermalDynamics:cover:0, End Stone Cover
ThermalDynamics:cover:0, End Stone Cover
ThermalDynamics:cover:0, End Stone Cover
ThermalDynamics:cover:0, End Stone Cover
ThermalDynamics:cover:0, End Stone Cover
ThermalDynamics:cover:0, End Stone Cover
ThermalDynamics:cover:0, End Stone Cover
ThermalDynamics:cover:0, End Stone Cover
ThermalDynamics:cover:0, End Stone Cover
ThermalDynamics:cover:0, End Stone Cover
ThermalDynamics:cover:0, End Stone Cover
ThermalDynamics:cover:0, End Stone Cover
ThermalDynamics:cover:0, Factory Block Cover
ThermalDynamics:cover:0, Factory Block Cover
ThermalDynamics:cover:0, Factory Block Cover
ThermalDynamics:cover:0, Factory Block Cover
ThermalDynamics:cover:0, Factory Block Cover
ThermalDynamics:cover:0, Factory Block Cover
ThermalDynamics:cover:0, Factory Block Cover
ThermalDynamics:cover:0, Factory Block Cover
ThermalDynamics:cover:0, Factory Block Cover
ThermalDynamics:cover:0, Factory Block Cover
ThermalDynamics:cover:0, Factory Block Cover
ThermalDynamics:cover:0, Factory Block Cover
ThermalDynamics:cover:0, Factory Block Cover
ThermalDynamics:cover:0, Factory Block Cover
ThermalDynamics:cover:0, Factory Block Cover
ThermalDynamics:cover:0, Factory Block Cover
ThermalDynamics:cover:0, Factory Block Cover
ThermalDynamics:cover:0, Factory Block Cover
ThermalDynamics:cover:0, Factory Block Cover
ThermalDynamics:cover:0, Factory Block Cover
ThermalDynamics:cover:0, Purpled Fantasy Block Cover
ThermalDynamics:cover:0, Purpled Fantasy Block Cover
ThermalDynamics:cover:0, Purpled Fantasy Block Cover
ThermalDynamics:cover:0, Purpled Fantasy Block Cover
ThermalDynamics:cover:0, Purpled Fantasy Block Cover
ThermalDynamics:cover:0, Purpled Fantasy Block Cover
ThermalDynamics:cover:0, Purpled Fantasy Block Cover
ThermalDynamics:cover:0, Purpled Fantasy Block Cover
ThermalDynamics:cover:0, Purpled Fantasy Block Cover
ThermalDynamics:cover:0, Purpled Fantasy Block Cover
ThermalDynamics:cover:0, Purpled Fantasy Block Cover
ThermalDynamics:cover:0, Purpled Fantasy Block Cover
ThermalDynamics:cover:0, Purpled Fantasy Block Cover
ThermalDynamics:cover:0, Purpled Fantasy Block Cover
ThermalDynamics:cover:0, Purpled Fantasy Block Cover
ThermalDynamics:cover:0, Purpled Fantasy Block Cover
ThermalDynamics:cover:0, Fantasy Block Cover
ThermalDynamics:cover:0, Fantasy Block Cover
ThermalDynamics:cover:0, Fantasy Block Cover
ThermalDynamics:cover:0, Fantasy Block Cover
ThermalDynamics:cover:0, Fantasy Block Cover
ThermalDynamics:cover:0, Fantasy Block Cover
ThermalDynamics:cover:0, Fantasy Block Cover
ThermalDynamics:cover:0, Fantasy Block Cover
ThermalDynamics:cover:0, Fantasy Block Cover
ThermalDynamics:cover:0, Fantasy Block Cover
ThermalDynamics:cover:0, Fantasy Block Cover
ThermalDynamics:cover:0, Fantasy Block Cover
ThermalDynamics:cover:0, Fantasy Block Cover
ThermalDynamics:cover:0, Fantasy Block Cover
ThermalDynamics:cover:0, Fantasy Block Cover
ThermalDynamics:cover:0, Fantasy Block Cover
ThermalDynamics:cover:0, Futura Block Cover
ThermalDynamics:cover:0, Futura Block Cover
ThermalDynamics:cover:0, Futura Block Cover
ThermalDynamics:cover:0, Futura Block Cover
ThermalDynamics:cover:0, Futura Block Cover
ThermalDynamics:cover:0, Futura Block Cover
ThermalDynamics:cover:0, Futura Circuit Cover
ThermalDynamics:cover:0, Futura Circuit Cover
ThermalDynamics:cover:0, Futura Circuit Cover
ThermalDynamics:cover:0, Futura Circuit Cover
ThermalDynamics:cover:0, Futura Circuit Cover
ThermalDynamics:cover:0, Futura Circuit Cover
ThermalDynamics:cover:0, Futura Circuit Cover
ThermalDynamics:cover:0, Futura Circuit Cover
ThermalDynamics:cover:0, Futura Circuit Cover
ThermalDynamics:cover:0, Futura Circuit Cover
ThermalDynamics:cover:0, Futura Circuit Cover
ThermalDynamics:cover:0, Futura Circuit Cover
ThermalDynamics:cover:0, Futura Circuit Cover
ThermalDynamics:cover:0, Futura Circuit Cover
ThermalDynamics:cover:0, Futura Circuit Cover
ThermalDynamics:cover:0, Futura Circuit Cover
ThermalDynamics:cover:0, Glass Cover
ThermalDynamics:cover:0, Glass Cover
ThermalDynamics:cover:0, Glass Cover
ThermalDynamics:cover:0, Glass Cover
ThermalDynamics:cover:0, Glass Cover
ThermalDynamics:cover:0, Glass Cover
ThermalDynamics:cover:0, Glass Cover
ThermalDynamics:cover:0, Glass Cover
ThermalDynamics:cover:0, Glass Cover
ThermalDynamics:cover:0, Glass Cover
ThermalDynamics:cover:0, Glass Cover
ThermalDynamics:cover:0, Glass Cover
ThermalDynamics:cover:0, Glass Cover
ThermalDynamics:cover:0, Glass Cover
ThermalDynamics:cover:0, Glass Cover
ThermalDynamics:cover:0, Glass Cover
ThermalDynamics:cover:0, Glass Pane Cover
ThermalDynamics:cover:0, Glass Pane Cover
ThermalDynamics:cover:0, Glass Pane Cover
ThermalDynamics:cover:0, Glass Pane Cover
ThermalDynamics:cover:0, Glass Pane Cover
ThermalDynamics:cover:0, Glass Pane Cover
ThermalDynamics:cover:0, Glass Pane Cover
ThermalDynamics:cover:0, Glass Pane Cover
ThermalDynamics:cover:0, Stained Glass Cover
ThermalDynamics:cover:0, Stained Glass Cover
ThermalDynamics:cover:0, Stained Glass Cover
ThermalDynamics:cover:0, Stained Glass Cover
ThermalDynamics:cover:0, Stained Glass Cover
ThermalDynamics:cover:0, Stained Glass Cover
ThermalDynamics:cover:0, Stained Glass Cover
ThermalDynamics:cover:0, Stained Glass Cover
ThermalDynamics:cover:0, Stained Glass Cover
ThermalDynamics:cover:0, Stained Glass Cover
ThermalDynamics:cover:0, Stained Glass Cover
ThermalDynamics:cover:0, Stained Glass Cover
ThermalDynamics:cover:0, Stained Glass Cover
ThermalDynamics:cover:0, Stained Glass Cover
ThermalDynamics:cover:0, Stained Glass Cover
ThermalDynamics:cover:0, Stained Glass Cover
ThermalDynamics:cover:0, Stained Glass Cover
ThermalDynamics:cover:0, Stained Glass Cover
ThermalDynamics:cover:0, Stained Glass Cover
ThermalDynamics:cover:0, Stained Glass Cover
ThermalDynamics:cover:0, Stained Glass Cover
ThermalDynamics:cover:0, Stained Glass Cover
ThermalDynamics:cover:0, Stained Glass Cover
ThermalDynamics:cover:0, Stained Glass Cover
ThermalDynamics:cover:0, Stained Glass Cover
ThermalDynamics:cover:0, Stained Glass Cover
ThermalDynamics:cover:0, Stained Glass Cover
ThermalDynamics:cover:0, Stained Glass Cover
ThermalDynamics:cover:0, Stained Glass Cover
ThermalDynamics:cover:0, Stained Glass Cover
ThermalDynamics:cover:0, Stained Glass Cover
ThermalDynamics:cover:0, Stained Glass Cover
ThermalDynamics:cover:0, Stained Glass Cover
ThermalDynamics:cover:0, Stained Glass Cover
ThermalDynamics:cover:0, Stained Glass Cover
ThermalDynamics:cover:0, Stained Glass Cover
ThermalDynamics:cover:0, Stained Glass Cover
ThermalDynamics:cover:0, Stained Glass Cover
ThermalDynamics:cover:0, Stained Glass Cover
ThermalDynamics:cover:0, Stained Glass Cover
ThermalDynamics:cover:0, Stained Glass Cover
ThermalDynamics:cover:0, Stained Glass Cover
ThermalDynamics:cover:0, Stained Glass Cover
ThermalDynamics:cover:0, Stained Glass Cover
ThermalDynamics:cover:0, Stained Glass Cover
ThermalDynamics:cover:0, Stained Glass Cover
ThermalDynamics:cover:0, Stained Glass Cover
ThermalDynamics:cover:0, Stained Glass Cover
ThermalDynamics:cover:0, Stained Glass Cover
ThermalDynamics:cover:0, Stained Glass Cover
ThermalDynamics:cover:0, Stained Glass Cover
ThermalDynamics:cover:0, Stained Glass Cover
ThermalDynamics:cover:0, Stained Glass Cover
ThermalDynamics:cover:0, Stained Glass Cover
ThermalDynamics:cover:0, Stained Glass Cover
ThermalDynamics:cover:0, Stained Glass Cover
ThermalDynamics:cover:0, Stained Glass Cover
ThermalDynamics:cover:0, Stained Glass Cover
ThermalDynamics:cover:0, Stained Glass Cover
ThermalDynamics:cover:0, Stained Glass Cover
ThermalDynamics:cover:0, Stained Glass Cover
ThermalDynamics:cover:0, Stained Glass Cover
ThermalDynamics:cover:0, Stained Glass Cover
ThermalDynamics:cover:0, Stained Glass Cover
ThermalDynamics:cover:0, Stained Glass Cover
ThermalDynamics:cover:0, Stained Glass Cover
ThermalDynamics:cover:0, Stained Glass Cover
ThermalDynamics:cover:0, Stained Glass Cover
ThermalDynamics:cover:0, Stained Glass Cover
ThermalDynamics:cover:0, Stained Glass Cover
ThermalDynamics:cover:0, Stained Glass Cover
ThermalDynamics:cover:0, Stained Glass Cover
ThermalDynamics:cover:0, Stained Glass Cover
ThermalDynamics:cover:0, Stained Glass Cover
ThermalDynamics:cover:0, Stained Glass Cover
ThermalDynamics:cover:0, Stained Glass Cover
ThermalDynamics:cover:0, Stained Glass Cover
ThermalDynamics:cover:0, Stained Glass Cover
ThermalDynamics:cover:0, Stained Glass Cover
ThermalDynamics:cover:0, Stained Glass Cover
ThermalDynamics:cover:0, Stained Glass Pane Cover
ThermalDynamics:cover:0, Stained Glass Pane Cover
ThermalDynamics:cover:0, Stained Glass Pane Cover
ThermalDynamics:cover:0, Stained Glass Pane Cover
ThermalDynamics:cover:0, Stained Glass Pane Cover
ThermalDynamics:cover:0, Stained Glass Pane Cover
ThermalDynamics:cover:0, Stained Glass Pane Cover
ThermalDynamics:cover:0, Stained Glass Pane Cover
ThermalDynamics:cover:0, Stained Glass Pane Cover
ThermalDynamics:cover:0, Stained Glass Pane Cover
ThermalDynamics:cover:0, Stained Glass Pane Cover
ThermalDynamics:cover:0, Stained Glass Pane Cover
ThermalDynamics:cover:0, Stained Glass Pane Cover
ThermalDynamics:cover:0, Stained Glass Pane Cover
ThermalDynamics:cover:0, Stained Glass Pane Cover
ThermalDynamics:cover:0, Stained Glass Pane Cover
ThermalDynamics:cover:0, Stained Glass Pane Cover
ThermalDynamics:cover:0, Stained Glass Pane Cover
ThermalDynamics:cover:0, Stained Glass Pane Cover
ThermalDynamics:cover:0, Stained Glass Pane Cover
ThermalDynamics:cover:0, Stained Glass Pane Cover
ThermalDynamics:cover:0, Stained Glass Pane Cover
ThermalDynamics:cover:0, Stained Glass Pane Cover
ThermalDynamics:cover:0, Stained Glass Pane Cover
ThermalDynamics:cover:0, Stained Glass Pane Cover
ThermalDynamics:cover:0, Stained Glass Pane Cover
ThermalDynamics:cover:0, Stained Glass Pane Cover
ThermalDynamics:cover:0, Stained Glass Pane Cover
ThermalDynamics:cover:0, Stained Glass Pane Cover
ThermalDynamics:cover:0, Stained Glass Pane Cover
ThermalDynamics:cover:0, Stained Glass Pane Cover
ThermalDynamics:cover:0, Stained Glass Pane Cover
ThermalDynamics:cover:0, Stained Glass Pane Cover
ThermalDynamics:cover:0, Stained Glass Pane Cover
ThermalDynamics:cover:0, Stained Glass Pane Cover
ThermalDynamics:cover:0, Stained Glass Pane Cover
ThermalDynamics:cover:0, Stained Glass Pane Cover
ThermalDynamics:cover:0, Stained Glass Pane Cover
ThermalDynamics:cover:0, Stained Glass Pane Cover
ThermalDynamics:cover:0, Stained Glass Pane Cover
ThermalDynamics:cover:0, Stained Glass Pane Cover
ThermalDynamics:cover:0, Stained Glass Pane Cover
ThermalDynamics:cover:0, Stained Glass Pane Cover
ThermalDynamics:cover:0, Stained Glass Pane Cover
ThermalDynamics:cover:0, Stained Glass Pane Cover
ThermalDynamics:cover:0, Stained Glass Pane Cover
ThermalDynamics:cover:0, Stained Glass Pane Cover
ThermalDynamics:cover:0, Stained Glass Pane Cover
ThermalDynamics:cover:0, Stained Glass Pane Cover
ThermalDynamics:cover:0, Stained Glass Pane Cover
ThermalDynamics:cover:0, Stained Glass Pane Cover
ThermalDynamics:cover:0, Stained Glass Pane Cover
ThermalDynamics:cover:0, Stained Glass Pane Cover
ThermalDynamics:cover:0, Stained Glass Pane Cover
ThermalDynamics:cover:0, Stained Glass Pane Cover
ThermalDynamics:cover:0, Stained Glass Pane Cover
ThermalDynamics:cover:0, Stained Glass Pane Cover
ThermalDynamics:cover:0, Stained Glass Pane Cover
ThermalDynamics:cover:0, Stained Glass Pane Cover
ThermalDynamics:cover:0, Stained Glass Pane Cover
ThermalDynamics:cover:0, Stained Glass Pane Cover
ThermalDynamics:cover:0, Stained Glass Pane Cover
ThermalDynamics:cover:0, Stained Glass Pane Cover
ThermalDynamics:cover:0, Stained Glass Pane Cover
ThermalDynamics:cover:0, Stained Glass Pane Cover
ThermalDynamics:cover:0, Stained Glass Pane Cover
ThermalDynamics:cover:0, Stained Glass Pane Cover
ThermalDynamics:cover:0, Stained Glass Pane Cover
ThermalDynamics:cover:0, Stained Glass Pane Cover
ThermalDynamics:cover:0, Stained Glass Pane Cover
ThermalDynamics:cover:0, Stained Glass Pane Cover
ThermalDynamics:cover:0, Stained Glass Pane Cover
ThermalDynamics:cover:0, Stained Glass Pane Cover
ThermalDynamics:cover:0, Stained Glass Pane Cover
ThermalDynamics:cover:0, Stained Glass Pane Cover
ThermalDynamics:cover:0, Stained Glass Pane Cover
ThermalDynamics:cover:0, Stained Glass Pane Cover
ThermalDynamics:cover:0, Stained Glass Pane Cover
ThermalDynamics:cover:0, Stained Glass Pane Cover
ThermalDynamics:cover:0, Stained Glass Pane Cover
ThermalDynamics:cover:0, Stained Glass Pane Cover
ThermalDynamics:cover:0, Stained Glass Pane Cover
ThermalDynamics:cover:0, Stained Glass Pane Cover
ThermalDynamics:cover:0, Stained Glass Pane Cover
ThermalDynamics:cover:0, Stained Glass Pane Cover
ThermalDynamics:cover:0, Stained Glass Pane Cover
ThermalDynamics:cover:0, Stained Glass Pane Cover
ThermalDynamics:cover:0, Stained Glass Pane Cover
ThermalDynamics:cover:0, Stained Glass Pane Cover
ThermalDynamics:cover:0, Stained Glass Pane Cover
ThermalDynamics:cover:0, Stained Glass Pane Cover
ThermalDynamics:cover:0, Stained Glass Pane Cover
ThermalDynamics:cover:0, Stained Glass Pane Cover
ThermalDynamics:cover:0, Stained Glass Pane Cover
ThermalDynamics:cover:0, Stained Glass Pane Cover
ThermalDynamics:cover:0, Stained Glass Pane Cover
ThermalDynamics:cover:0, Glowstone Cover
ThermalDynamics:cover:0, Glowstone Cover
ThermalDynamics:cover:0, Glowstone Cover
ThermalDynamics:cover:0, Glowstone Cover
ThermalDynamics:cover:0, Glowstone Cover
ThermalDynamics:cover:0, Glowstone Cover
ThermalDynamics:cover:0, Glowstone Cover
ThermalDynamics:cover:0, Glowstone Cover
ThermalDynamics:cover:0, Glowstone Cover
ThermalDynamics:cover:0, Glowstone Cover
ThermalDynamics:cover:0, Glowstone Cover
ThermalDynamics:cover:0, Glowstone Cover
ThermalDynamics:cover:0, Glowstone Cover
ThermalDynamics:cover:0, Glowstone Cover
ThermalDynamics:cover:0, Glowstone Cover
ThermalDynamics:cover:0, Block of Gold Cover
ThermalDynamics:cover:0, Block of Gold Cover
ThermalDynamics:cover:0, Block of Gold Cover
ThermalDynamics:cover:0, Block of Gold Cover
ThermalDynamics:cover:0, Block of Gold Cover
ThermalDynamics:cover:0, Block of Gold Cover
ThermalDynamics:cover:0, Gold Block Cover
ThermalDynamics:cover:0, Gold Block Cover
ThermalDynamics:cover:0, Gold Block Cover
ThermalDynamics:cover:0, Gold Block Cover
ThermalDynamics:cover:0, Gold Block Cover
ThermalDynamics:cover:0, Gold Block Cover
ThermalDynamics:cover:0, Gold Block Cover
ThermalDynamics:cover:0, Gold Block Cover
ThermalDynamics:cover:0, Gold Block Cover
ThermalDynamics:cover:0, Gold Block Cover
ThermalDynamics:cover:0, Gold Block Cover
ThermalDynamics:cover:0, Gold Block Cover
ThermalDynamics:cover:0, Gold Block Cover
ThermalDynamics:cover:0, Gold Block Cover
ThermalDynamics:cover:0, Granite Cover
ThermalDynamics:cover:0, Granite Cover
ThermalDynamics:cover:0, Granite Cover
ThermalDynamics:cover:0, Granite Cover
ThermalDynamics:cover:0, Granite Cover
ThermalDynamics:cover:0, Granite Cover
ThermalDynamics:cover:0, Granite Cover
ThermalDynamics:cover:0, Grimstone Cover
ThermalDynamics:cover:0, Grimstone Cover
ThermalDynamics:cover:0, Grimstone Cover
ThermalDynamics:cover:0, Grimstone Cover
ThermalDynamics:cover:0, Grimstone Cover
ThermalDynamics:cover:0, Grimstone Cover
ThermalDynamics:cover:0, Grimstone Cover
ThermalDynamics:cover:0, Grimstone Cover
ThermalDynamics:cover:0, Grimstone Cover
ThermalDynamics:cover:0, Grimstone Cover
ThermalDynamics:cover:0, Grimstone Cover
ThermalDynamics:cover:0, Grimstone Cover
ThermalDynamics:cover:0, Grimstone Cover
ThermalDynamics:cover:0, Grimstone Cover
ThermalDynamics:cover:0, Grimstone Cover
ThermalDynamics:cover:0, Hex Plating Cover
ThermalDynamics:cover:0, Hex Plating Cover
ThermalDynamics:cover:0, Hex Plating Cover
ThermalDynamics:cover:0, Hex Plating Cover
ThermalDynamics:cover:0, Hex Plating Cover
ThermalDynamics:cover:0, Hex Plating Cover
ThermalDynamics:cover:0, Hex Plating Cover
ThermalDynamics:cover:0, Hex Plating Cover
ThermalDynamics:cover:0, Hex Plating Cover
ThermalDynamics:cover:0, Hex Plating Cover
ThermalDynamics:cover:0, Hex Plating Cover
ThermalDynamics:cover:0, Hex Plating Cover
ThermalDynamics:cover:0, Hex Plating Cover
ThermalDynamics:cover:0, Hex Plating Cover
ThermalDynamics:cover:0, Hex Plating Cover
ThermalDynamics:cover:0, Hex Plating Cover
ThermalDynamics:cover:0, Large Hex Plating Cover
ThermalDynamics:cover:0, Large Hex Plating Cover
ThermalDynamics:cover:0, Large Hex Plating Cover
ThermalDynamics:cover:0, Large Hex Plating Cover
ThermalDynamics:cover:0, Large Hex Plating Cover
ThermalDynamics:cover:0, Large Hex Plating Cover
ThermalDynamics:cover:0, Large Hex Plating Cover
ThermalDynamics:cover:0, Large Hex Plating Cover
ThermalDynamics:cover:0, Large Hex Plating Cover
ThermalDynamics:cover:0, Large Hex Plating Cover
ThermalDynamics:cover:0, Large Hex Plating Cover
ThermalDynamics:cover:0, Large Hex Plating Cover
ThermalDynamics:cover:0, Large Hex Plating Cover
ThermalDynamics:cover:0, Large Hex Plating Cover
ThermalDynamics:cover:0, Large Hex Plating Cover
ThermalDynamics:cover:0, Large Hex Plating Cover
ThermalDynamics:cover:0, Holystone Cover
ThermalDynamics:cover:0, Holystone Cover
ThermalDynamics:cover:0, Holystone Cover
ThermalDynamics:cover:0, Holystone Cover
ThermalDynamics:cover:0, Holystone Cover
ThermalDynamics:cover:0, Holystone Cover
ThermalDynamics:cover:0, Holystone Cover
ThermalDynamics:cover:0, Holystone Cover
ThermalDynamics:cover:0, Holystone Cover
ThermalDynamics:cover:0, Holystone Cover
ThermalDynamics:cover:0, Holystone Cover
ThermalDynamics:cover:0, Holystone Cover
ThermalDynamics:cover:0, Holystone Cover
ThermalDynamics:cover:0, Holystone Cover
ThermalDynamics:cover:0, Ice Cover
ThermalDynamics:cover:0, Ice Cover
ThermalDynamics:cover:0, Ice Cover
ThermalDynamics:cover:0, Ice Cover
ThermalDynamics:cover:0, Ice Cover
ThermalDynamics:cover:0, Ice Cover
ThermalDynamics:cover:0, Ice Cover
ThermalDynamics:cover:0, Ice Cover
ThermalDynamics:cover:0, Ice Cover
ThermalDynamics:cover:0, Ice Cover
ThermalDynamics:cover:0, Ice Cover
ThermalDynamics:cover:0, Ice Cover
ThermalDynamics:cover:0, Ice Cover
ThermalDynamics:cover:0, Ice Cover
ThermalDynamics:cover:0, Ice Cover
ThermalDynamics:cover:0, Ice Pillar Cover
ThermalDynamics:cover:0, Ice Pillar Cover
ThermalDynamics:cover:0, Ice Pillar Cover
ThermalDynamics:cover:0, Ice Pillar Cover
ThermalDynamics:cover:0, Ice Pillar Cover
ThermalDynamics:cover:0, Ice Pillar Cover
ThermalDynamics:cover:0, Ice Pillar Cover
ThermalDynamics:cover:0, Ice Stairs Cover
ThermalDynamics:cover:0, Ice Stairs Cover
ThermalDynamics:cover:0, Ice Stairs Cover
ThermalDynamics:cover:0, Ice Stairs Cover
ThermalDynamics:cover:0, Ice Stairs Cover
ThermalDynamics:cover:0, Ice Stairs Cover
ThermalDynamics:cover:0, Ice Stairs Cover
ThermalDynamics:cover:0, Ice Stairs Cover
ThermalDynamics:cover:0, Ice Stairs Cover
ThermalDynamics:cover:0, Ice Stairs Cover
ThermalDynamics:cover:0, Ice Stairs Cover
ThermalDynamics:cover:0, Ice Stairs Cover
ThermalDynamics:cover:0, Ice Stairs Cover
ThermalDynamics:cover:0, Ice Stairs Cover
ThermalDynamics:cover:0, Ice Stairs Cover
ThermalDynamics:cover:0, Ice Stairs Cover
ThermalDynamics:cover:0, Iron Bars Cover
ThermalDynamics:cover:0, Iron Bars Cover
ThermalDynamics:cover:0, Iron Bars Cover
ThermalDynamics:cover:0, Iron Bars Cover
ThermalDynamics:cover:0, Iron Bars Cover
ThermalDynamics:cover:0, Iron Bars Cover
ThermalDynamics:cover:0, Iron Bars Cover
ThermalDynamics:cover:0, Iron Bars Cover
ThermalDynamics:cover:0, Iron Bars Cover
ThermalDynamics:cover:0, Block of Iron Cover
ThermalDynamics:cover:0, Block of Iron Cover
ThermalDynamics:cover:0, Block of Iron Cover
ThermalDynamics:cover:0, Block of Iron Cover
ThermalDynamics:cover:0, Block of Iron Cover
ThermalDynamics:cover:0, Block of Iron Cover
ThermalDynamics:cover:0, Iron Block Cover
ThermalDynamics:cover:0, Iron Block Cover
ThermalDynamics:cover:0, Iron Block Cover
ThermalDynamics:cover:0, Iron Block Cover
ThermalDynamics:cover:0, Iron Block Cover
ThermalDynamics:cover:0, Iron Block Cover
ThermalDynamics:cover:0, Iron Block Cover
ThermalDynamics:cover:0, Iron Block Cover
ThermalDynamics:cover:0, Iron Block Cover
ThermalDynamics:cover:0, Iron Block Cover
ThermalDynamics:cover:0, Iron Block Cover
ThermalDynamics:cover:0, Iron Block Cover
ThermalDynamics:cover:0, Iron Block Cover
ThermalDynamics:cover:0, Iron Block Cover
ThermalDynamics:cover:0, Iron Block Cover
ThermalDynamics:cover:0, Jack o'Lantern Cover
ThermalDynamics:cover:0, Jack o'Lantern Cover
ThermalDynamics:cover:0, Jack o'Lantern Cover
ThermalDynamics:cover:0, Jack o'Lantern Cover
ThermalDynamics:cover:0, Jack o'Lantern Cover
ThermalDynamics:cover:0, Jack o'Lantern Cover
ThermalDynamics:cover:0, Jack o'Lantern Cover
ThermalDynamics:cover:0, Jack o'Lantern Cover
ThermalDynamics:cover:0, Jack o'Lantern Cover
ThermalDynamics:cover:0, Jack o'Lantern Cover
ThermalDynamics:cover:0, Jack o'Lantern Cover
ThermalDynamics:cover:0, Jack o'Lantern Cover
ThermalDynamics:cover:0, Jack o'Lantern Cover
ThermalDynamics:cover:0, Jack o'Lantern Cover
ThermalDynamics:cover:0, Jack o'Lantern Cover
ThermalDynamics:cover:0, Jack o'Lantern Cover
ThermalDynamics:cover:0, Laboratory Block Cover
ThermalDynamics:cover:0, Laboratory Block Cover
ThermalDynamics:cover:0, Laboratory Block Cover
ThermalDynamics:cover:0, Laboratory Block Cover
ThermalDynamics:cover:0, Laboratory Block Cover
ThermalDynamics:cover:0, Laboratory Block Cover
ThermalDynamics:cover:0, Laboratory Block Cover
ThermalDynamics:cover:0, Laboratory Block Cover
ThermalDynamics:cover:0, Laboratory Block Cover
ThermalDynamics:cover:0, Laboratory Block Cover
ThermalDynamics:cover:0, Laboratory Block Cover
ThermalDynamics:cover:0, Laboratory Block Cover
ThermalDynamics:cover:0, Laboratory Block Cover
ThermalDynamics:cover:0, Laboratory Block Cover
ThermalDynamics:cover:0, Laboratory Block Cover
ThermalDynamics:cover:0, Laboratory Block Cover
ThermalDynamics:cover:0, Lapis Block Cover
ThermalDynamics:cover:0, Lapis Block Cover
ThermalDynamics:cover:0, Lapis Block Cover
ThermalDynamics:cover:0, Lapis Block Cover
ThermalDynamics:cover:0, Lapis Block Cover
ThermalDynamics:cover:0, Lapis Block Cover
ThermalDynamics:cover:0, Lapis Block Cover
ThermalDynamics:cover:0, Lapis Block Cover
ThermalDynamics:cover:0, Lavastone Cover
ThermalDynamics:cover:0, Lavastone Cover
ThermalDynamics:cover:0, Lavastone Cover
ThermalDynamics:cover:0, Lavastone Cover
ThermalDynamics:cover:0, Lavastone Cover
ThermalDynamics:cover:0, Lavastone Cover
ThermalDynamics:cover:0, Lavastone Cover
ThermalDynamics:cover:0, Lavastone Cover
ThermalDynamics:cover:0, Block of Lead Cover
ThermalDynamics:cover:0, Block of Lead Cover
ThermalDynamics:cover:0, Block of Lead Cover
ThermalDynamics:cover:0, Block of Lead Cover
ThermalDynamics:cover:0, Block of Lead Cover
ThermalDynamics:cover:0, Block of Lead Cover
ThermalDynamics:cover:0, Leaves Cover
ThermalDynamics:cover:0, Leaves Cover
ThermalDynamics:cover:0, Leaves Cover
ThermalDynamics:cover:0, Leaves Cover
ThermalDynamics:cover:0, Leaves Cover
ThermalDynamics:cover:0, Leaves Cover
ThermalDynamics:cover:0, Leaves Cover
ThermalDynamics:cover:0, Limestone Cover
ThermalDynamics:cover:0, Limestone Cover
ThermalDynamics:cover:0, Limestone Cover
ThermalDynamics:cover:0, Limestone Cover
ThermalDynamics:cover:0, Limestone Cover
ThermalDynamics:cover:0, Limestone Cover
ThermalDynamics:cover:0, Limestone Cover
ThermalDynamics:cover:0, Limestone Cover
ThermalDynamics:cover:0, Limestone Cover
ThermalDynamics:cover:0, Limestone Cover
ThermalDynamics:cover:0, Limestone Cover
ThermalDynamics:cover:0, Limestone Cover
ThermalDynamics:cover:0, Limestone Cover
ThermalDynamics:cover:0, Limestone Cover
ThermalDynamics:cover:0, Limestone Cover
ThermalDynamics:cover:0, Limestone Cover
ThermalDynamics:cover:0, Limestone Slab Cover
ThermalDynamics:cover:0, Limestone Slab Cover
ThermalDynamics:cover:0, Limestone Slab Cover
ThermalDynamics:cover:0, Limestone Slab Cover
ThermalDynamics:cover:0, Limestone Slab Cover
ThermalDynamics:cover:0, Limestone Slab Cover
ThermalDynamics:cover:0, Limestone Slab Cover
ThermalDynamics:cover:0, Limestone Slab Cover
ThermalDynamics:cover:0, Limestone Slab Cover
ThermalDynamics:cover:0, Limestone Slab Cover
ThermalDynamics:cover:0, Limestone Slab Cover
ThermalDynamics:cover:0, Limestone Slab Cover
ThermalDynamics:cover:0, Limestone Slab Cover
ThermalDynamics:cover:0, Limestone Slab Cover
ThermalDynamics:cover:0, Limestone Slab Cover
ThermalDynamics:cover:0, Limestone Slab Cover
ThermalDynamics:cover:0, Limestone Stairs Cover
ThermalDynamics:cover:0, Limestone Stairs Cover
ThermalDynamics:cover:0, Limestone Stairs Cover
ThermalDynamics:cover:0, Limestone Stairs Cover
ThermalDynamics:cover:0, Limestone Stairs Cover
ThermalDynamics:cover:0, Limestone Stairs Cover
ThermalDynamics:cover:0, Limestone Stairs Cover
ThermalDynamics:cover:0, Limestone Stairs Cover
ThermalDynamics:cover:0, Limestone Stairs Cover
ThermalDynamics:cover:0, Limestone Stairs Cover
ThermalDynamics:cover:0, Limestone Stairs Cover
ThermalDynamics:cover:0, Limestone Stairs Cover
ThermalDynamics:cover:0, Limestone Stairs Cover
ThermalDynamics:cover:0, Limestone Stairs Cover
ThermalDynamics:cover:0, Limestone Stairs Cover
ThermalDynamics:cover:0, Limestone Stairs Cover
ThermalDynamics:cover:0, Marble Cover
ThermalDynamics:cover:0, Marble Cover
ThermalDynamics:cover:0, Marble Cover
ThermalDynamics:cover:0, Marble Cover
ThermalDynamics:cover:0, Marble Cover
ThermalDynamics:cover:0, Marble Cover
ThermalDynamics:cover:0, Marble Cover
ThermalDynamics:cover:0, Marble Cover
ThermalDynamics:cover:0, Marble Cover
ThermalDynamics:cover:0, Marble Cover
ThermalDynamics:cover:0, Marble Cover
ThermalDynamics:cover:0, Marble Cover
ThermalDynamics:cover:0, Marble Cover
ThermalDynamics:cover:0, Marble Cover
ThermalDynamics:cover:0, Marble Cover
ThermalDynamics:cover:0, Marble Cover
ThermalDynamics:cover:0, Marble Slab Cover
ThermalDynamics:cover:0, Marble Slab Cover
ThermalDynamics:cover:0, Marble Slab Cover
ThermalDynamics:cover:0, Marble Slab Cover
ThermalDynamics:cover:0, Marble Slab Cover
ThermalDynamics:cover:0, Marble Slab Cover
ThermalDynamics:cover:0, Marble Slab Cover
ThermalDynamics:cover:0, Marble Slab Cover
ThermalDynamics:cover:0, Marble Slab Cover
ThermalDynamics:cover:0, Marble Slab Cover
ThermalDynamics:cover:0, Marble Slab Cover
ThermalDynamics:cover:0, Marble Slab Cover
ThermalDynamics:cover:0, Marble Slab Cover
ThermalDynamics:cover:0, Marble Slab Cover
ThermalDynamics:cover:0, Marble Slab Cover
ThermalDynamics:cover:0, Marble Slab Cover
ThermalDynamics:cover:0, Marble Stairs Cover
ThermalDynamics:cover:0, Marble Stairs Cover
ThermalDynamics:cover:0, Marble Stairs Cover
ThermalDynamics:cover:0, Marble Stairs Cover
ThermalDynamics:cover:0, Marble Stairs Cover
ThermalDynamics:cover:0, Marble Stairs Cover
ThermalDynamics:cover:0, Marble Stairs Cover
ThermalDynamics:cover:0, Marble Stairs Cover
ThermalDynamics:cover:0, Marble Stairs Cover
ThermalDynamics:cover:0, Marble Stairs Cover
ThermalDynamics:cover:0, Marble Stairs Cover
ThermalDynamics:cover:0, Marble Stairs Cover
ThermalDynamics:cover:0, Marble Stairs Cover
ThermalDynamics:cover:0, Marble Stairs Cover
ThermalDynamics:cover:0, Marble Stairs Cover
ThermalDynamics:cover:0, Marble Stairs Cover
ThermalDynamics:cover:0, Marble Pillar Cover
ThermalDynamics:cover:0, Marble Pillar Cover
ThermalDynamics:cover:0, Marble Pillar Cover
ThermalDynamics:cover:0, Marble Pillar Cover
ThermalDynamics:cover:0, Marble Pillar Cover
ThermalDynamics:cover:0, Marble Pillar Cover
ThermalDynamics:cover:0, Marble Pillar Cover
ThermalDynamics:cover:0, Marble Pillar Cover
ThermalDynamics:cover:0, Marble Pillar Cover
ThermalDynamics:cover:0, Marble Pillar Cover
ThermalDynamics:cover:0, Marble Pillar Cover
ThermalDynamics:cover:0, Marble Pillar Cover
ThermalDynamics:cover:0, Marble Pillar Cover
ThermalDynamics:cover:0, Marble Pillar Cover
ThermalDynamics:cover:0, Marble Pillar Cover
ThermalDynamics:cover:0, Marble Pillar Cover
ThermalDynamics:cover:0, Marble Pillar Slab Cover
ThermalDynamics:cover:0, Marble Pillar Slab Cover
ThermalDynamics:cover:0, Marble Pillar Slab Cover
ThermalDynamics:cover:0, Marble Pillar Slab Cover
ThermalDynamics:cover:0, Marble Pillar Slab Cover
ThermalDynamics:cover:0, Marble Pillar Slab Cover
ThermalDynamics:cover:0, Marble Pillar Slab Cover
ThermalDynamics:cover:0, Marble Pillar Slab Cover
ThermalDynamics:cover:0, Marble Pillar Slab Cover
ThermalDynamics:cover:0, Marble Pillar Slab Cover
ThermalDynamics:cover:0, Marble Pillar Slab Cover
ThermalDynamics:cover:0, Marble Pillar Slab Cover
ThermalDynamics:cover:0, Marble Pillar Slab Cover
ThermalDynamics:cover:0, Marble Pillar Slab Cover
ThermalDynamics:cover:0, Marble Pillar Slab Cover
ThermalDynamics:cover:0, Marble Pillar Slab Cover
ThermalDynamics:cover:0, Imperialistic Block Cover
ThermalDynamics:cover:0, Imperialistic Block Cover
ThermalDynamics:cover:0, Imperialistic Block Cover
ThermalDynamics:cover:0, Imperialistic Block Cover
ThermalDynamics:cover:0, Imperialistic Block Cover
ThermalDynamics:cover:0, Rebellious Block Cover
ThermalDynamics:cover:0, Rebellious Block Cover
ThermalDynamics:cover:0, Rebellious Block Cover
ThermalDynamics:cover:0, Rebellious Block Cover
ThermalDynamics:cover:0, Rebellious Block Cover
ThermalDynamics:cover:0, Nether Brick Cover
ThermalDynamics:cover:0, Nether Brick Cover
ThermalDynamics:cover:0, Nether Brick Cover
ThermalDynamics:cover:0, Nether Brick Cover
ThermalDynamics:cover:0, Nether Brick Cover
ThermalDynamics:cover:0, Nether Brick Cover
ThermalDynamics:cover:0, Nether Brick Cover
ThermalDynamics:cover:0, Nether Brick Cover
ThermalDynamics:cover:0, Nether Brick Cover
ThermalDynamics:cover:0, Nether Brick Cover
ThermalDynamics:cover:0, Nether Brick Cover
ThermalDynamics:cover:0, Nether Brick Cover
ThermalDynamics:cover:0, Nether Brick Cover
ThermalDynamics:cover:0, Nether Brick Cover
ThermalDynamics:cover:0, Nether Brick Cover
ThermalDynamics:cover:0, Netherrack Cover
ThermalDynamics:cover:0, Netherrack Cover
ThermalDynamics:cover:0, Netherrack Cover
ThermalDynamics:cover:0, Netherrack Cover
ThermalDynamics:cover:0, Netherrack Cover
ThermalDynamics:cover:0, Netherrack Cover
ThermalDynamics:cover:0, Netherrack Cover
ThermalDynamics:cover:0, Netherrack Cover
ThermalDynamics:cover:0, Netherrack Cover
ThermalDynamics:cover:0, Netherrack Cover
ThermalDynamics:cover:0, Netherrack Cover
ThermalDynamics:cover:0, Netherrack Cover
ThermalDynamics:cover:0, Netherrack Cover
ThermalDynamics:cover:0, Netherrack Cover
ThermalDynamics:cover:0, Obsidian Cover
ThermalDynamics:cover:0, Obsidian Cover
ThermalDynamics:cover:0, Obsidian Cover
ThermalDynamics:cover:0, Obsidian Cover
ThermalDynamics:cover:0, Obsidian Cover
ThermalDynamics:cover:0, Obsidian Cover
ThermalDynamics:cover:0, Obsidian Cover
ThermalDynamics:cover:0, Obsidian Cover
ThermalDynamics:cover:0, Obsidian Cover
ThermalDynamics:cover:0, Obsidian Cover
ThermalDynamics:cover:0, Obsidian Cover
ThermalDynamics:cover:0, Obsidian Cover
ThermalDynamics:cover:0, Obsidian Cover
ThermalDynamics:cover:0, Obsidian Cover
ThermalDynamics:cover:0, Obsidian Cover
ThermalDynamics:cover:0, Packed Ice Cover
ThermalDynamics:cover:0, Packed Ice Cover
ThermalDynamics:cover:0, Packed Ice Cover
ThermalDynamics:cover:0, Packed Ice Cover
ThermalDynamics:cover:0, Packed Ice Cover
ThermalDynamics:cover:0, Packed Ice Cover
ThermalDynamics:cover:0, Packed Ice Cover
ThermalDynamics:cover:0, Packed Ice Cover
ThermalDynamics:cover:0, Packed Ice Cover
ThermalDynamics:cover:0, Packed Ice Cover
ThermalDynamics:cover:0, Packed Ice Cover
ThermalDynamics:cover:0, Packed Ice Cover
ThermalDynamics:cover:0, Packed Ice Cover
ThermalDynamics:cover:0, Packed Ice Cover
ThermalDynamics:cover:0, Packed Ice Cover
ThermalDynamics:cover:0, Packed Ice Pillar Cover
ThermalDynamics:cover:0, Packed Ice Pillar Cover
ThermalDynamics:cover:0, Packed Ice Pillar Cover
ThermalDynamics:cover:0, Packed Ice Pillar Cover
ThermalDynamics:cover:0, Packed Ice Pillar Cover
ThermalDynamics:cover:0, Packed Ice Pillar Cover
ThermalDynamics:cover:0, Packed Ice Pillar Cover
ThermalDynamics:cover:0, Packed Ice Stairs Cover
ThermalDynamics:cover:0, Packed Ice Stairs Cover
ThermalDynamics:cover:0, Packed Ice Stairs Cover
ThermalDynamics:cover:0, Packed Ice Stairs Cover
ThermalDynamics:cover:0, Packed Ice Stairs Cover
ThermalDynamics:cover:0, Packed Ice Stairs Cover
ThermalDynamics:cover:0, Packed Ice Stairs Cover
ThermalDynamics:cover:0, Packed Ice Stairs Cover
ThermalDynamics:cover:0, Packed Ice Stairs Cover
ThermalDynamics:cover:0, Packed Ice Stairs Cover
ThermalDynamics:cover:0, Packed Ice Stairs Cover
ThermalDynamics:cover:0, Packed Ice Stairs Cover
ThermalDynamics:cover:0, Packed Ice Stairs Cover
ThermalDynamics:cover:0, Packed Ice Stairs Cover
ThermalDynamics:cover:0, Packed Ice Stairs Cover
ThermalDynamics:cover:0, Packed Ice Stairs Cover
ThermalDynamics:cover:0, Paperwall Cover
ThermalDynamics:cover:0, Paperwall Cover
ThermalDynamics:cover:0, Paperwall Cover
ThermalDynamics:cover:0, Paperwall Cover
ThermalDynamics:cover:0, Paperwall Cover
ThermalDynamics:cover:0, Paperwall Cover
ThermalDynamics:cover:0, Paperwall Cover
ThermalDynamics:cover:0, Paperwall Cover
ThermalDynamics:cover:0, Paperwall Cover
ThermalDynamics:cover:0, Paperwall Block Cover
ThermalDynamics:cover:0, Paperwall Block Cover
ThermalDynamics:cover:0, Paperwall Block Cover
ThermalDynamics:cover:0, Paperwall Block Cover
ThermalDynamics:cover:0, Paperwall Block Cover
ThermalDynamics:cover:0, Paperwall Block Cover
ThermalDynamics:cover:0, Paperwall Block Cover
ThermalDynamics:cover:0, Paperwall Block Cover
ThermalDynamics:cover:0, Paperwall Block Cover
ThermalDynamics:cover:0, Pumpkin Cover
ThermalDynamics:cover:0, Pumpkin Cover
ThermalDynamics:cover:0, Pumpkin Cover
ThermalDynamics:cover:0, Pumpkin Cover
ThermalDynamics:cover:0, Pumpkin Cover
ThermalDynamics:cover:0, Pumpkin Cover
ThermalDynamics:cover:0, Pumpkin Cover
ThermalDynamics:cover:0, Pumpkin Cover
ThermalDynamics:cover:0, Pumpkin Cover
ThermalDynamics:cover:0, Pumpkin Cover
ThermalDynamics:cover:0, Pumpkin Cover
ThermalDynamics:cover:0, Pumpkin Cover
ThermalDynamics:cover:0, Pumpkin Cover
ThermalDynamics:cover:0, Pumpkin Cover
ThermalDynamics:cover:0, Pumpkin Cover
ThermalDynamics:cover:0, Pumpkin Cover
ThermalDynamics:cover:0, Purpur Block Cover
ThermalDynamics:cover:0, Purpur Block Cover
ThermalDynamics:cover:0, Purpur Block Cover
ThermalDynamics:cover:0, Purpur Block Cover
ThermalDynamics:cover:0, Purpur Block Cover
ThermalDynamics:cover:0, Purpur Block Cover
ThermalDynamics:cover:0, Purpur Block Cover
ThermalDynamics:cover:0, Purpur Block Cover
ThermalDynamics:cover:0, Purpur Block Cover
ThermalDynamics:cover:0, Purpur Block Cover
ThermalDynamics:cover:0, Purpur Block Cover
ThermalDynamics:cover:0, Redstone Block Cover
ThermalDynamics:cover:0, Redstone Block Cover
ThermalDynamics:cover:0, Redstone Block Cover
ThermalDynamics:cover:0, Redstone Block Cover
ThermalDynamics:cover:0, Redstone Block Cover
ThermalDynamics:cover:0, Redstone Block Cover
ThermalDynamics:cover:0, Redstone Block Cover
ThermalDynamics:cover:0, Redstone Block Cover
ThermalDynamics:cover:0, Redstone Block Cover
ThermalDynamics:cover:0, Redstone Block Cover
ThermalDynamics:cover:0, Redstone Block Cover
ThermalDynamics:cover:0, Redstone Block Cover
ThermalDynamics:cover:0, Redstone Block Cover
ThermalDynamics:cover:0, Redstone Block Cover
ThermalDynamics:cover:0, Redstone Block Cover
ThermalDynamics:cover:0, Road Lines Cover
ThermalDynamics:cover:0, Road Lines Cover
ThermalDynamics:cover:0, Road Lines Cover
ThermalDynamics:cover:0, Road Lines Cover
ThermalDynamics:cover:0, Sandstone Cover
ThermalDynamics:cover:0, Sandstone Cover
ThermalDynamics:cover:0, Sandstone Cover
ThermalDynamics:cover:0, Sandstone Cover
ThermalDynamics:cover:0, Sandstone Cover
ThermalDynamics:cover:0, Sandstone Cover
ThermalDynamics:cover:0, Sandstone Cover
ThermalDynamics:cover:0, Sandstone Cover
ThermalDynamics:cover:0, Sandstone Cover
ThermalDynamics:cover:0, Sandstone Cover
ThermalDynamics:cover:0, Sandstone Cover
ThermalDynamics:cover:0, Sandstone Cover
ThermalDynamics:cover:0, Sandstone Cover
ThermalDynamics:cover:0, Sandstone Cover
ThermalDynamics:cover:0, Sandstone Cover
ThermalDynamics:cover:0, Sandstone Cover
ThermalDynamics:cover:0, tile.chisel.sandstone2.name Cover
ThermalDynamics:cover:0, tile.chisel.sandstone2.name Cover
ThermalDynamics:cover:0, Sandstone Scribbles Cover
ThermalDynamics:cover:0, Sandstone Scribbles Cover
ThermalDynamics:cover:0, Sandstone Scribbles Cover
ThermalDynamics:cover:0, Sandstone Scribbles Cover
ThermalDynamics:cover:0, Sandstone Scribbles Cover
ThermalDynamics:cover:0, Sandstone Scribbles Cover
ThermalDynamics:cover:0, Sandstone Scribbles Cover
ThermalDynamics:cover:0, Sandstone Scribbles Cover
ThermalDynamics:cover:0, Sandstone Scribbles Cover
ThermalDynamics:cover:0, Sandstone Scribbles Cover
ThermalDynamics:cover:0, Sandstone Scribbles Cover
ThermalDynamics:cover:0, Sandstone Scribbles Cover
ThermalDynamics:cover:0, Sandstone Scribbles Cover
ThermalDynamics:cover:0, Sandstone Scribbles Cover
ThermalDynamics:cover:0, Sandstone Scribbles Cover
ThermalDynamics:cover:0, Sandstone Scribbles Cover
ThermalDynamics:cover:0, Block of Silver Cover
ThermalDynamics:cover:0, Block of Silver Cover
ThermalDynamics:cover:0, Block of Silver Cover
ThermalDynamics:cover:0, Block of Silver Cover
ThermalDynamics:cover:0, Block of Silver Cover
ThermalDynamics:cover:0, Block of Silver Cover
ThermalDynamics:cover:0, Sand Snakestone Cover
ThermalDynamics:cover:0, Sand Snakestone Cover
ThermalDynamics:cover:0, Stone Snakestone Cover
ThermalDynamics:cover:0, Stone Snakestone Cover
ThermalDynamics:cover:0, Obsidian Snakestone Cover
ThermalDynamics:cover:0, Obsidian Snakestone Cover
ThermalDynamics:cover:0, Block of Steel Cover
ThermalDynamics:cover:0, Block of Steel Cover
ThermalDynamics:cover:0, Block of Steel Cover
ThermalDynamics:cover:0, Block of Steel Cover
ThermalDynamics:cover:0, Block of Steel Cover
ThermalDynamics:cover:0, Block of Steel Cover
ThermalDynamics:cover:0, Stone Bricks Cover
ThermalDynamics:cover:0, Stone Bricks Cover
ThermalDynamics:cover:0, Stone Bricks Cover
ThermalDynamics:cover:0, Stone Bricks Cover
ThermalDynamics:cover:0, Stone Bricks Cover
ThermalDynamics:cover:0, Stone Bricks Cover
ThermalDynamics:cover:0, Stone Bricks Cover
ThermalDynamics:cover:0, Stone Bricks Cover
ThermalDynamics:cover:0, Stone Bricks Cover
ThermalDynamics:cover:0, Stone Bricks Cover
ThermalDynamics:cover:0, Stone Bricks Cover
ThermalDynamics:cover:0, Stone Bricks Cover
ThermalDynamics:cover:0, Stone Bricks Cover
ThermalDynamics:cover:0, Stone Bricks Cover
ThermalDynamics:cover:0, Stone Bricks Cover
ThermalDynamics:cover:0, Stone Bricks Cover
ThermalDynamics:cover:0, Block of Tallow Cover
ThermalDynamics:cover:0, Block of Tallow Cover
ThermalDynamics:cover:0, Technical Block Cover
ThermalDynamics:cover:0, Technical Block Cover
ThermalDynamics:cover:0, Technical Block Cover
ThermalDynamics:cover:0, Technical Block Cover
ThermalDynamics:cover:0, Technical Block Cover
ThermalDynamics:cover:0, Technical Block Cover
ThermalDynamics:cover:0, Technical Block Cover
ThermalDynamics:cover:0, Technical Block Cover
ThermalDynamics:cover:0, Technical Block Cover
ThermalDynamics:cover:0, Technical Block Cover
ThermalDynamics:cover:0, Technical Block Cover
ThermalDynamics:cover:0, Technical Block Cover
ThermalDynamics:cover:0, Technical Block Cover
ThermalDynamics:cover:0, Technical Block Cover
ThermalDynamics:cover:0, Technical Block Cover
ThermalDynamics:cover:0, Technical Block Cover
ThermalDynamics:cover:0, Transparent Technical Block Cover
ThermalDynamics:cover:0, Transparent Technical Block Cover
ThermalDynamics:cover:0, Transparent Technical Block Cover
ThermalDynamics:cover:0, Transparent Technical Block Cover
ThermalDynamics:cover:0, Industrial Technical Block Cover
ThermalDynamics:cover:0, Industrial Technical Block Cover
ThermalDynamics:cover:0, Technical Block Cover
ThermalDynamics:cover:0, Technical Block Cover
ThermalDynamics:cover:0, Technical Block Cover
ThermalDynamics:cover:0, Technical Block Cover
ThermalDynamics:cover:0, Technical Block Cover
ThermalDynamics:cover:0, Technical Block Cover
ThermalDynamics:cover:0, Technical Block Cover
ThermalDynamics:cover:0, Technical Block Cover
ThermalDynamics:cover:0, Temple Block Cover
ThermalDynamics:cover:0, Temple Block Cover
ThermalDynamics:cover:0, Temple Block Cover
ThermalDynamics:cover:0, Temple Block Cover
ThermalDynamics:cover:0, Temple Block Cover
ThermalDynamics:cover:0, Temple Block Cover
ThermalDynamics:cover:0, Temple Block Cover
ThermalDynamics:cover:0, Temple Block Cover
ThermalDynamics:cover:0, Temple Block Cover
ThermalDynamics:cover:0, Temple Block Cover
ThermalDynamics:cover:0, Temple Block Cover
ThermalDynamics:cover:0, Temple Block Cover
ThermalDynamics:cover:0, Temple Block Cover
ThermalDynamics:cover:0, Temple Block Cover
ThermalDynamics:cover:0, Temple Block Cover
ThermalDynamics:cover:0, Temple Block Cover
ThermalDynamics:cover:0, Mossy Temple Block Cover
ThermalDynamics:cover:0, Mossy Temple Block Cover
ThermalDynamics:cover:0, Mossy Temple Block Cover
ThermalDynamics:cover:0, Mossy Temple Block Cover
ThermalDynamics:cover:0, Mossy Temple Block Cover
ThermalDynamics:cover:0, Mossy Temple Block Cover
ThermalDynamics:cover:0, Mossy Temple Block Cover
ThermalDynamics:cover:0, Mossy Temple Block Cover
ThermalDynamics:cover:0, Mossy Temple Block Cover
ThermalDynamics:cover:0, Mossy Temple Block Cover
ThermalDynamics:cover:0, Mossy Temple Block Cover
ThermalDynamics:cover:0, Mossy Temple Block Cover
ThermalDynamics:cover:0, Mossy Temple Block Cover
ThermalDynamics:cover:0, Mossy Temple Block Cover
ThermalDynamics:cover:0, Mossy Temple Block Cover
ThermalDynamics:cover:0, Mossy Temple Block Cover
ThermalDynamics:cover:0, Block of Tin Cover
ThermalDynamics:cover:0, Block of Tin Cover
ThermalDynamics:cover:0, Block of Tin Cover
ThermalDynamics:cover:0, Block of Tin Cover
ThermalDynamics:cover:0, Block of Tin Cover
ThermalDynamics:cover:0, Block of Tin Cover
ThermalDynamics:cover:0, Thaumium Block Cover
ThermalDynamics:cover:0, Thaumium Block Cover
ThermalDynamics:cover:0, Thaumium Block Cover
ThermalDynamics:cover:0, Thaumium Block Cover
ThermalDynamics:cover:0, Thaumium Block Cover
ThermalDynamics:cover:0, Thaumium Block Cover
ThermalDynamics:cover:0, Torch Cover
ThermalDynamics:cover:0, Torch Cover
ThermalDynamics:cover:0, Torch Cover
ThermalDynamics:cover:0, Torch Cover
ThermalDynamics:cover:0, Torch Cover
ThermalDynamics:cover:0, Torch Cover
ThermalDynamics:cover:0, Torch Cover
ThermalDynamics:cover:0, Torch Cover
ThermalDynamics:cover:0, Torch Cover
ThermalDynamics:cover:0, Torch Cover
ThermalDynamics:cover:0, Tyrian Cover
ThermalDynamics:cover:0, Tyrian Cover
ThermalDynamics:cover:0, Tyrian Cover
ThermalDynamics:cover:0, Tyrian Cover
ThermalDynamics:cover:0, Tyrian Cover
ThermalDynamics:cover:0, Tyrian Cover
ThermalDynamics:cover:0, Tyrian Cover
ThermalDynamics:cover:0, Tyrian Cover
ThermalDynamics:cover:0, Tyrian Cover
ThermalDynamics:cover:0, Tyrian Cover
ThermalDynamics:cover:0, Tyrian Cover
ThermalDynamics:cover:0, Tyrian Cover
ThermalDynamics:cover:0, Tyrian Cover
ThermalDynamics:cover:0, Tyrian Cover
ThermalDynamics:cover:0, Tyrian Cover
ThermalDynamics:cover:0, Tyrian Cover
ThermalDynamics:cover:0, Block of Uranium Cover
ThermalDynamics:cover:0, Block of Uranium Cover
ThermalDynamics:cover:0, Block of Uranium Cover
ThermalDynamics:cover:0, Block of Uranium Cover
ThermalDynamics:cover:0, Block of Uranium Cover
ThermalDynamics:cover:0, Block of Uranium Cover
ThermalDynamics:cover:0, Valentines Block Cover
ThermalDynamics:cover:0, Valentines Block Cover
ThermalDynamics:cover:0, Valentines Block Cover
ThermalDynamics:cover:0, Valentines Block Cover
ThermalDynamics:cover:0, Valentines Block Cover
ThermalDynamics:cover:0, Valentines Block Cover
ThermalDynamics:cover:0, Valentines Block Cover
ThermalDynamics:cover:0, Valentines Block Cover
ThermalDynamics:cover:0, Valentines Block Cover
ThermalDynamics:cover:0, Valentines Block Cover
ThermalDynamics:cover:0, Voidstone Cover
ThermalDynamics:cover:0, Voidstone Cover
ThermalDynamics:cover:0, Voidstone Cover
ThermalDynamics:cover:0, Voidstone Cover
ThermalDynamics:cover:0, Voidstone Cover
ThermalDynamics:cover:0, Voidstone Cover
ThermalDynamics:cover:0, Voidstone Cover
ThermalDynamics:cover:0, Voidstone Cover
ThermalDynamics:cover:0, Energised Voidstone Cover
ThermalDynamics:cover:0, Energised Voidstone Cover
ThermalDynamics:cover:0, Energised Voidstone Cover
ThermalDynamics:cover:0, Energised Voidstone Cover
ThermalDynamics:cover:0, Energised Voidstone Cover
ThermalDynamics:cover:0, Energised Voidstone Cover
ThermalDynamics:cover:0, Energised Voidstone Cover
ThermalDynamics:cover:0, Energised Voidstone Cover
ThermalDynamics:cover:0, Runic Voidstone Cover
ThermalDynamics:cover:0, Runic Voidstone Cover
ThermalDynamics:cover:0, Runic Voidstone Cover
ThermalDynamics:cover:0, Runic Voidstone Cover
ThermalDynamics:cover:0, Runic Voidstone Cover
ThermalDynamics:cover:0, Runic Voidstone Cover
ThermalDynamics:cover:0, Runic Voidstone Cover
ThermalDynamics:cover:0, Runic Voidstone Cover
ThermalDynamics:cover:0, Runic Voidstone Cover
ThermalDynamics:cover:0, Runic Voidstone Cover
ThermalDynamics:cover:0, Runic Voidstone Cover
ThermalDynamics:cover:0, Runic Voidstone Cover
ThermalDynamics:cover:0, Runic Voidstone Cover
ThermalDynamics:cover:0, Runic Voidstone Cover
ThermalDynamics:cover:0, Runic Voidstone Cover
ThermalDynamics:cover:0, Voidstone Pillar Cover
ThermalDynamics:cover:0, Energised Voidstone Pillar Cover
ThermalDynamics:cover:0, Warning Sign Cover
ThermalDynamics:cover:0, Warning Sign Cover
ThermalDynamics:cover:0, Warning Sign Cover
ThermalDynamics:cover:0, Warning Sign Cover
ThermalDynamics:cover:0, Warning Sign Cover
ThermalDynamics:cover:0, Warning Sign Cover
ThermalDynamics:cover:0, Warning Sign Cover
ThermalDynamics:cover:0, Warning Sign Cover
ThermalDynamics:cover:0, Warning Sign Cover
ThermalDynamics:cover:0, Warning Sign Cover
ThermalDynamics:cover:0, Warning Sign Cover
ThermalDynamics:cover:0, Warning Sign Cover
ThermalDynamics:cover:0, Warning Sign Cover
ThermalDynamics:cover:0, Warning Sign Cover
ThermalDynamics:cover:0, Warning Sign Cover
ThermalDynamics:cover:0, Waterstone Cover
ThermalDynamics:cover:0, Waterstone Cover
ThermalDynamics:cover:0, Waterstone Cover
ThermalDynamics:cover:0, Waterstone Cover
ThermalDynamics:cover:0, Waterstone Cover
ThermalDynamics:cover:0, Waterstone Cover
ThermalDynamics:cover:0, Waterstone Cover
ThermalDynamics:cover:0, Oak Wood Planks Cover
ThermalDynamics:cover:0, Oak Wood Planks Cover
ThermalDynamics:cover:0, Oak Wood Planks Cover
ThermalDynamics:cover:0, Oak Wood Planks Cover
ThermalDynamics:cover:0, Oak Wood Planks Cover
ThermalDynamics:cover:0, Oak Wood Planks Cover
ThermalDynamics:cover:0, Oak Wood Planks Cover
ThermalDynamics:cover:0, Oak Wood Planks Cover
ThermalDynamics:cover:0, Oak Wood Planks Cover
ThermalDynamics:cover:0, Oak Wood Planks Cover
ThermalDynamics:cover:0, Oak Wood Planks Cover
ThermalDynamics:cover:0, Oak Wood Planks Cover
ThermalDynamics:cover:0, Oak Wood Planks Cover
ThermalDynamics:cover:0, Oak Wood Planks Cover
ThermalDynamics:cover:0, Oak Wood Planks Cover
ThermalDynamics:cover:0, Spruce Wood Planks Cover
ThermalDynamics:cover:0, Spruce Wood Planks Cover
ThermalDynamics:cover:0, Spruce Wood Planks Cover
ThermalDynamics:cover:0, Spruce Wood Planks Cover
ThermalDynamics:cover:0, Spruce Wood Planks Cover
ThermalDynamics:cover:0, Spruce Wood Planks Cover
ThermalDynamics:cover:0, Spruce Wood Planks Cover
ThermalDynamics:cover:0, Spruce Wood Planks Cover
ThermalDynamics:cover:0, Spruce Wood Planks Cover
ThermalDynamics:cover:0, Spruce Wood Planks Cover
ThermalDynamics:cover:0, Spruce Wood Planks Cover
ThermalDynamics:cover:0, Spruce Wood Planks Cover
ThermalDynamics:cover:0, Spruce Wood Planks Cover
ThermalDynamics:cover:0, Spruce Wood Planks Cover
ThermalDynamics:cover:0, Spruce Wood Planks Cover
ThermalDynamics:cover:0, Birch Wood Planks Cover
ThermalDynamics:cover:0, Birch Wood Planks Cover
ThermalDynamics:cover:0, Birch Wood Planks Cover
ThermalDynamics:cover:0, Birch Wood Planks Cover
ThermalDynamics:cover:0, Birch Wood Planks Cover
ThermalDynamics:cover:0, Birch Wood Planks Cover
ThermalDynamics:cover:0, Birch Wood Planks Cover
ThermalDynamics:cover:0, Birch Wood Planks Cover
ThermalDynamics:cover:0, Birch Wood Planks Cover
ThermalDynamics:cover:0, Birch Wood Planks Cover
ThermalDynamics:cover:0, Birch Wood Planks Cover
ThermalDynamics:cover:0, Birch Wood Planks Cover
ThermalDynamics:cover:0, Birch Wood Planks Cover
ThermalDynamics:cover:0, Birch Wood Planks Cover
ThermalDynamics:cover:0, Birch Wood Planks Cover
ThermalDynamics:cover:0, Jungle Wood Planks Cover
ThermalDynamics:cover:0, Jungle Wood Planks Cover
ThermalDynamics:cover:0, Jungle Wood Planks Cover
ThermalDynamics:cover:0, Jungle Wood Planks Cover
ThermalDynamics:cover:0, Jungle Wood Planks Cover
ThermalDynamics:cover:0, Jungle Wood Planks Cover
ThermalDynamics:cover:0, Jungle Wood Planks Cover
ThermalDynamics:cover:0, Jungle Wood Planks Cover
ThermalDynamics:cover:0, Jungle Wood Planks Cover
ThermalDynamics:cover:0, Jungle Wood Planks Cover
ThermalDynamics:cover:0, Jungle Wood Planks Cover
ThermalDynamics:cover:0, Jungle Wood Planks Cover
ThermalDynamics:cover:0, Jungle Wood Planks Cover
ThermalDynamics:cover:0, Jungle Wood Planks Cover
ThermalDynamics:cover:0, Jungle Wood Planks Cover
ThermalDynamics:cover:0, Acacia Wood Planks Cover
ThermalDynamics:cover:0, Acacia Wood Planks Cover
ThermalDynamics:cover:0, Acacia Wood Planks Cover
ThermalDynamics:cover:0, Acacia Wood Planks Cover
ThermalDynamics:cover:0, Acacia Wood Planks Cover
ThermalDynamics:cover:0, Acacia Wood Planks Cover
ThermalDynamics:cover:0, Acacia Wood Planks Cover
ThermalDynamics:cover:0, Acacia Wood Planks Cover
ThermalDynamics:cover:0, Acacia Wood Planks Cover
ThermalDynamics:cover:0, Acacia Wood Planks Cover
ThermalDynamics:cover:0, Acacia Wood Planks Cover
ThermalDynamics:cover:0, Acacia Wood Planks Cover
ThermalDynamics:cover:0, Acacia Wood Planks Cover
ThermalDynamics:cover:0, Acacia Wood Planks Cover
ThermalDynamics:cover:0, Acacia Wood Planks Cover
ThermalDynamics:cover:0, Dark Oak Wood Planks Cover
ThermalDynamics:cover:0, Dark Oak Wood Planks Cover
ThermalDynamics:cover:0, Dark Oak Wood Planks Cover
ThermalDynamics:cover:0, Dark Oak Wood Planks Cover
ThermalDynamics:cover:0, Dark Oak Wood Planks Cover
ThermalDynamics:cover:0, Dark Oak Wood Planks Cover
ThermalDynamics:cover:0, Dark Oak Wood Planks Cover
ThermalDynamics:cover:0, Dark Oak Wood Planks Cover
ThermalDynamics:cover:0, Dark Oak Wood Planks Cover
ThermalDynamics:cover:0, Dark Oak Wood Planks Cover
ThermalDynamics:cover:0, Dark Oak Wood Planks Cover
ThermalDynamics:cover:0, Dark Oak Wood Planks Cover
ThermalDynamics:cover:0, Dark Oak Wood Planks Cover
ThermalDynamics:cover:0, Dark Oak Wood Planks Cover
ThermalDynamics:cover:0, Dark Oak Wood Planks Cover
ThermalDynamics:cover:0, Woolen Clay Cover
ThermalDynamics:cover:0, Woolen Clay Cover
ThermalDynamics:cover:0, Woolen Clay Cover
ThermalDynamics:cover:0, Woolen Clay Cover
ThermalDynamics:cover:0, Woolen Clay Cover
ThermalDynamics:cover:0, Woolen Clay Cover
ThermalDynamics:cover:0, Woolen Clay Cover
ThermalDynamics:cover:0, Woolen Clay Cover
ThermalDynamics:cover:0, Woolen Clay Cover
ThermalDynamics:cover:0, Woolen Clay Cover
ThermalDynamics:cover:0, Woolen Clay Cover
ThermalDynamics:cover:0, Woolen Clay Cover
ThermalDynamics:cover:0, Woolen Clay Cover
ThermalDynamics:cover:0, Woolen Clay Cover
ThermalDynamics:cover:0, Woolen Clay Cover
ThermalDynamics:cover:0, Woolen Clay Cover
ThermalDynamics:cover:0, Dark Steel Anvil Cover
ThermalDynamics:cover:0, Dark Steel Anvil Cover
ThermalDynamics:cover:0, Dark Steel Anvil Cover
ThermalDynamics:cover:0, Dark Steel Ladder Cover
ThermalDynamics:cover:0, Reinforced Obsidian Cover
ThermalDynamics:cover:0, Ender Rail Cover
ThermalDynamics:cover:0, tile.blockConduitFacade.name Cover
ThermalDynamics:cover:0, Nutrient Distillation Cover
ThermalDynamics:cover:0, Hootch Cover
ThermalDynamics:cover:0, Rocket Fuel Cover
ThermalDynamics:cover:0, Fire Water Cover
ThermalDynamics:cover:0, Liquid Sunshine Cover
ThermalDynamics:cover:0, Cloud Seed Cover
ThermalDynamics:cover:0, Concentrated Cloud Seed Cover
ThermalDynamics:cover:0, Electrical Steel Block Cover
ThermalDynamics:cover:0, Energetic Alloy Block Cover
ThermalDynamics:cover:0, Vibrant Alloy Block Cover
ThermalDynamics:cover:0, Redstone Alloy Block Cover
ThermalDynamics:cover:0, Conductive Iron Block Cover
ThermalDynamics:cover:0, Pulsating Iron Block Cover
ThermalDynamics:cover:0, Dark Steel Block Cover
ThermalDynamics:cover:0, Soularium Block Cover
ThermalDynamics:cover:0, Dark Iron Bars Cover
ThermalDynamics:cover:0, Zinc Ore Cover
ThermalDynamics:cover:0, Zinc Block Cover
ThermalDynamics:cover:0, Tungsten Ore Cover
ThermalDynamics:cover:0, Tungsten Block Cover
ThermalDynamics:cover:0, tile.ConveyorCraft:liquid.oil.name Cover
ThermalDynamics:cover:0, tile.ConveyorCraft:liquid.gasoline.name Cover
ThermalDynamics:cover:0, tile.ConveyorCraft:liquid.biomass.name Cover
ThermalDynamics:cover:0, Aether Portal Cover
ThermalDynamics:cover:0, Holystone Cover
ThermalDynamics:cover:0, Mossy Holystone Cover
ThermalDynamics:cover:0, Aether Dirt Cover
ThermalDynamics:cover:0, Aether Grass Cover
ThermalDynamics:cover:0, Enchanted Grass Cover
ThermalDynamics:cover:0, Enchanted Aether Grass Cover
ThermalDynamics:cover:0, Quicksoil Cover
ThermalDynamics:cover:0, Icestone Cover
ThermalDynamics:cover:0, Cold Aercloud Cover
ThermalDynamics:cover:0, Blue Aercloud Cover
ThermalDynamics:cover:0, Golden Aercloud Cover
ThermalDynamics:cover:0, Green Aercloud Cover
ThermalDynamics:cover:0, Storm Aercloud Cover
ThermalDynamics:cover:0, Purple Aercloud Cover
ThermalDynamics:cover:0, Aerogel Cover
ThermalDynamics:cover:0, Skyroot Log Cover
ThermalDynamics:cover:0, Golden Oak Log Cover
ThermalDynamics:cover:0, Skyroot Plank Cover
ThermalDynamics:cover:0, Green Skyroot Leaves Cover
ThermalDynamics:cover:0, Golden Oak Leaves Cover
ThermalDynamics:cover:0, Green Skyroot Sapling Cover
ThermalDynamics:cover:0, Golden Oak Sapling Cover
ThermalDynamics:cover:0, Ambrosium Ore Cover
ThermalDynamics:cover:0, Ambrosium Torch Cover
ThermalDynamics:cover:0, Zanite Ore Cover
ThermalDynamics:cover:0, Gravitite Ore Cover
ThermalDynamics:cover:0, Enchanted Gravitite Cover
ThermalDynamics:cover:0, tile.trap0.name Cover
ThermalDynamics:cover:0, Carved Stone Cover
ThermalDynamics:cover:0, Sentry Stone Cover
ThermalDynamics:cover:0, Divine Carved Stone Cover
ThermalDynamics:cover:0, Divine Sentry Stone Cover
ThermalDynamics:cover:0, White Gold Pillar Cover
ThermalDynamics:cover:0, White Gold Carved Pillar Cover
ThermalDynamics:cover:0, Labyrinth Pillar Cover
ThermalDynamics:cover:0, Carved Labyrinth Pillar Cover
ThermalDynamics:cover:0, Zanite Block Cover
ThermalDynamics:cover:0, Quicksoil Glass Cover
ThermalDynamics:cover:0, White Rose Cover
ThermalDynamics:cover:0, Purple Flower Cover
ThermalDynamics:cover:0, Present Cover
ThermalDynamics:cover:0, Berry Bush Cover
ThermalDynamics:cover:0, Berry Bush Stem Cover
ThermalDynamics:cover:0, Holystone Stairs Cover
ThermalDynamics:cover:0, Mossy Holystone Stairs Cover
ThermalDynamics:cover:0, Icestone Stairs Cover
ThermalDynamics:cover:0, Skyroot Stairs Cover
ThermalDynamics:cover:0, Carved Stone Stairs Cover
ThermalDynamics:cover:0, Holystone Wall Cover
ThermalDynamics:cover:0, Mossy Holystone Wall Cover
ThermalDynamics:cover:0, Icestone Wall Cover
ThermalDynamics:cover:0, Skyroot Fence Cover
ThermalDynamics:cover:0, Carved Stone Wall Cover
ThermalDynamics:cover:0, Holystone Brick Cover
ThermalDynamics:cover:0, Skyroot Log Wall Cover
ThermalDynamics:cover:0, Tall Aether Grass Cover
ThermalDynamics:cover:0, Dark Blue Skyroot Leaves Cover
ThermalDynamics:cover:0, Blue Skyroot Leaves Cover
ThermalDynamics:cover:0, Blue Skyroot Sapling Cover
ThermalDynamics:cover:0, Purple Crystal Leaves Cover
ThermalDynamics:cover:0, Purple Fruit Leaves Cover
ThermalDynamics:cover:0, Purple Crystal Sapling Cover
ThermalDynamics:cover:0, Orange Tree Cover
ThermalDynamics:cover:0, Continuum Ore Cover
ThermalDynamics:cover:0, Dark Blue Skyroot Sapling Cover
ThermalDynamics:cover:0, Skyroot Crafting Table Cover
ThermalDynamics:cover:0, Blood Moss Holystone Cover
ThermalDynamics:cover:0, Divine Carved Stone Wall Cover
ThermalDynamics:cover:0, Divine Carved Stone Stairs Cover
ThermalDynamics:cover:0, tile.coldFire.name Cover
ThermalDynamics:cover:0, tile.skyrootDoor.name Cover
ThermalDynamics:cover:0, Skyroot Fence Gate Cover
ThermalDynamics:cover:0, Aerogel Stairs Cover
ThermalDynamics:cover:0, Sentry Stone Stairs Cover
ThermalDynamics:cover:0, Holystone Brick Stairs Cover
ThermalDynamics:cover:0, Divine Sentry Stone Stairs Cover
ThermalDynamics:cover:0, Aerogel Wall Cover
ThermalDynamics:cover:0, Sentry Stone Wall Cover
ThermalDynamics:cover:0, Holystone Brick Wall Cover
ThermalDynamics:cover:0, Divine Sentry Stone Wall Cover
ThermalDynamics:cover:0, Skyroot Ladder Cover
ThermalDynamics:cover:0, tile.skyrootBed.name Cover
ThermalDynamics:cover:0, Protection Stone Cover
ThermalDynamics:cover:0, Skyroot Trap Door Cover
ThermalDynamics:cover:0, Skyroot Bookshelf Cover
ThermalDynamics:cover:0, Quicksoil Glass Pane Cover
ThermalDynamics:cover:0, Holystone Headstone Cover
ThermalDynamics:cover:0, Holystone Keystone Cover
ThermalDynamics:cover:0, Holystone Highlight Cover
ThermalDynamics:cover:0, Skyroot Slab Cover
ThermalDynamics:cover:0, Skyroot Slab Cover
ThermalDynamics:cover:0, Holystone Slab Cover
ThermalDynamics:cover:0, Holystone Slab Cover
ThermalDynamics:cover:0, Mossy Holystone Slab Cover
ThermalDynamics:cover:0, Mossy Holystone Slab Cover
ThermalDynamics:cover:0, Icestone Slab Cover
ThermalDynamics:cover:0, Icestone Slab Cover
ThermalDynamics:cover:0, Holystone Brick Slab Cover
ThermalDynamics:cover:0, Holystone Brick Slab Cover
ThermalDynamics:cover:0, Carved Stone Slab Cover
ThermalDynamics:cover:0, Carved Stone Slab Cover
ThermalDynamics:cover:0, Sentry Stone Slab Cover
ThermalDynamics:cover:0, Sentry Stone Slab Cover
ThermalDynamics:cover:0, Divine Carved Stone Slab Cover
ThermalDynamics:cover:0, Divine Carved Stone Slab Cover
ThermalDynamics:cover:0, Divine Sentry Stone Slab Cover
ThermalDynamics:cover:0, Divine Sentry Stone Slab Cover
ThermalDynamics:cover:0, Aerogel Slab Cover
ThermalDynamics:cover:0, Aerogel Slab Cover
ThermalDynamics:cover:0, Mining Portal Cover
ThermalDynamics:cover:0, Portal Frame Cover
ThermalDynamics:cover:0, Sticky Ore Cover
ThermalDynamics:cover:0, Mystical White Flower Cover
ThermalDynamics:cover:0, Mystical Orange Flower Cover
ThermalDynamics:cover:0, Mystical Magenta Flower Cover
ThermalDynamics:cover:0, Mystical Light Blue Flower Cover
ThermalDynamics:cover:0, Mystical Yellow Flower Cover
ThermalDynamics:cover:0, Mystical Lime Flower Cover
ThermalDynamics:cover:0, Mystical Pink Flower Cover
ThermalDynamics:cover:0, Mystical Gray Flower Cover
ThermalDynamics:cover:0, Mystical Light Gray Flower Cover
ThermalDynamics:cover:0, Mystical Cyan Flower Cover
ThermalDynamics:cover:0, Mystical Purple Flower Cover
ThermalDynamics:cover:0, Mystical Blue Flower Cover
ThermalDynamics:cover:0, Mystical Brown Flower Cover
ThermalDynamics:cover:0, Mystical Green Flower Cover
ThermalDynamics:cover:0, Mystical Red Flower Cover
ThermalDynamics:cover:0, Mystical Black Flower Cover
ThermalDynamics:cover:0, Livingrock Cover
ThermalDynamics:cover:0, Livingrock Brick Cover
ThermalDynamics:cover:0, Mossy Livingrock Brick Cover
ThermalDynamics:cover:0, Cracked Livingrock Brick Cover
ThermalDynamics:cover:0, Chiseled Livingrock Brick Cover
ThermalDynamics:cover:0, Livingwood Cover
ThermalDynamics:cover:0, Livingwood Planks Cover
ThermalDynamics:cover:0, Mossy Livingwood Planks Cover
ThermalDynamics:cover:0, Framed Livingwood Cover
ThermalDynamics:cover:0, Pattern Framed Livingwood Cover
ThermalDynamics:cover:0, Glimmering Livingwood Cover
ThermalDynamics:cover:0, White Unstable Cube Cover
ThermalDynamics:cover:0, Orange Unstable Cube Cover
ThermalDynamics:cover:0, Magenta Unstable Cube Cover
ThermalDynamics:cover:0, Light Blue Unstable Cube Cover
ThermalDynamics:cover:0, Yellow Unstable Cube Cover
ThermalDynamics:cover:0, Lime Unstable Cube Cover
ThermalDynamics:cover:0, Pink Unstable Cube Cover
ThermalDynamics:cover:0, Gray Unstable Cube Cover
ThermalDynamics:cover:0, Light Gray Unstable Cube Cover
ThermalDynamics:cover:0, Cyan Unstable Cube Cover
ThermalDynamics:cover:0, Purple Unstable Cube Cover
ThermalDynamics:cover:0, Blue Unstable Cube Cover
ThermalDynamics:cover:0, Brown Unstable Cube Cover
ThermalDynamics:cover:0, Green Unstable Cube Cover
ThermalDynamics:cover:0, Red Unstable Cube Cover
ThermalDynamics:cover:0, Black Unstable Cube Cover
ThermalDynamics:cover:0, Force Relay Cover
ThermalDynamics:cover:0, Alchemy Catalyst Cover
ThermalDynamics:cover:0, Block of Manasteel Cover
ThermalDynamics:cover:0, Block of Terrasteel Cover
ThermalDynamics:cover:0, Block of Elementium Cover
ThermalDynamics:cover:0, Block of Mana Diamond Cover
ThermalDynamics:cover:0, Block of Dragonstone Cover
ThermalDynamics:cover:0, Drum of the Wild Cover
ThermalDynamics:cover:0, Drum of the Gathering Cover
ThermalDynamics:cover:0, Drum of the Canopy Cover
ThermalDynamics:cover:0, Glimmering White Flower Cover
ThermalDynamics:cover:0, Glimmering Orange Flower Cover
ThermalDynamics:cover:0, Glimmering Magenta Flower Cover
ThermalDynamics:cover:0, Glimmering Light Blue Flower Cover
ThermalDynamics:cover:0, Glimmering Yellow Flower Cover
ThermalDynamics:cover:0, Glimmering Lime Flower Cover
ThermalDynamics:cover:0, Glimmering Pink Flower Cover
ThermalDynamics:cover:0, Glimmering Gray Flower Cover
ThermalDynamics:cover:0, Glimmering Light Gray Flower Cover
ThermalDynamics:cover:0, Glimmering Cyan Flower Cover
ThermalDynamics:cover:0, Glimmering Purple Flower Cover
ThermalDynamics:cover:0, Glimmering Blue Flower Cover
ThermalDynamics:cover:0, Glimmering Brown Flower Cover
ThermalDynamics:cover:0, Glimmering Green Flower Cover
ThermalDynamics:cover:0, Glimmering Red Flower Cover
ThermalDynamics:cover:0, Glimmering Black Flower Cover
ThermalDynamics:cover:0, Dreamwood Cover
ThermalDynamics:cover:0, Dreamwood Planks Cover
ThermalDynamics:cover:0, Mossy Dreamwood Planks Cover
ThermalDynamics:cover:0, Framed Dreamwood Cover
ThermalDynamics:cover:0, Pattern Framed Dreamwood Cover
ThermalDynamics:cover:0, Glimmering Dreamwood Cover
ThermalDynamics:cover:0, Conjuration Catalyst Cover
ThermalDynamics:cover:0, tile.botania:solidVine.name Cover
ThermalDynamics:cover:0, Buried White Petal Cover
ThermalDynamics:cover:0, Buried Orange Petal Cover
ThermalDynamics:cover:0, Buried Magenta Petal Cover
ThermalDynamics:cover:0, Buried Light Blue Petal Cover
ThermalDynamics:cover:0, Buried Yellow Petal Cover
ThermalDynamics:cover:0, Buried Lime Petal Cover
ThermalDynamics:cover:0, Buried Pink Petal Cover
ThermalDynamics:cover:0, Buried Gray Petal Cover
ThermalDynamics:cover:0, Buried Light Gray Petal Cover
ThermalDynamics:cover:0, Buried Cyan Petal Cover
ThermalDynamics:cover:0, Buried Purple Petal Cover
ThermalDynamics:cover:0, Buried Blue Petal Cover
ThermalDynamics:cover:0, Buried Brown Petal Cover
ThermalDynamics:cover:0, Buried Green Petal Cover
ThermalDynamics:cover:0, Buried Red Petal Cover
ThermalDynamics:cover:0, Buried Black Petal Cover
ThermalDynamics:cover:0, Prismarine Cover
ThermalDynamics:cover:0, Prismarine Bricks Cover
ThermalDynamics:cover:0, Dark Prismarine Cover
ThermalDynamics:cover:0, Sea Lantern Cover
ThermalDynamics:cover:0, Reed Block Cover
ThermalDynamics:cover:0, Thatch Cover
ThermalDynamics:cover:0, Hellish Brick Cover
ThermalDynamics:cover:0, Soul Brick Cover
ThermalDynamics:cover:0, Frosty Brick Cover
ThermalDynamics:cover:0, Roof Tile Cover
ThermalDynamics:cover:0, Azulejo Cover
ThermalDynamics:cover:0, Azulejo Cover
ThermalDynamics:cover:0, Azulejo Cover
ThermalDynamics:cover:0, Azulejo Cover
ThermalDynamics:cover:0, Azulejo Cover
ThermalDynamics:cover:0, Azulejo Cover
ThermalDynamics:cover:0, Azulejo Cover
ThermalDynamics:cover:0, Azulejo Cover
ThermalDynamics:cover:0, Azulejo Cover
ThermalDynamics:cover:0, Azulejo Cover
ThermalDynamics:cover:0, Azulejo Cover
ThermalDynamics:cover:0, Azulejo Cover
ThermalDynamics:cover:0, Alfglass Cover
ThermalDynamics:cover:0, Managlass Cover
ThermalDynamics:cover:0, Trodden Dirt Cover
ThermalDynamics:cover:0, Enchanted Soil Cover
ThermalDynamics:cover:0, White Petal Block Cover
ThermalDynamics:cover:0, Orange Petal Block Cover
ThermalDynamics:cover:0, Magenta Petal Block Cover
ThermalDynamics:cover:0, Light Blue Petal Block Cover
ThermalDynamics:cover:0, Yellow Petal Block Cover
ThermalDynamics:cover:0, Lime Petal Block Cover
ThermalDynamics:cover:0, Pink Petal Block Cover
ThermalDynamics:cover:0, Gray Petal Block Cover
ThermalDynamics:cover:0, Light Gray Petal Block Cover
ThermalDynamics:cover:0, Cyan Petal Block Cover
ThermalDynamics:cover:0, Purple Petal Block Cover
ThermalDynamics:cover:0, Blue Petal Block Cover
ThermalDynamics:cover:0, Brown Petal Block Cover
ThermalDynamics:cover:0, Green Petal Block Cover
ThermalDynamics:cover:0, Red Petal Block Cover
ThermalDynamics:cover:0, Black Petal Block Cover
ThermalDynamics:cover:0, End Stone Bricks Cover
ThermalDynamics:cover:0, Chiseled End Stone Brick Cover
ThermalDynamics:cover:0, Ender Bricks Cover
ThermalDynamics:cover:0, Pillar Ender Bricks Cover
ThermalDynamics:cover:0, White Shimmering Mushroom Cover
ThermalDynamics:cover:0, Orange Shimmering Mushroom Cover
ThermalDynamics:cover:0, Magenta Shimmering Mushroom Cover
ThermalDynamics:cover:0, Light Blue Shimmering Mushroom Cover
ThermalDynamics:cover:0, Yellow Shimmering Mushroom Cover
ThermalDynamics:cover:0, Lime Shimmering Mushroom Cover
ThermalDynamics:cover:0, Pink Shimmering Mushroom Cover
ThermalDynamics:cover:0, Gray Shimmering Mushroom Cover
ThermalDynamics:cover:0, Light Gray Shimmering Mushroom Cover
ThermalDynamics:cover:0, Cyan Shimmering Mushroom Cover
ThermalDynamics:cover:0, Purple Shimmering Mushroom Cover
ThermalDynamics:cover:0, Blue Shimmering Mushroom Cover
ThermalDynamics:cover:0, Brown Shimmering Mushroom Cover
ThermalDynamics:cover:0, Green Shimmering Mushroom Cover
ThermalDynamics:cover:0, Red Shimmering Mushroom Cover
ThermalDynamics:cover:0, Black Shimmering Mushroom Cover
ThermalDynamics:cover:0, Tall Mystical White Flower Cover
ThermalDynamics:cover:0, Tall Mystical Orange Flower Cover
ThermalDynamics:cover:0, Tall Mystical Magenta Flower Cover
ThermalDynamics:cover:0, Tall Mystical Light Blue Flower Cover
ThermalDynamics:cover:0, Tall Mystical Yellow Flower Cover
ThermalDynamics:cover:0, Tall Mystical Lime Flower Cover
ThermalDynamics:cover:0, Tall Mystical Pink Flower Cover
ThermalDynamics:cover:0, Tall Mystical Gray Flower Cover
ThermalDynamics:cover:0, Tall Mystical Light Gray Flower Cover
ThermalDynamics:cover:0, Tall Mystical Cyan Flower Cover
ThermalDynamics:cover:0, Tall Mystical Purple Flower Cover
ThermalDynamics:cover:0, Tall Mystical Blue Flower Cover
ThermalDynamics:cover:0, Tall Mystical Brown Flower Cover
ThermalDynamics:cover:0, Tall Mystical Green Flower Cover
ThermalDynamics:cover:0, Tall Mystical Red Flower Cover
ThermalDynamics:cover:0, Tall Mystical Black Flower Cover
ThermalDynamics:cover:0, Blaze Lamp Cover
ThermalDynamics:cover:0, Spectral Rail Cover
ThermalDynamics:cover:0, Living Root Cover
ThermalDynamics:cover:0, Fel Pumpkin Cover
ThermalDynamics:cover:0, Luminizer Launcher Cover
ThermalDynamics:cover:0, Manastorm Charge Cover
ThermalDynamics:cover:0, Bifrost Block Cover
ThermalDynamics:cover:0, Shimmerrock Cover
ThermalDynamics:cover:0, Shimmerwood Planks Cover
ThermalDynamics:cover:0, Dry Grass Cover
ThermalDynamics:cover:0, Golden Grass Cover
ThermalDynamics:cover:0, Vivid Grass Cover
ThermalDynamics:cover:0, Scorched Grass Cover
ThermalDynamics:cover:0, Infused Grass Cover
ThermalDynamics:cover:0, Mutated Grass Cover
ThermalDynamics:cover:0, Livingwood Stairs Cover
ThermalDynamics:cover:0, Livingwood Wall Cover
ThermalDynamics:cover:0, Livingwood Plank Stairs Cover
ThermalDynamics:cover:0, Livingrock Stairs Cover
ThermalDynamics:cover:0, Livingrock Wall Cover
ThermalDynamics:cover:0, Livingrock Brick Stairs Cover
ThermalDynamics:cover:0, Dreamwood Stairs Cover
ThermalDynamics:cover:0, Dreamwood Wall Cover
ThermalDynamics:cover:0, Dreamwood Plank Stairs Cover
ThermalDynamics:cover:0, Prismarine Stairs Cover
ThermalDynamics:cover:0, Prismarine Wall Cover
ThermalDynamics:cover:0, Prismarine Brick Stairs Cover
ThermalDynamics:cover:0, Dark Prismarine Stairs Cover
ThermalDynamics:cover:0, Reed Stairs Cover
ThermalDynamics:cover:0, Reed Block Wall Cover
ThermalDynamics:cover:0, Thatch Stairs Cover
ThermalDynamics:cover:0, Hellish Brick Stairs Cover
ThermalDynamics:cover:0, Soul Brick Stairs Cover
ThermalDynamics:cover:0, Frosty Brick Stairs Cover
ThermalDynamics:cover:0, Roof Tile Stairs Cover
ThermalDynamics:cover:0, Metamorphic Forest Stone Cover
ThermalDynamics:cover:0, Metamorphic Plains Stone Cover
ThermalDynamics:cover:0, Metamorphic Mountain Stone Cover
ThermalDynamics:cover:0, Metamorphic Fungal Stone Cover
ThermalDynamics:cover:0, Metamorphic Swamp Stone Cover
ThermalDynamics:cover:0, Metamorphic Desert Stone Cover
ThermalDynamics:cover:0, Metamorphic Taiga Stone Cover
ThermalDynamics:cover:0, Metamorphic Mesa Stone Cover
ThermalDynamics:cover:0, Metamorphic Forest Cobblestone Cover
ThermalDynamics:cover:0, Metamorphic Plains Cobblestone Cover
ThermalDynamics:cover:0, Metamorphic Mountain Cobblestone Cover
ThermalDynamics:cover:0, Metamorphic Fungal Cobblestone Cover
ThermalDynamics:cover:0, Metamorphic Swamp Cobblestone Cover
ThermalDynamics:cover:0, Metamorphic Desert Cobblestone Cover
ThermalDynamics:cover:0, Metamorphic Taiga Cobblestone Cover
ThermalDynamics:cover:0, Metamorphic Mesa Cobblestone Cover
ThermalDynamics:cover:0, Metamorphic Forest Stone Bricks Cover
ThermalDynamics:cover:0, Metamorphic Plains Stone Bricks Cover
ThermalDynamics:cover:0, Metamorphic Mountain Stone Bricks Cover
ThermalDynamics:cover:0, Metamorphic Fungal Stone Bricks Cover
ThermalDynamics:cover:0, Metamorphic Swamp Stone Bricks Cover
ThermalDynamics:cover:0, Metamorphic Desert Stone Bricks Cover
ThermalDynamics:cover:0, Metamorphic Taiga Stone Bricks Cover
ThermalDynamics:cover:0, Metamorphic Mesa Stone Bricks Cover
ThermalDynamics:cover:0, Chiseled Metamorphic Forest Stone Brick Cover
ThermalDynamics:cover:0, Chiseled Metamorphic Plains Stone Brick Cover
ThermalDynamics:cover:0, Chiseled Metamorphic Mountain Stone Brick Cover
ThermalDynamics:cover:0, Chiseled Metamorphic Fungal Stone Brick Cover
ThermalDynamics:cover:0, Chiseled Metamorphic Swamp Stone Brick Cover
ThermalDynamics:cover:0, Chiseled Metamorphic Desert Stone Brick Cover
ThermalDynamics:cover:0, Chiseled Metamorphic Taiga Stone Brick Cover
ThermalDynamics:cover:0, Chiseled Metamorphic Mesa Stone Brick Cover
ThermalDynamics:cover:0, Andesite Cover
ThermalDynamics:cover:0, Basalt Cover
ThermalDynamics:cover:0, Diorite Cover
ThermalDynamics:cover:0, Granite Cover
ThermalDynamics:cover:0, Polished Andesite Cover
ThermalDynamics:cover:0, Polished Basalt Cover
ThermalDynamics:cover:0, Polished Diorite Cover
ThermalDynamics:cover:0, Polished Granite Cover
ThermalDynamics:cover:0, Andesite Bricks Cover
ThermalDynamics:cover:0, Basalt Bricks Cover
ThermalDynamics:cover:0, Diorite Bricks Cover
ThermalDynamics:cover:0, Granite Bricks Cover
ThermalDynamics:cover:0, Chiseled Andesite Brick Cover
ThermalDynamics:cover:0, Chiseled Basalt Brick Cover
ThermalDynamics:cover:0, Chiseled Diorite Brick Cover
ThermalDynamics:cover:0, Chiseled Granite Brick Cover
ThermalDynamics:cover:0, White Portuguese Pavement Cover
ThermalDynamics:cover:0, Black Portuguese Pavement Cover
ThermalDynamics:cover:0, Blue Portuguese Pavement Cover
ThermalDynamics:cover:0, Red Portuguese Pavement Cover
ThermalDynamics:cover:0, Yellow Portuguese Pavement Cover
ThermalDynamics:cover:0, Green Portuguese Pavement Cover
ThermalDynamics:cover:0, Block of Smokey Quartz Cover
ThermalDynamics:cover:0, Chiseled Smokey Quartz Block Cover
ThermalDynamics:cover:0, Pillar Smokey Quartz Block Cover
ThermalDynamics:cover:0, Smokey Quartz Stairs Cover
ThermalDynamics:cover:0, Block of Mana Quartz Cover
ThermalDynamics:cover:0, Chiseled Mana Quartz Block Cover
ThermalDynamics:cover:0, Pillar Mana Quartz Block Cover
ThermalDynamics:cover:0, Mana Quartz Stairs Cover
ThermalDynamics:cover:0, Block of Blaze Quartz Cover
ThermalDynamics:cover:0, Chiseled Blaze Quartz Block Cover
ThermalDynamics:cover:0, Pillar Blaze Quartz Block Cover
ThermalDynamics:cover:0, Blaze Quartz Stairs Cover
ThermalDynamics:cover:0, Block of Lavender Quartz Cover
ThermalDynamics:cover:0, Chiseled Lavender Quartz Block Cover
ThermalDynamics:cover:0, Pillar Lavender Quartz Block Cover
ThermalDynamics:cover:0, Lavender Quartz Stairs Cover
ThermalDynamics:cover:0, Block of Redquartz Cover
ThermalDynamics:cover:0, Chiseled Redquartz Block Cover
ThermalDynamics:cover:0, Pillar Redquartz Block Cover
ThermalDynamics:cover:0, Redquartz Stairs Cover
ThermalDynamics:cover:0, Block of Elven Quartz Cover
ThermalDynamics:cover:0, Chiseled Elven Quartz Block Cover
ThermalDynamics:cover:0, Pillar Elven Quartz Block Cover
ThermalDynamics:cover:0, Elven Quartz Stairs Cover
ThermalDynamics:cover:0, Block of Sunny Quartz Cover
ThermalDynamics:cover:0, Chiseled Sunny Quartz Block Cover
ThermalDynamics:cover:0, Pillar Sunny Quartz Block Cover
ThermalDynamics:cover:0, Sunny Quartz Stairs Cover
ThermalDynamics:cover:0, Metamorphic Forest Stone Stairs Cover
ThermalDynamics:cover:0, Metamorphic Plains Stone Stairs Cover
ThermalDynamics:cover:0, Metamorphic Mountain Stone Stairs Cover
ThermalDynamics:cover:0, Metamorphic Fungal Stone Stairs Cover
ThermalDynamics:cover:0, Metamorphic Swamp Stone Stairs Cover
ThermalDynamics:cover:0, Metamorphic Desert Stone Stairs Cover
ThermalDynamics:cover:0, Metamorphic Taiga Stone Stairs Cover
ThermalDynamics:cover:0, Metamorphic Mesa Stone Stairs Cover
ThermalDynamics:cover:0, Metamorphic Forest Cobblestone Stairs Cover
ThermalDynamics:cover:0, Metamorphic Plains Cobblestone Stairs Cover
ThermalDynamics:cover:0, Metamorphic Mountain Cobblestone Stairs Cover
ThermalDynamics:cover:0, Metamorphic Fungal Cobblestone Stairs Cover
ThermalDynamics:cover:0, Metamorphic Swamp Cobblestone Stairs Cover
ThermalDynamics:cover:0, Metamorphic Desert Cobblestone Stairs Cover
ThermalDynamics:cover:0, Metamorphic Taiga Cobblestone Stairs Cover
ThermalDynamics:cover:0, Metamorphic Mesa Cobblestone Stairs Cover
ThermalDynamics:cover:0, Metamorphic Forest Stone Brick Stairs Cover
ThermalDynamics:cover:0, Metamorphic Plains Stone Brick Stairs Cover
ThermalDynamics:cover:0, Metamorphic Mountain Stone Brick Stairs Cover
ThermalDynamics:cover:0, Metamorphic Fungal Stone Brick Stairs Cover
ThermalDynamics:cover:0, Metamorphic Swamp Stone Brick Stairs Cover
ThermalDynamics:cover:0, Metamorphic Desert Stone Brick Stairs Cover
ThermalDynamics:cover:0, Metamorphic Taiga Stone Brick Stairs Cover
ThermalDynamics:cover:0, Metamorphic Mesa Stone Bricks Stairs Cover
ThermalDynamics:cover:0, Metamorphic Forest Cobblestone Wall Cover
ThermalDynamics:cover:0, Metamorphic Plains Cobblestone Wall Cover
ThermalDynamics:cover:0, Metamorphic Mountain Cobblestone Wall Cover
ThermalDynamics:cover:0, Metamorphic Fungal Cobblestone Wall Cover
ThermalDynamics:cover:0, Metamorphic Swamp Cobblestone Wall Cover
ThermalDynamics:cover:0, Metamorphic Desert Cobblestone Wall Cover
ThermalDynamics:cover:0, Metamorphic Taiga Cobblestone Wall Cover
ThermalDynamics:cover:0, Metamorphic Mesa Cobblestone Wall Cover
ThermalDynamics:cover:0, Andesite Stairs Cover
ThermalDynamics:cover:0, Basalt Stairs Cover
ThermalDynamics:cover:0, Diorite Stairs Cover
ThermalDynamics:cover:0, Granite Stairs Cover
ThermalDynamics:cover:0, Andesite Brick Stairs Cover
ThermalDynamics:cover:0, Basalt Brick Stairs Cover
ThermalDynamics:cover:0, Diorite Brick Stairs Cover
ThermalDynamics:cover:0, Granite Brick Stairs Cover
ThermalDynamics:cover:0, Andesite Wall Cover
ThermalDynamics:cover:0, Basalt Wall Cover
ThermalDynamics:cover:0, Diorite Wall Cover
ThermalDynamics:cover:0, Granite Wall Cover
ThermalDynamics:cover:0, White Portuguese Pavement Stairs Cover
ThermalDynamics:cover:0, Black Portuguese Pavement Stairs Cover
ThermalDynamics:cover:0, Blue Portuguese Pavement Stairs Cover
ThermalDynamics:cover:0, Red Portuguese Pavement Stairs Cover
ThermalDynamics:cover:0, Yellow Portuguese Pavement Stairs Cover
ThermalDynamics:cover:0, Green Portuguese Pavement Stairs Cover
ThermalDynamics:cover:0, End Stone Brick Stairs Cover
ThermalDynamics:cover:0, Ender Brick Stairs Cover
ThermalDynamics:cover:0, Shimmerrock Stairs Cover
ThermalDynamics:cover:0, Shimmerwood Plank Stairs Cover
ThermalDynamics:cover:0, Managlass Pane Cover
ThermalDynamics:cover:0, Alfglass Pane Cover
ThermalDynamics:cover:0, Bifrost Pane Cover
ThermalDynamics:cover:0, Smokey Quartz Slab Cover
ThermalDynamics:cover:0, Smokey Quartz Slab Cover
ThermalDynamics:cover:0, Mana Quartz Slab Cover
ThermalDynamics:cover:0, Mana Quartz Slab Cover
ThermalDynamics:cover:0, Blaze Quartz Slab Cover
ThermalDynamics:cover:0, Blaze Quartz Slab Cover
ThermalDynamics:cover:0, Lavender Quartz Slab Cover
ThermalDynamics:cover:0, Lavender Quartz Slab Cover
ThermalDynamics:cover:0, Redquartz Slab Cover
ThermalDynamics:cover:0, Redquartz Slab Cover
ThermalDynamics:cover:0, Elven Quartz Slab Cover
ThermalDynamics:cover:0, Elven Quartz Slab Cover
ThermalDynamics:cover:0, Sunny Quartz Slab Cover
ThermalDynamics:cover:0, Sunny Quartz Slab Cover
ThermalDynamics:cover:0, Livingwood Slab Cover
ThermalDynamics:cover:0, Livingwood Slab Cover
ThermalDynamics:cover:0, Livingwood Plank Slab Cover
ThermalDynamics:cover:0, Livingwood Plank Slab Cover
ThermalDynamics:cover:0, Livingrock Slab Cover
ThermalDynamics:cover:0, Livingrock Slab Cover
ThermalDynamics:cover:0, Livingrock Brick Slab Cover
ThermalDynamics:cover:0, Livingrock Brick Slab Cover
ThermalDynamics:cover:0, Dreamwood Slab Cover
ThermalDynamics:cover:0, Dreamwood Slab Cover
ThermalDynamics:cover:0, Dreamwood Plank Slab Cover
ThermalDynamics:cover:0, Dreamwood Plank Slab Cover
ThermalDynamics:cover:0, Reed Slab Cover
ThermalDynamics:cover:0, Reed Slab Cover
ThermalDynamics:cover:0, Thatch Slab Cover
ThermalDynamics:cover:0, Thatch Slab Cover
ThermalDynamics:cover:0, Prismarine Slab Cover
ThermalDynamics:cover:0, Prismarine Slab Cover
ThermalDynamics:cover:0, Prismarine Brick Slab Cover
ThermalDynamics:cover:0, Prismarine Brick Slab Cover
ThermalDynamics:cover:0, Dark Prismarine Slab Cover
ThermalDynamics:cover:0, Dark Prismarine Slab Cover
ThermalDynamics:cover:0, Hellish Brick Slab Cover
ThermalDynamics:cover:0, Hellish Brick Slab Cover
ThermalDynamics:cover:0, Soul Brick Slab Cover
ThermalDynamics:cover:0, Soul Brick Slab Cover
ThermalDynamics:cover:0, Frosty Brick Slab Cover
ThermalDynamics:cover:0, Frosty Brick Slab Cover
ThermalDynamics:cover:0, Roof Tile Slab Cover
ThermalDynamics:cover:0, Roof Tile Slab Cover
ThermalDynamics:cover:0, Trodden Dirt Slab Cover
ThermalDynamics:cover:0, Trodden Dirt Slab Cover
ThermalDynamics:cover:0, End Stone Brick Slab Cover
ThermalDynamics:cover:0, End Stone Brick Slab Cover
ThermalDynamics:cover:0, Ender Brick Slab Cover
ThermalDynamics:cover:0, Ender Brick Slab Cover
ThermalDynamics:cover:0, Shimmerrock Slab Cover
ThermalDynamics:cover:0, Shimmerrock Slab Cover
ThermalDynamics:cover:0, Shimmerwood Plank Slab Cover
ThermalDynamics:cover:0, Shimmerwood Plank Slab Cover
ThermalDynamics:cover:0, Metamorphic Forest Stone Slab Cover
ThermalDynamics:cover:0, Metamorphic Forest Stone Slab Cover
ThermalDynamics:cover:0, Metamorphic Plains Stone Slab Cover
ThermalDynamics:cover:0, Metamorphic Plains Stone Slab Cover
ThermalDynamics:cover:0, Metamorphic Mountain Stone Slab Cover
ThermalDynamics:cover:0, Metamorphic Mountain Stone Slab Cover
ThermalDynamics:cover:0, Metamorphic Fungal Stone Slab Cover
ThermalDynamics:cover:0, Metamorphic Fungal Stone Slab Cover
ThermalDynamics:cover:0, Metamorphic Swamp Stone Slab Cover
ThermalDynamics:cover:0, Metamorphic Swamp Stone Slab Cover
ThermalDynamics:cover:0, Metamorphic Desert Stone Slab Cover
ThermalDynamics:cover:0, Metamorphic Desert Stone Slab Cover
ThermalDynamics:cover:0, Metamorphic Taiga Stone Slab Cover
ThermalDynamics:cover:0, Metamorphic Taiga Stone Slab Cover
ThermalDynamics:cover:0, Metamorphic Mesa Stone Slab Cover
ThermalDynamics:cover:0, Metamorphic Mesa Stone Slab Cover
ThermalDynamics:cover:0, Metamorphic Forest Cobblestone Slab Cover
ThermalDynamics:cover:0, Metamorphic Forest Cobblestone Slab Cover
ThermalDynamics:cover:0, Metamorphic Plains Cobblestone Slab Cover
ThermalDynamics:cover:0, Metamorphic Plains Cobblestone Slab Cover
ThermalDynamics:cover:0, Metamorphic Mountain Cobblestone Slab Cover
ThermalDynamics:cover:0, Metamorphic Mountain Cobblestone Slab Cover
ThermalDynamics:cover:0, Metamorphic Fungal Cobblestone Slab Cover
ThermalDynamics:cover:0, Metamorphic Fungal Cobblestone Slab Cover
ThermalDynamics:cover:0, Metamorphic Swamp Cobblestone Slab Cover
ThermalDynamics:cover:0, Metamorphic Swamp Cobblestone Slab Cover
ThermalDynamics:cover:0, Metamorphic Desert Cobblestone Slab Cover
ThermalDynamics:cover:0, Metamorphic Desert Cobblestone Slab Cover
ThermalDynamics:cover:0, Metamorphic Taiga Cobblestone Slab Cover
ThermalDynamics:cover:0, Metamorphic Taiga Cobblestone Slab Cover
ThermalDynamics:cover:0, Metamorphic Mesa Cobblestone Slab Cover
ThermalDynamics:cover:0, Metamorphic Mesa Cobblestone Slab Cover
ThermalDynamics:cover:0, Metamorphic Forest Stone Brick Slab Cover
ThermalDynamics:cover:0, Metamorphic Forest Stone Brick Slab Cover
ThermalDynamics:cover:0, Metamorphic Plains Stone Brick Slab Cover
ThermalDynamics:cover:0, Metamorphic Plains Stone Brick Slab Cover
ThermalDynamics:cover:0, Metamorphic Mountain Stone Brick Slab Cover
ThermalDynamics:cover:0, Metamorphic Mountain Stone Brick Slab Cover
ThermalDynamics:cover:0, Metamorphic Fungal Stone Brick Slab Cover
ThermalDynamics:cover:0, Metamorphic Fungal Stone Brick Slab Cover
ThermalDynamics:cover:0, Metamorphic Swamp Stone Brick Slab Cover
ThermalDynamics:cover:0, Metamorphic Swamp Stone Brick Slab Cover
ThermalDynamics:cover:0, Metamorphic Desert Stone Brick Slab Cover
ThermalDynamics:cover:0, Metamorphic Desert Stone Brick Slab Cover
ThermalDynamics:cover:0, Metamorphic Taiga Stone Brick Slab Cover
ThermalDynamics:cover:0, Metamorphic Taiga Stone Brick Slab Cover
ThermalDynamics:cover:0, Metamorphic Mesa Stone Bricks Slab Cover
ThermalDynamics:cover:0, Metamorphic Mesa Stone Bricks Slab Cover
ThermalDynamics:cover:0, Andesite Slab Cover
ThermalDynamics:cover:0, Andesite Slab Cover
ThermalDynamics:cover:0, Basalt Slab Cover
ThermalDynamics:cover:0, Basalt Slab Cover
ThermalDynamics:cover:0, Diorite Slab Cover
ThermalDynamics:cover:0, Diorite Slab Cover
ThermalDynamics:cover:0, Granite Slab Cover
ThermalDynamics:cover:0, Granite Slab Cover
ThermalDynamics:cover:0, Andesite Brick Slab Cover
ThermalDynamics:cover:0, Andesite Brick Slab Cover
ThermalDynamics:cover:0, Basalt Brick Slab Cover
ThermalDynamics:cover:0, Basalt Brick Slab Cover
ThermalDynamics:cover:0, Diorite Brick Slab Cover
ThermalDynamics:cover:0, Diorite Brick Slab Cover
ThermalDynamics:cover:0, Granite Brick Slab Cover
ThermalDynamics:cover:0, Granite Brick Slab Cover
ThermalDynamics:cover:0, White Portuguese Pavement Slab Cover
ThermalDynamics:cover:0, White Portuguese Pavement Slab Cover
ThermalDynamics:cover:0, Black Portuguese Pavement Slab Cover
ThermalDynamics:cover:0, Black Portuguese Pavement Slab Cover
ThermalDynamics:cover:0, Blue Portuguese Pavement Slab Cover
ThermalDynamics:cover:0, Blue Portuguese Pavement Slab Cover
ThermalDynamics:cover:0, Red Portuguese Pavement Slab Cover
ThermalDynamics:cover:0, Red Portuguese Pavement Slab Cover
ThermalDynamics:cover:0, Yellow Portuguese Pavement Slab Cover
ThermalDynamics:cover:0, Yellow Portuguese Pavement Slab Cover
ThermalDynamics:cover:0, Green Portuguese Pavement Slab Cover
ThermalDynamics:cover:0, Green Portuguese Pavement Slab Cover
ThermalDynamics:cover:0, Compressed Crafting Table Cover
ThermalDynamics:cover:0, Double Compressed Crafting Table Cover
ThermalDynamics:cover:0, Crystal Matrix Cover
ThermalDynamics:cover:0, Neutronium Block Cover
ThermalDynamics:cover:0, Infinity Block Cover
ThermalDynamics:cover:0, Umber Autumn Leaves Cover
ThermalDynamics:cover:0, Goldenrod Autumn Leaves Cover
ThermalDynamics:cover:0, Vermillion Autumn Leaves Cover
ThermalDynamics:cover:0, Citrine Autumn Leaves Cover
ThermalDynamics:cover:0, Cattail Cover
ThermalDynamics:cover:0, Cracked Sand Cover
ThermalDynamics:cover:0, Hydrangea Cover
ThermalDynamics:cover:0, Buttercups Cover
ThermalDynamics:cover:0, Lavender Cover
ThermalDynamics:cover:0, Tiny Cactus Cover
ThermalDynamics:cover:0, Toad Stool Cover
ThermalDynamics:cover:0, White Calla Lilies Cover
ThermalDynamics:cover:0, Allium Cover
ThermalDynamics:cover:0, Pink Amaryllis Cover
ThermalDynamics:cover:0, Red Amaryllis Cover
ThermalDynamics:cover:0, White Amaryllis Cover
ThermalDynamics:cover:0, Bachelor's Button Cover
ThermalDynamics:cover:0, Bells of Ireland Cover
ThermalDynamics:cover:0, Bluebell Cover
ThermalDynamics:cover:0, Black Calla Lilies Cover
ThermalDynamics:cover:0, Daisy Cover
ThermalDynamics:cover:0, Dandelion Cover
ThermalDynamics:cover:0, Gardenia Cover
ThermalDynamics:cover:0, Orange Gerbera Cover
ThermalDynamics:cover:0, Pink Gerbera Cover
ThermalDynamics:cover:0, Red Gerbera Cover
ThermalDynamics:cover:0, Yellow Gerbera Cover
ThermalDynamics:cover:0, Pink Oriental Lily Cover
ThermalDynamics:cover:0, Blue Iris Cover
ThermalDynamics:cover:0, Purple Iris Cover
ThermalDynamics:cover:0, Lily Cover
ThermalDynamics:cover:0, Marsh Marigold Cover
ThermalDynamics:cover:0, Pansy Cover
ThermalDynamics:cover:0, Poppy Cover
ThermalDynamics:cover:0, Red Rover Cover
ThermalDynamics:cover:0, Snapdragon Cover
ThermalDynamics:cover:0, Tulip Cover
ThermalDynamics:cover:0, Violet Cover
ThermalDynamics:cover:0, Yarrow Cover
ThermalDynamics:cover:0, Delphinium Belladonna Cover
ThermalDynamics:cover:0, Blue Poppy Cover
ThermalDynamics:cover:0, Brown Grass Cover
ThermalDynamics:cover:0, Short Brown Grass Cover
ThermalDynamics:cover:0, Dead Grass Cover
ThermalDynamics:cover:0, Tall Dead Grass Cover
ThermalDynamics:cover:0, Dead Yellow Grass Cover
ThermalDynamics:cover:0, Fir Leaves Cover
ThermalDynamics:cover:0, Redwood Leaves Cover
ThermalDynamics:cover:0, Acacia Leaves Cover
ThermalDynamics:cover:0, Cypress Leaves Cover
ThermalDynamics:cover:0, Bald Cypress Leaves Cover
ThermalDynamics:cover:0, Japanese Maple Leaves Cover
ThermalDynamics:cover:0, Japanese Maple Shrub Leaves Cover
ThermalDynamics:cover:0, Rainbow Eucalyptus Leaves Cover
ThermalDynamics:cover:0, Sakura Leaves Cover
ThermalDynamics:cover:0, Leaf Pile Cover
ThermalDynamics:cover:0, Red Rock Cover
ThermalDynamics:cover:0, Red Cobblestone Cover
ThermalDynamics:cover:0, Red Rock Brick Cover
ThermalDynamics:cover:0, Umber Autumn Sapling Cover
ThermalDynamics:cover:0, Goldenrod Autumn Sapling Cover
ThermalDynamics:cover:0, Vermillion Autumn Sapling Cover
ThermalDynamics:cover:0, Citrine Autumn Sapling Cover
ThermalDynamics:cover:0, Fir Sapling Cover
ThermalDynamics:cover:0, Redwood Sapling Cover
ThermalDynamics:cover:0, Acacia Sapling Cover
ThermalDynamics:cover:0, Cypress Sapling Cover
ThermalDynamics:cover:0, Bald Cypress Sapling Cover
ThermalDynamics:cover:0, Japanese Maple Sapling Cover
ThermalDynamics:cover:0, Japanese Maple Shrub Sapling Cover
ThermalDynamics:cover:0, Rainbow Eucalyptus Sapling Cover
ThermalDynamics:cover:0, Sakura Sapling Cover
ThermalDynamics:cover:0, Fir Log Cover
ThermalDynamics:cover:0, Acacia Log Cover
ThermalDynamics:cover:0, Cypress Log Cover
ThermalDynamics:cover:0, Japanese Maple Log Cover
ThermalDynamics:cover:0, Rainbow Eucalyptus Log Cover
ThermalDynamics:cover:0, Autumn Log Cover
ThermalDynamics:cover:0, Bald Cypress Log Cover
ThermalDynamics:cover:0, Redwood Log Cover
ThermalDynamics:cover:0, Sakura Log Cover
ThermalDynamics:cover:0, Bald Cypress Quarter Log Cover
ThermalDynamics:cover:0, Rainbow Eucalyptus Quarter Log Cover
ThermalDynamics:cover:0, Oak Quarter Log Cover
ThermalDynamics:cover:0, Fir Quarter Log Cover
ThermalDynamics:cover:0, Redwood Quarter Log Cover
ThermalDynamics:cover:0, Bald Cypress Elbow Log Cover
ThermalDynamics:cover:0, Rainbow Eucalyptus Elbow Log Cover
ThermalDynamics:cover:0, Gloriosa Cover
ThermalDynamics:cover:0, Eelgrass Cover
ThermalDynamics:cover:0, Strawberries Cover
ThermalDynamics:cover:0, Strawberries Cover
ThermalDynamics:cover:0, Strawberries Cover
ThermalDynamics:cover:0, Strawberries Cover
ThermalDynamics:cover:0, Strawberries Cover
ThermalDynamics:cover:0, Strawberries Cover
ThermalDynamics:cover:0, Strawberries Cover
ThermalDynamics:cover:0, Strawberries Cover
ThermalDynamics:cover:0, Quicksand Cover
ThermalDynamics:cover:0, Redwood Planks Cover
ThermalDynamics:cover:0, Fir Wood Planks Cover
ThermalDynamics:cover:0, Acacia Wood Planks Cover
ThermalDynamics:cover:0, Cypress Wood Planks Cover
ThermalDynamics:cover:0, Japanese Maple Wood Planks Cover
ThermalDynamics:cover:0, Rainbow Eucalyptus Wood Planks Cover
ThermalDynamics:cover:0, Autumn Wood Planks Cover
ThermalDynamics:cover:0, Bald Cypress Wood Planks Cover
ThermalDynamics:cover:0, Sakura Wood Planks Cover
ThermalDynamics:cover:0, Sakura Slab Cover
ThermalDynamics:cover:0, Redwood Slab Cover
ThermalDynamics:cover:0, Fir Wood Slab Cover
ThermalDynamics:cover:0, Acacia Wood Slab Cover
ThermalDynamics:cover:0, Cypress Slab Cover
ThermalDynamics:cover:0, Japanese Maple Slab Cover
ThermalDynamics:cover:0, Rainbow Eucalyptus Slab Cover
ThermalDynamics:cover:0, Autumn Slab Cover
ThermalDynamics:cover:0, Bald Cypress Slab Cover
ThermalDynamics:cover:0, Redwood Stairs Cover
ThermalDynamics:cover:0, Fir Wood Stairs Cover
ThermalDynamics:cover:0, Acacia Wood Stairs Cover
ThermalDynamics:cover:0, Rainbow Eucalyptus Stairs Cover
ThermalDynamics:cover:0, Cypress Stairs Cover
ThermalDynamics:cover:0, Bald Cypress Stairs Cover
ThermalDynamics:cover:0, Japanese Maple Stairs Cover
ThermalDynamics:cover:0, Autumn Stairs Cover
ThermalDynamics:cover:0, Sakura Stairs Cover
ThermalDynamics:cover:0, Red Cobblestone Slab Cover
ThermalDynamics:cover:0, Red Rock Slab Cover
ThermalDynamics:cover:0, Red Rock Brick Slab Cover
ThermalDynamics:cover:0, Red Cobblestone Stairs Cover
ThermalDynamics:cover:0, Red Rock Brick Stairs Cover
ThermalDynamics:cover:0, Red Cobblestone Wall Cover
ThermalDynamics:cover:0, Baldcypress Fence Cover
ThermalDynamics:cover:0, Rainbow Eucalyptus Fence Cover
ThermalDynamics:cover:0, Redwood Fence Cover
ThermalDynamics:cover:0, Cypress Fence Cover
ThermalDynamics:cover:0, Autumn Fence Cover
ThermalDynamics:cover:0, Fir Fence Cover
ThermalDynamics:cover:0, Japanese Maple Fence Cover
ThermalDynamics:cover:0, Acacia Fence Cover
ThermalDynamics:cover:0, Sakura Fence Cover
ThermalDynamics:cover:0, Acacia Door Cover
ThermalDynamics:cover:0, Autumn Door Cover
ThermalDynamics:cover:0, Baldcypress Door Cover
ThermalDynamics:cover:0, Cypress Door Cover
ThermalDynamics:cover:0, Fir Door Cover
ThermalDynamics:cover:0, Japanese Maple Door Cover
ThermalDynamics:cover:0, Rainbow Eucalyptus Door Cover
ThermalDynamics:cover:0, Redwood Door Cover
ThermalDynamics:cover:0, Sakura Door Cover
ThermalDynamics:cover:0, Acacia Fence Gate Cover
ThermalDynamics:cover:0, Autumn Fence Gate Cover
ThermalDynamics:cover:0, Baldcypress Fence Gate Cover
ThermalDynamics:cover:0, Cypress Fence Gate Cover
ThermalDynamics:cover:0, Fir Fence Gate Cover
ThermalDynamics:cover:0, Japanese Maple Fence Gate Cover
ThermalDynamics:cover:0, Rainbow Eucalyptus Fence Gate Cover
ThermalDynamics:cover:0, Redwood Fence Gate Cover
ThermalDynamics:cover:0, Sakura Fence Gate Cover
ThermalDynamics:cover:0, Crops Cover
ThermalDynamics:cover:0, Raspberry Bush Cover
ThermalDynamics:cover:0, Blueberry Bush Cover
ThermalDynamics:cover:0, Blackberry Bush Cover
ThermalDynamics:cover:0, Maloberry Bush Cover
ThermalDynamics:cover:0, Blightberry Bush Cover
ThermalDynamics:cover:0, Duskberry Bush Cover
ThermalDynamics:cover:0, Skyberry Bush Cover
ThermalDynamics:cover:0, Stingberry Bush Cover
ThermalDynamics:cover:0, Cloud Cover
ThermalDynamics:cover:0, Dark Cloud Cover
ThermalDynamics:cover:0, Ash Cloud Cover
ThermalDynamics:cover:0, Sulfur Cloud Cover
ThermalDynamics:cover:0, Eucalyptus Wood Cover
ThermalDynamics:cover:0, Sakura Wood Cover
ThermalDynamics:cover:0, Ghostwood Cover
ThermalDynamics:cover:0, Hopseed Wood Cover
ThermalDynamics:cover:0, Redwood Bark Cover
ThermalDynamics:cover:0, Redwood Cover
ThermalDynamics:cover:0, Redwood Root Cover
ThermalDynamics:cover:0, Eucalyptus Planks Cover
ThermalDynamics:cover:0, Sakura Planks Cover
ThermalDynamics:cover:0, Ghostwood Planks Cover
ThermalDynamics:cover:0, Redwood Planks Cover
ThermalDynamics:cover:0, Bloodwood Planks Cover
ThermalDynamics:cover:0, Hopseed Planks Cover
ThermalDynamics:cover:0, Maple Planks Cover
ThermalDynamics:cover:0, Silverbell Planks Cover
ThermalDynamics:cover:0, Amaranth Planks Cover
ThermalDynamics:cover:0, Tigerwood Planks Cover
ThermalDynamics:cover:0, Willow Planks Cover
ThermalDynamics:cover:0, Darkwood Planks Cover
ThermalDynamics:cover:0, Fusewood Planks Cover
ThermalDynamics:cover:0, block..NLeaves.name Cover
ThermalDynamics:cover:0, block..NLeaves.name Cover
ThermalDynamics:cover:0, block..NLeaves.name Cover
ThermalDynamics:cover:0, block.leaves..name Cover
ThermalDynamics:cover:0, block.leaves..name Cover
ThermalDynamics:cover:0, block.leaves..name Cover
ThermalDynamics:cover:0, block.leaves..name Cover
ThermalDynamics:cover:0, Redwood Sapling Cover
ThermalDynamics:cover:0, Eucalyptus Sapling Cover
ThermalDynamics:cover:0, Hopseed Sapling Cover
ThermalDynamics:cover:0, Sakura Sapling Cover
ThermalDynamics:cover:0, Ghostwood Sapling Cover
ThermalDynamics:cover:0, Blood Sapling Cover
ThermalDynamics:cover:0, Darkwood Sapling Cover
ThermalDynamics:cover:0, Fusewood Sapling Cover
ThermalDynamics:cover:0, Saguaro Cactus Cover
ThermalDynamics:cover:0, Willow Wood Cover
ThermalDynamics:cover:0, Redwood Door Cover
ThermalDynamics:cover:0, Eucalyptus Door Cover
ThermalDynamics:cover:0, Hopseed Door Cover
ThermalDynamics:cover:0, Sakura Door Cover
ThermalDynamics:cover:0, Ghostwood Door Cover
ThermalDynamics:cover:0, Bloodwood Door Cover
ThermalDynamics:cover:0, Redwood Bark Door Cover
ThermalDynamics:cover:0, Bloodwood Cover
ThermalDynamics:cover:0, Bloodwood Cover
ThermalDynamics:cover:0, Tainted Soil Cover
ThermalDynamics:cover:0, Tainted Soil Cover
ThermalDynamics:cover:0, Tainted Soil Cover
ThermalDynamics:cover:0, Heat Sand Cover
ThermalDynamics:cover:0, Darkwood Cover
ThermalDynamics:cover:0, Fusewood Cover
ThermalDynamics:cover:0, block.leaves..name Cover
ThermalDynamics:cover:0, block.leaves..name Cover
ThermalDynamics:cover:0, block.leaves..name Cover
ThermalDynamics:cover:0, block.leaves..name Cover
ThermalDynamics:cover:0, Thornvines Cover
ThermalDynamics:cover:0, Green Glowshroom Cover
ThermalDynamics:cover:0, Purple Glowshroom Cover
ThermalDynamics:cover:0, Blue Glowshroom Cover
ThermalDynamics:cover:0, Blue Glowshroom Cover
ThermalDynamics:cover:0, Purple Glowshroom Cover
ThermalDynamics:cover:0, Green Glowshroom Cover
ThermalDynamics:cover:0, Blaze Rail Cover
ThermalDynamics:cover:0, Powered Blaze Rail Cover
ThermalDynamics:cover:0, Detector Blaze Rail Cover
ThermalDynamics:cover:0, Activator Blaze Rail Cover
ThermalDynamics:cover:0, Obelisk Cover
ThermalDynamics:cover:0, Soul Glass Cover
ThermalDynamics:cover:0, Heat Glass Cover
ThermalDynamics:cover:0, Pressure Plate Cover
ThermalDynamics:cover:0, Button Cover
ThermalDynamics:cover:0, Lever Cover
ThermalDynamics:cover:0, Maple Wood Cover
ThermalDynamics:cover:0, Silverbell Wood Cover
ThermalDynamics:cover:0, Amaranth Wood Cover
ThermalDynamics:cover:0, Tiger Wood Cover
ThermalDynamics:cover:0, Maple Leaves Cover
ThermalDynamics:cover:0, Silverbell Leaves Cover
ThermalDynamics:cover:0, Amaranth Leaves Cover
ThermalDynamics:cover:0, Tiger Leaves Cover
ThermalDynamics:cover:0, Maple Sapling Cover
ThermalDynamics:cover:0, Silverbell Sapling Cover
ThermalDynamics:cover:0, Amaranth Sapling Cover
ThermalDynamics:cover:0, Tigerwood Sapling Cover
ThermalDynamics:cover:0, Willow Sapling Cover
ThermalDynamics:cover:0, Bluebells Cover
ThermalDynamics:cover:0, Crafting Table Cover
ThermalDynamics:cover:0, Crafting Table Cover
ThermalDynamics:cover:0, Crafting Table Cover
ThermalDynamics:cover:0, Crafting Table Cover
ThermalDynamics:cover:0, Crafting Table Cover
ThermalDynamics:cover:0, Crafting Table Cover
ThermalDynamics:cover:0, Crafting Table Cover
ThermalDynamics:cover:0, Crafting Table Cover
ThermalDynamics:cover:0, Crafting Table Cover
ThermalDynamics:cover:0, Crafting Table Cover
ThermalDynamics:cover:0, Crafting Table Cover
ThermalDynamics:cover:0, Crafting Table Cover
ThermalDynamics:cover:0, Crafting Table Cover
ThermalDynamics:cover:0, Bookshelf Cover
ThermalDynamics:cover:0, Bookshelf Cover
ThermalDynamics:cover:0, Bookshelf Cover
ThermalDynamics:cover:0, Bookshelf Cover
ThermalDynamics:cover:0, Bookshelf Cover
ThermalDynamics:cover:0, Bookshelf Cover
ThermalDynamics:cover:0, Bookshelf Cover
ThermalDynamics:cover:0, Bookshelf Cover
ThermalDynamics:cover:0, Bookshelf Cover
ThermalDynamics:cover:0, Bookshelf Cover
ThermalDynamics:cover:0, Bookshelf Cover
ThermalDynamics:cover:0, Bookshelf Cover
ThermalDynamics:cover:0, Bookshelf Cover
ThermalDynamics:cover:0, Fence Cover
ThermalDynamics:cover:0, Fence Cover
ThermalDynamics:cover:0, Fence Cover
ThermalDynamics:cover:0, Fence Cover
ThermalDynamics:cover:0, Fence Cover
ThermalDynamics:cover:0, Fence Cover
ThermalDynamics:cover:0, Fence Cover
ThermalDynamics:cover:0, Fence Cover
ThermalDynamics:cover:0, Fence Cover
ThermalDynamics:cover:0, Fence Cover
ThermalDynamics:cover:0, Fence Cover
ThermalDynamics:cover:0, Fence Cover
ThermalDynamics:cover:0, Fence Cover
ThermalDynamics:cover:0, Topiary Grass Cover
ThermalDynamics:cover:0, Bluegrass Cover
ThermalDynamics:cover:0, Autumnal Grass Cover
ThermalDynamics:cover:0, Topiary Grass Slab Cover
ThermalDynamics:cover:0, Bluegrass Slab Cover
ThermalDynamics:cover:0, Autumnal Grass Slab Cover
ThermalDynamics:cover:0, Eucalyptus Slab Cover
ThermalDynamics:cover:0, Sakura Slab Cover
ThermalDynamics:cover:0, Ghostwood Slab Cover
ThermalDynamics:cover:0, Redwood Slab Cover
ThermalDynamics:cover:0, Blood Slab Cover
ThermalDynamics:cover:0, Hopseed Slab Cover
ThermalDynamics:cover:0, Maple Slab Cover
ThermalDynamics:cover:0, Silverbell Slab Cover
ThermalDynamics:cover:0, Amaranth Slab Cover
ThermalDynamics:cover:0, Tigerwood Slab Cover
ThermalDynamics:cover:0, Willow Slab Cover
ThermalDynamics:cover:0, Darkwood Slab Cover
ThermalDynamics:cover:0, Fusewood Slab Cover
ThermalDynamics:cover:0, Eucalyptus Stairs Cover
ThermalDynamics:cover:0, Sakura Stairs Cover
ThermalDynamics:cover:0, Ghostwood Stairs Cover
ThermalDynamics:cover:0, Redwood Stairs Cover
ThermalDynamics:cover:0, Blood Stairs Cover
ThermalDynamics:cover:0, Hopseed Stairs Cover
ThermalDynamics:cover:0, Maple Stairs Cover
ThermalDynamics:cover:0, Silverbell Stairs Cover
ThermalDynamics:cover:0, Amaranth Stairs Cover
ThermalDynamics:cover:0, Tigerwood Stairs Cover
ThermalDynamics:cover:0, Willow Stairs Cover
ThermalDynamics:cover:0, Darkwood Stairs Cover
ThermalDynamics:cover:0, Fusewood Stairs Cover
ThermalDynamics:cover:0, Eucalyptus Pressure Plate Cover
ThermalDynamics:cover:0, Eucalyptus Trapdoor Cover
ThermalDynamics:cover:0, Eucalyptus Button Cover
ThermalDynamics:cover:0, Eucalyptus Fence Gate Cover
ThermalDynamics:cover:0, Sakura Pressure Plate Cover
ThermalDynamics:cover:0, Sakura Trapdoor Cover
ThermalDynamics:cover:0, Sakura Button Cover
ThermalDynamics:cover:0, Sakura Fence Gate Cover
ThermalDynamics:cover:0, Ghostwood Pressure Plate Cover
ThermalDynamics:cover:0, Ghostwood Trapdoor Cover
ThermalDynamics:cover:0, Ghostwood Button Cover
ThermalDynamics:cover:0, Ghostwood Fence Gate Cover
ThermalDynamics:cover:0, Redwood Pressure Plate Cover
ThermalDynamics:cover:0, Redwood Trapdoor Cover
ThermalDynamics:cover:0, Redwood Button Cover
ThermalDynamics:cover:0, Redwood Fence Gate Cover
ThermalDynamics:cover:0, Blood Pressure Plate Cover
ThermalDynamics:cover:0, Blood Trapdoor Cover
ThermalDynamics:cover:0, Blood Button Cover
ThermalDynamics:cover:0, Blood Fence Gate Cover
ThermalDynamics:cover:0, Hopseed Pressure Plate Cover
ThermalDynamics:cover:0, Hopseed Trapdoor Cover
ThermalDynamics:cover:0, Hopseed Button Cover
ThermalDynamics:cover:0, Hopseed Fence Gate Cover
ThermalDynamics:cover:0, Maple Pressure Plate Cover
ThermalDynamics:cover:0, Maple Trapdoor Cover
ThermalDynamics:cover:0, Maple Button Cover
ThermalDynamics:cover:0, Maple Fence Gate Cover
ThermalDynamics:cover:0, Amaranth Pressure Plate Cover
ThermalDynamics:cover:0, Amaranth Trapdoor Cover
ThermalDynamics:cover:0, Amaranth Button Cover
ThermalDynamics:cover:0, Amaranth Fence Gate Cover
ThermalDynamics:cover:0, Silverbell Pressure Plate Cover
ThermalDynamics:cover:0, Silverbell Trapdoor Cover
ThermalDynamics:cover:0, Silverbell Button Cover
ThermalDynamics:cover:0, Silverbell Fence Gate Cover
ThermalDynamics:cover:0, Tigerwood Pressure Plate Cover
ThermalDynamics:cover:0, Tigerwood Trapdoor Cover
ThermalDynamics:cover:0, Tigerwood Button Cover
ThermalDynamics:cover:0, Tigerwood Fence Gate Cover
ThermalDynamics:cover:0, Willow Pressure Plate Cover
ThermalDynamics:cover:0, Willow Trapdoor Cover
ThermalDynamics:cover:0, Willow Button Cover
ThermalDynamics:cover:0, Willow Fence Gate Cover
ThermalDynamics:cover:0, Darkwood Pressure Plate Cover
ThermalDynamics:cover:0, Darkwood Trapdoor Cover
ThermalDynamics:cover:0, Darkwood Button Cover
ThermalDynamics:cover:0, Darkwood Fence Gate Cover
ThermalDynamics:cover:0, Fusewood Pressure Plate Cover
ThermalDynamics:cover:0, Fusewood Trapdoor Cover
ThermalDynamics:cover:0, Fusewood Button Cover
ThermalDynamics:cover:0, Fusewood Fence Gate Cover
ThermalDynamics:cover:0, Copper Ore Cover
ThermalDynamics:cover:0, Tin Ore Cover
ThermalDynamics:cover:0, Silver Ore Cover
ThermalDynamics:cover:0, Lead Ore Cover
ThermalDynamics:cover:0, Ferrous Ore Cover
ThermalDynamics:cover:0, Shiny Ore Cover
ThermalDynamics:cover:0, Mana Infused Ore Cover
ThermalDynamics:cover:0, Copper Block Cover
ThermalDynamics:cover:0, Tin Block Cover
ThermalDynamics:cover:0, Silver Block Cover
ThermalDynamics:cover:0, Lead Block Cover
ThermalDynamics:cover:0, Ferrous Block Cover
ThermalDynamics:cover:0, Shiny Block Cover
ThermalDynamics:cover:0, Mana Infused Block Cover
ThermalDynamics:cover:0, Electrum Block Cover
ThermalDynamics:cover:0, Invar Block Cover
ThermalDynamics:cover:0, Bronze Block Cover
ThermalDynamics:cover:0, Signalum Block Cover
ThermalDynamics:cover:0, Lumium Block Cover
ThermalDynamics:cover:0, Enderium Block Cover
ThermalDynamics:cover:0, Destabilized Redstone Cover
ThermalDynamics:cover:0, Energized Glowstone Cover
ThermalDynamics:cover:0, Resonant Ender Cover
ThermalDynamics:cover:0, Blazing Pyrotheum Cover
ThermalDynamics:cover:0, Gelid Cryotheum Cover
ThermalDynamics:cover:0, Zephyrean Aerotheum Cover
ThermalDynamics:cover:0, Tectonic Petrotheum Cover
ThermalDynamics:cover:0, Primal Mana Cover
ThermalDynamics:cover:0, Steam Cover
ThermalDynamics:cover:0, Liquifacted Coal Cover
ThermalDynamics:cover:0, Yellorite Ore Cover
ThermalDynamics:cover:0, Yellorium Block Cover
ThermalDynamics:cover:0, Cyanite Block Cover
ThermalDynamics:cover:0, Graphite Block Cover
ThermalDynamics:cover:0, Blutonium Block Cover
ThermalDynamics:cover:0, Ludicrite Block Cover
ThermalDynamics:cover:0, Fluid Yellorium Cover
ThermalDynamics:cover:0, Fluid Cyanite Cover
ThermalDynamics:cover:0, Frame Cover
ThermalDynamics:cover:0, Fuel Cover
ThermalDynamics:cover:0, tile.blockRedPlasma.name Cover
ThermalDynamics:cover:0, Mining Pipe Cover
ThermalDynamics:cover:0, Humus Cover
ThermalDynamics:cover:0, Bog Earth Cover
ThermalDynamics:cover:0, Apatite Ore Cover
ThermalDynamics:cover:0, Copper Ore Cover
ThermalDynamics:cover:0, Tin Ore Cover
ThermalDynamics:cover:0, Block of Apatite Cover
ThermalDynamics:cover:0, Block of Copper Cover
ThermalDynamics:cover:0, Block of Tin Cover
ThermalDynamics:cover:0, Block of Bronze Cover
ThermalDynamics:cover:0, Ethanol Cover
ThermalDynamics:cover:0, Liquid Glass Cover
ThermalDynamics:cover:0, Honey Cover
ThermalDynamics:cover:0, Crushed Ice Cover
ThermalDynamics:cover:0, Fruit Juice Cover
ThermalDynamics:cover:0, Seed Oil Cover
ThermalDynamics:cover:0, Short Mead Cover
ThermalDynamics:cover:0, Mead Cover
ThermalDynamics:cover:0, Candle Stump Cover
ThermalDynamics:cover:0, Mushroom Cover
ThermalDynamics:cover:0, Mushroom Cover
ThermalDynamics:cover:0, Reinforced Stone Cover
ThermalDynamics:cover:0, Reinforced Stone Stairs Cover
ThermalDynamics:cover:0, Reinforced Stone Fence Cover
ThermalDynamics:cover:0, Reinforced Stone Bricks Cover
ThermalDynamics:cover:0, Reinforced Stone Brick Stairs Cover
ThermalDynamics:cover:0, Reinforced Stone Brick Fence Cover
ThermalDynamics:cover:0, Reinforced Dirt Cover
ThermalDynamics:cover:0, Reinforced Dirt Stairs Cover
ThermalDynamics:cover:0, Reinforced Dirt Fence Cover
ThermalDynamics:cover:0, Reinforced Dirt Bricks Cover
ThermalDynamics:cover:0, Reinforced Dirt Brick Stairs Cover
ThermalDynamics:cover:0, Reinforced Dirt Brick Fence Cover
ThermalDynamics:cover:0, Stable Stone Cover
ThermalDynamics:cover:0, Orange Stable Stone Cover
ThermalDynamics:cover:0, Magenta Stable Stone Cover
ThermalDynamics:cover:0, Light Blue Stable Stone Cover
ThermalDynamics:cover:0, Yellow Stable Stone Cover
ThermalDynamics:cover:0, Lime Stable Stone Cover
ThermalDynamics:cover:0, Pink Stable Stone Cover
ThermalDynamics:cover:0, Plain Stable Stone Cover
ThermalDynamics:cover:0, Light Stable Stone Cover
ThermalDynamics:cover:0, Cyan Stable Stone Cover
ThermalDynamics:cover:0, Purple Stable Stone Cover
ThermalDynamics:cover:0, Blue Stable Stone Cover
ThermalDynamics:cover:0, Brown Stable Stone Cover
ThermalDynamics:cover:0, Green Stable Stone Cover
ThermalDynamics:cover:0, Red Stable Stone Cover
ThermalDynamics:cover:0, Black Stable Stone Cover
ThermalDynamics:cover:0, Rimmed Stable Stone Cover
ThermalDynamics:cover:0, Orange Rimmed Stable Stone Cover
ThermalDynamics:cover:0, Magenta Rimmed Stable Stone Cover
ThermalDynamics:cover:0, Light Blue Rimmed Stable Stone Cover
ThermalDynamics:cover:0, Yellow Rimmed Stable Stone Cover
ThermalDynamics:cover:0, Lime Rimmed Stable Stone Cover
ThermalDynamics:cover:0, Pink Rimmed Stable Stone Cover
ThermalDynamics:cover:0, Plain Rimmed Stable Stone Cover
ThermalDynamics:cover:0, Light Rimmed Stable Stone Cover
ThermalDynamics:cover:0, Cyan Rimmed Stable Stone Cover
ThermalDynamics:cover:0, Purple Rimmed Stable Stone Cover
ThermalDynamics:cover:0, Blue Rimmed Stable Stone Cover
ThermalDynamics:cover:0, Brown Rimmed Stable Stone Cover
ThermalDynamics:cover:0, Green Rimmed Stable Stone Cover
ThermalDynamics:cover:0, Red Rimmed Stable Stone Cover
ThermalDynamics:cover:0, Black Rimmed Stable Stone Cover
ThermalDynamics:cover:0, Rimmed Black Stable Stone Cover
ThermalDynamics:cover:0, Orange Rimmed Black Stable Stone Cover
ThermalDynamics:cover:0, Magenta Rimmed Black Stable Stone Cover
ThermalDynamics:cover:0, Light Blue Rimmed Black Stable Stone Cover
ThermalDynamics:cover:0, Yellow Rimmed Black  Stable Stone Cover
ThermalDynamics:cover:0, Lime Rimmed Black Stable Stone Cover
ThermalDynamics:cover:0, Pink Rimmed Black Stable Stone Cover
ThermalDynamics:cover:0, Plain Rimmed Black Stable Stone Cover
ThermalDynamics:cover:0, Light Rimmed Black Stable Stone Cover
ThermalDynamics:cover:0, Cyan Rimmed Black Stable Stone Cover
ThermalDynamics:cover:0, Purple Rimmed Black Stable Stone Cover
ThermalDynamics:cover:0, Blue Rimmed Black Stable Stone Cover
ThermalDynamics:cover:0, Brown Rimmed Black Stable Stone Cover
ThermalDynamics:cover:0, Green Rimmed Black Stable Stone Cover
ThermalDynamics:cover:0, Red Rimmed Black Stable Stone Cover
ThermalDynamics:cover:0, Black Rimmed Black Stable Stone Cover
ThermalDynamics:cover:0, Stable Glass Cover
ThermalDynamics:cover:0, Clear Stable Glass Cover
ThermalDynamics:cover:0, Flawless Glass Cover
ThermalDynamics:cover:0, Purified Obsidian Cover
ThermalDynamics:cover:0, Conductor Mast Cover
ThermalDynamics:cover:0, Weather Station Cover
ThermalDynamics:cover:0, Transmitter Cover
ThermalDynamics:cover:0, Scarecrow Cover
ThermalDynamics:cover:0, Amethyst Wood Cover
ThermalDynamics:cover:0, Amethyst Planks Cover
ThermalDynamics:cover:0, Amethyst Stairs Cover
ThermalDynamics:cover:0, Amethyst Fence Cover
ThermalDynamics:cover:0, Amethyst Leaves Cover
ThermalDynamics:cover:0, Amethyst Sapling Cover
ThermalDynamics:cover:0, Tanzanite Wood Cover
ThermalDynamics:cover:0, Tanzanite Planks Cover
ThermalDynamics:cover:0, Tanzanite Stairs Cover
ThermalDynamics:cover:0, Tanzanite Fence Cover
ThermalDynamics:cover:0, Tanzanite Leaves Cover
ThermalDynamics:cover:0, Tanzanite Sapling Cover
ThermalDynamics:cover:0, Pear Wood Cover
ThermalDynamics:cover:0, Pear Planks Cover
ThermalDynamics:cover:0, Pear Stairs Cover
ThermalDynamics:cover:0, Pear Fence Cover
ThermalDynamics:cover:0, Pear Leaves Cover
ThermalDynamics:cover:0, Pear Sapling Cover
ThermalDynamics:cover:0, Diamond Wood Cover
ThermalDynamics:cover:0, Diamond Planks Cover
ThermalDynamics:cover:0, Diamond Stairs Cover
ThermalDynamics:cover:0, Diamond Fence Cover
ThermalDynamics:cover:0, Diamond Leaves Cover
ThermalDynamics:cover:0, Diamond Sapling Cover
ThermalDynamics:cover:0, Amethyst Block Cover
ThermalDynamics:cover:0, Tanzanite Block Cover
ThermalDynamics:cover:0, Enriched Gold Block Cover
ThermalDynamics:cover:0, Reinforced Iron Block Cover
ThermalDynamics:cover:0, Weakened Diamond Block Cover
ThermalDynamics:cover:0, Flawless Diamond Block Cover
ThermalDynamics:cover:0, Fire Diamond Block Cover
ThermalDynamics:cover:0, Electric Diamond Block Cover
ThermalDynamics:cover:0, End Diamond Block Cover
ThermalDynamics:cover:0, Broccoli Plant Cover
ThermalDynamics:cover:0, Prunae Plant Cover
ThermalDynamics:cover:0, Fiddledew Plant Cover
ThermalDynamics:cover:0, Compact Giant Chance Cube Cover
ThermalDynamics:cover:0, Distortion Flame Cover
ThermalDynamics:cover:0, Draconium Ore Cover
ThermalDynamics:cover:0, Rain Sensor Cover
ThermalDynamics:cover:0, Draconium Block Cover
ThermalDynamics:cover:0, Charged Draconium Block Cover
ThermalDynamics:cover:0, Energy Pylon Cover
ThermalDynamics:cover:0, tile.draconicevolution:safetyFlame.name Cover
ThermalDynamics:cover:0, Awakened Draconium Block Cover
ThermalDynamics:cover:0, Draconium Infused Obsidian Cover
ThermalDynamics:cover:0, Admin Dislocator Cover
ThermalDynamics:cover:0, tile.draconicevolution:chaosShardAtmos.name Cover
ThermalDynamics:cover:0, Shield Block Cover
ThermalDynamics:cover:0, Confusing Charge Cover
ThermalDynamics:cover:0, Ender Charge Cover
ThermalDynamics:cover:0, Concussion Charge Cover
ThermalDynamics:cover:0, Nova Catalyst Cover
ThermalDynamics:cover:0, Nova Cataclysm Cover
ThermalDynamics:cover:0, Transmutation Table Cover
ThermalDynamics:cover:0, Dark Matter Block Cover
ThermalDynamics:cover:0, Red Matter Block Cover
ThermalDynamics:cover:0, Alchemical Coal Block Cover
ThermalDynamics:cover:0, Mobius Fuel Block Cover
ThermalDynamics:cover:0, Aeternalis Fuel Block Cover
ThermalDynamics:cover:0, Blackout Curtains Cover
ThermalDynamics:cover:0, Angel Block Cover
ThermalDynamics:cover:0, Block Update Detector Cover
ThermalDynamics:cover:0, Edged Stone Bricks Cover
ThermalDynamics:cover:0, Ender-infused Obsidian Cover
ThermalDynamics:cover:0, Burnt Quartz Cover
ThermalDynamics:cover:0, Frosted Stone Cover
ThermalDynamics:cover:0, Border Stone Cover
ThermalDynamics:cover:0, Unstable Ingot Block Cover
ThermalDynamics:cover:0, Gravel Bricks Cover
ThermalDynamics:cover:0, Border Stone (Alternate) Cover
ThermalDynamics:cover:0, Magical Wood Cover
ThermalDynamics:cover:0, Sandy Glass Cover
ThermalDynamics:cover:0, Gravel Road Cover
ThermalDynamics:cover:0, Ender Core Cover
ThermalDynamics:cover:0, Diamond-Etched Computational Matrix Cover
ThermalDynamics:cover:0, Ender-Sand Alloy Cover
ThermalDynamics:cover:0, Carved 'Eminence' Stone Cover
ThermalDynamics:cover:0, Thickened Glass Cover
ThermalDynamics:cover:0, Edged Glass Cover
ThermalDynamics:cover:0, Glass Bricks Cover
ThermalDynamics:cover:0, Carved Glass Cover
ThermalDynamics:cover:0, Golden Edged Glass Cover
ThermalDynamics:cover:0, Obsidian Glass Cover
ThermalDynamics:cover:0, Swirling Glass Cover
ThermalDynamics:cover:0, Glowstone Glass Cover
ThermalDynamics:cover:0, Heart Glass Cover
ThermalDynamics:cover:0, Square Glass Cover
ThermalDynamics:cover:0, Dark Glass Cover
ThermalDynamics:cover:0, Reinforced Dark Glass Cover
ThermalDynamics:cover:0, tile.extrautils:pureLove.name Cover
ThermalDynamics:cover:0, Block of Bedrockium Cover
ThermalDynamics:cover:0, Colored Stone Bricks (White Frequency) Cover
ThermalDynamics:cover:0, Colored Stone Bricks (Orange Frequency) Cover
ThermalDynamics:cover:0, Colored Stone Bricks (Magenta Frequency) Cover
ThermalDynamics:cover:0, Colored Stone Bricks (Light Blue Frequency) Cover
ThermalDynamics:cover:0, Colored Stone Bricks (Yellow Frequency) Cover
ThermalDynamics:cover:0, Colored Stone Bricks (Lime Frequency) Cover
ThermalDynamics:cover:0, Colored Stone Bricks (Pink Frequency) Cover
ThermalDynamics:cover:0, Colored Stone Bricks (Gray Frequency) Cover
ThermalDynamics:cover:0, Colored Stone Bricks (Light Gray Frequency) Cover
ThermalDynamics:cover:0, Colored Stone Bricks (Cyan Frequency) Cover
ThermalDynamics:cover:0, Colored Stone Bricks (Purple Frequency) Cover
ThermalDynamics:cover:0, Colored Stone Bricks (Blue Frequency) Cover
ThermalDynamics:cover:0, Colored Stone Bricks (Brown Frequency) Cover
ThermalDynamics:cover:0, Colored Stone Bricks (Green Frequency) Cover
ThermalDynamics:cover:0, Colored Stone Bricks (Red Frequency) Cover
ThermalDynamics:cover:0, Colored Stone Bricks (Black Frequency) Cover
ThermalDynamics:cover:0, Colored Oak Wood Planks (White Frequency) Cover
ThermalDynamics:cover:0, Colored Oak Wood Planks (Orange Frequency) Cover
ThermalDynamics:cover:0, Colored Oak Wood Planks (Magenta Frequency) Cover
ThermalDynamics:cover:0, Colored Oak Wood Planks (Light Blue Frequency) Cover
ThermalDynamics:cover:0, Colored Oak Wood Planks (Yellow Frequency) Cover
ThermalDynamics:cover:0, Colored Oak Wood Planks (Lime Frequency) Cover
ThermalDynamics:cover:0, Colored Oak Wood Planks (Pink Frequency) Cover
ThermalDynamics:cover:0, Colored Oak Wood Planks (Gray Frequency) Cover
ThermalDynamics:cover:0, Colored Oak Wood Planks (Light Gray Frequency) Cover
ThermalDynamics:cover:0, Colored Oak Wood Planks (Cyan Frequency) Cover
ThermalDynamics:cover:0, Colored Oak Wood Planks (Purple Frequency) Cover
ThermalDynamics:cover:0, Colored Oak Wood Planks (Blue Frequency) Cover
ThermalDynamics:cover:0, Colored Oak Wood Planks (Brown Frequency) Cover
ThermalDynamics:cover:0, Colored Oak Wood Planks (Green Frequency) Cover
ThermalDynamics:cover:0, Colored Oak Wood Planks (Red Frequency) Cover
ThermalDynamics:cover:0, Colored Oak Wood Planks (Black Frequency) Cover
ThermalDynamics:cover:0, Colored Glowstone (White Frequency) Cover
ThermalDynamics:cover:0, Colored Glowstone (Orange Frequency) Cover
ThermalDynamics:cover:0, Colored Glowstone (Magenta Frequency) Cover
ThermalDynamics:cover:0, Colored Glowstone (Light Blue Frequency) Cover
ThermalDynamics:cover:0, Colored Glowstone (Yellow Frequency) Cover
ThermalDynamics:cover:0, Colored Glowstone (Lime Frequency) Cover
ThermalDynamics:cover:0, Colored Glowstone (Pink Frequency) Cover
ThermalDynamics:cover:0, Colored Glowstone (Gray Frequency) Cover
ThermalDynamics:cover:0, Colored Glowstone (Light Gray Frequency) Cover
ThermalDynamics:cover:0, Colored Glowstone (Cyan Frequency) Cover
ThermalDynamics:cover:0, Colored Glowstone (Purple Frequency) Cover
ThermalDynamics:cover:0, Colored Glowstone (Blue Frequency) Cover
ThermalDynamics:cover:0, Colored Glowstone (Brown Frequency) Cover
ThermalDynamics:cover:0, Colored Glowstone (Green Frequency) Cover
ThermalDynamics:cover:0, Colored Glowstone (Red Frequency) Cover
ThermalDynamics:cover:0, Colored Glowstone (Black Frequency) Cover
ThermalDynamics:cover:0, Colored Stone (White Frequency) Cover
ThermalDynamics:cover:0, Colored Stone (Orange Frequency) Cover
ThermalDynamics:cover:0, Colored Stone (Magenta Frequency) Cover
ThermalDynamics:cover:0, Colored Stone (Light Blue Frequency) Cover
ThermalDynamics:cover:0, Colored Stone (Yellow Frequency) Cover
ThermalDynamics:cover:0, Colored Stone (Lime Frequency) Cover
ThermalDynamics:cover:0, Colored Stone (Pink Frequency) Cover
ThermalDynamics:cover:0, Colored Stone (Gray Frequency) Cover
ThermalDynamics:cover:0, Colored Stone (Light Gray Frequency) Cover
ThermalDynamics:cover:0, Colored Stone (Cyan Frequency) Cover
ThermalDynamics:cover:0, Colored Stone (Purple Frequency) Cover
ThermalDynamics:cover:0, Colored Stone (Blue Frequency) Cover
ThermalDynamics:cover:0, Colored Stone (Brown Frequency) Cover
ThermalDynamics:cover:0, Colored Stone (Green Frequency) Cover
ThermalDynamics:cover:0, Colored Stone (Red Frequency) Cover
ThermalDynamics:cover:0, Colored Stone (Black Frequency) Cover
ThermalDynamics:cover:0, Colored Block of Quartz (White Frequency) Cover
ThermalDynamics:cover:0, Colored Block of Quartz (Orange Frequency) Cover
ThermalDynamics:cover:0, Colored Block of Quartz (Magenta Frequency) Cover
ThermalDynamics:cover:0, Colored Block of Quartz (Light Blue Frequency) Cover
ThermalDynamics:cover:0, Colored Block of Quartz (Yellow Frequency) Cover
ThermalDynamics:cover:0, Colored Block of Quartz (Lime Frequency) Cover
ThermalDynamics:cover:0, Colored Block of Quartz (Pink Frequency) Cover
ThermalDynamics:cover:0, Colored Block of Quartz (Gray Frequency) Cover
ThermalDynamics:cover:0, Colored Block of Quartz (Light Gray Frequency) Cover
ThermalDynamics:cover:0, Colored Block of Quartz (Cyan Frequency) Cover
ThermalDynamics:cover:0, Colored Block of Quartz (Purple Frequency) Cover
ThermalDynamics:cover:0, Colored Block of Quartz (Blue Frequency) Cover
ThermalDynamics:cover:0, Colored Block of Quartz (Brown Frequency) Cover
ThermalDynamics:cover:0, Colored Block of Quartz (Green Frequency) Cover
ThermalDynamics:cover:0, Colored Block of Quartz (Red Frequency) Cover
ThermalDynamics:cover:0, Colored Block of Quartz (Black Frequency) Cover
ThermalDynamics:cover:0, Colored Soul Sand (White Frequency) Cover
ThermalDynamics:cover:0, Colored Soul Sand (Orange Frequency) Cover
ThermalDynamics:cover:0, Colored Soul Sand (Magenta Frequency) Cover
ThermalDynamics:cover:0, Colored Soul Sand (Light Blue Frequency) Cover
ThermalDynamics:cover:0, Colored Soul Sand (Yellow Frequency) Cover
ThermalDynamics:cover:0, Colored Soul Sand (Lime Frequency) Cover
ThermalDynamics:cover:0, Colored Soul Sand (Pink Frequency) Cover
ThermalDynamics:cover:0, Colored Soul Sand (Gray Frequency) Cover
ThermalDynamics:cover:0, Colored Soul Sand (Light Gray Frequency) Cover
ThermalDynamics:cover:0, Colored Soul Sand (Cyan Frequency) Cover
ThermalDynamics:cover:0, Colored Soul Sand (Purple Frequency) Cover
ThermalDynamics:cover:0, Colored Soul Sand (Blue Frequency) Cover
ThermalDynamics:cover:0, Colored Soul Sand (Brown Frequency) Cover
ThermalDynamics:cover:0, Colored Soul Sand (Green Frequency) Cover
ThermalDynamics:cover:0, Colored Soul Sand (Red Frequency) Cover
ThermalDynamics:cover:0, Colored Soul Sand (Black Frequency) Cover
ThermalDynamics:cover:0, Colored Redstone Lamp (White Frequency) Cover
ThermalDynamics:cover:0, Colored Redstone Lamp (Orange Frequency) Cover
ThermalDynamics:cover:0, Colored Redstone Lamp (Magenta Frequency) Cover
ThermalDynamics:cover:0, Colored Redstone Lamp (Light Blue Frequency) Cover
ThermalDynamics:cover:0, Colored Redstone Lamp (Yellow Frequency) Cover
ThermalDynamics:cover:0, Colored Redstone Lamp (Lime Frequency) Cover
ThermalDynamics:cover:0, Colored Redstone Lamp (Pink Frequency) Cover
ThermalDynamics:cover:0, Colored Redstone Lamp (Gray Frequency) Cover
ThermalDynamics:cover:0, Colored Redstone Lamp (Light Gray Frequency) Cover
ThermalDynamics:cover:0, Colored Redstone Lamp (Cyan Frequency) Cover
ThermalDynamics:cover:0, Colored Redstone Lamp (Purple Frequency) Cover
ThermalDynamics:cover:0, Colored Redstone Lamp (Blue Frequency) Cover
ThermalDynamics:cover:0, Colored Redstone Lamp (Brown Frequency) Cover
ThermalDynamics:cover:0, Colored Redstone Lamp (Green Frequency) Cover
ThermalDynamics:cover:0, Colored Redstone Lamp (Red Frequency) Cover
ThermalDynamics:cover:0, Colored Redstone Lamp (Black Frequency) Cover
ThermalDynamics:cover:0, Colored Bricks (White Frequency) Cover
ThermalDynamics:cover:0, Colored Bricks (Orange Frequency) Cover
ThermalDynamics:cover:0, Colored Bricks (Magenta Frequency) Cover
ThermalDynamics:cover:0, Colored Bricks (Light Blue Frequency) Cover
ThermalDynamics:cover:0, Colored Bricks (Yellow Frequency) Cover
ThermalDynamics:cover:0, Colored Bricks (Lime Frequency) Cover
ThermalDynamics:cover:0, Colored Bricks (Pink Frequency) Cover
ThermalDynamics:cover:0, Colored Bricks (Gray Frequency) Cover
ThermalDynamics:cover:0, Colored Bricks (Light Gray Frequency) Cover
ThermalDynamics:cover:0, Colored Bricks (Cyan Frequency) Cover
ThermalDynamics:cover:0, Colored Bricks (Purple Frequency) Cover
ThermalDynamics:cover:0, Colored Bricks (Blue Frequency) Cover
ThermalDynamics:cover:0, Colored Bricks (Brown Frequency) Cover
ThermalDynamics:cover:0, Colored Bricks (Green Frequency) Cover
ThermalDynamics:cover:0, Colored Bricks (Red Frequency) Cover
ThermalDynamics:cover:0, Colored Bricks (Black Frequency) Cover
ThermalDynamics:cover:0, Colored Cobblestone (White Frequency) Cover
ThermalDynamics:cover:0, Colored Cobblestone (Orange Frequency) Cover
ThermalDynamics:cover:0, Colored Cobblestone (Magenta Frequency) Cover
ThermalDynamics:cover:0, Colored Cobblestone (Light Blue Frequency) Cover
ThermalDynamics:cover:0, Colored Cobblestone (Yellow Frequency) Cover
ThermalDynamics:cover:0, Colored Cobblestone (Lime Frequency) Cover
ThermalDynamics:cover:0, Colored Cobblestone (Pink Frequency) Cover
ThermalDynamics:cover:0, Colored Cobblestone (Gray Frequency) Cover
ThermalDynamics:cover:0, Colored Cobblestone (Light Gray Frequency) Cover
ThermalDynamics:cover:0, Colored Cobblestone (Cyan Frequency) Cover
ThermalDynamics:cover:0, Colored Cobblestone (Purple Frequency) Cover
ThermalDynamics:cover:0, Colored Cobblestone (Blue Frequency) Cover
ThermalDynamics:cover:0, Colored Cobblestone (Brown Frequency) Cover
ThermalDynamics:cover:0, Colored Cobblestone (Green Frequency) Cover
ThermalDynamics:cover:0, Colored Cobblestone (Red Frequency) Cover
ThermalDynamics:cover:0, Colored Cobblestone (Black Frequency) Cover
ThermalDynamics:cover:0, Colored Lapis Lazuli Block (White Frequency) Cover
ThermalDynamics:cover:0, Colored Lapis Lazuli Block (Orange Frequency) Cover
ThermalDynamics:cover:0, Colored Lapis Lazuli Block (Magenta Frequency) Cover
ThermalDynamics:cover:0, Colored Lapis Lazuli Block (Light Blue Frequency) Cover
ThermalDynamics:cover:0, Colored Lapis Lazuli Block (Yellow Frequency) Cover
ThermalDynamics:cover:0, Colored Lapis Lazuli Block (Lime Frequency) Cover
ThermalDynamics:cover:0, Colored Lapis Lazuli Block (Pink Frequency) Cover
ThermalDynamics:cover:0, Colored Lapis Lazuli Block (Gray Frequency) Cover
ThermalDynamics:cover:0, Colored Lapis Lazuli Block (Light Gray Frequency) Cover
ThermalDynamics:cover:0, Colored Lapis Lazuli Block (Cyan Frequency) Cover
ThermalDynamics:cover:0, Colored Lapis Lazuli Block (Purple Frequency) Cover
ThermalDynamics:cover:0, Colored Lapis Lazuli Block (Blue Frequency) Cover
ThermalDynamics:cover:0, Colored Lapis Lazuli Block (Brown Frequency) Cover
ThermalDynamics:cover:0, Colored Lapis Lazuli Block (Green Frequency) Cover
ThermalDynamics:cover:0, Colored Lapis Lazuli Block (Red Frequency) Cover
ThermalDynamics:cover:0, Colored Lapis Lazuli Block (Black Frequency) Cover
ThermalDynamics:cover:0, Colored Obsidian (White Frequency) Cover
ThermalDynamics:cover:0, Colored Obsidian (Orange Frequency) Cover
ThermalDynamics:cover:0, Colored Obsidian (Magenta Frequency) Cover
ThermalDynamics:cover:0, Colored Obsidian (Light Blue Frequency) Cover
ThermalDynamics:cover:0, Colored Obsidian (Yellow Frequency) Cover
ThermalDynamics:cover:0, Colored Obsidian (Lime Frequency) Cover
ThermalDynamics:cover:0, Colored Obsidian (Pink Frequency) Cover
ThermalDynamics:cover:0, Colored Obsidian (Gray Frequency) Cover
ThermalDynamics:cover:0, Colored Obsidian (Light Gray Frequency) Cover
ThermalDynamics:cover:0, Colored Obsidian (Cyan Frequency) Cover
ThermalDynamics:cover:0, Colored Obsidian (Purple Frequency) Cover
ThermalDynamics:cover:0, Colored Obsidian (Blue Frequency) Cover
ThermalDynamics:cover:0, Colored Obsidian (Brown Frequency) Cover
ThermalDynamics:cover:0, Colored Obsidian (Green Frequency) Cover
ThermalDynamics:cover:0, Colored Obsidian (Red Frequency) Cover
ThermalDynamics:cover:0, Colored Obsidian (Black Frequency) Cover
ThermalDynamics:cover:0, Colored Block of Redstone (White Frequency) Cover
ThermalDynamics:cover:0, Colored Block of Redstone (Orange Frequency) Cover
ThermalDynamics:cover:0, Colored Block of Redstone (Magenta Frequency) Cover
ThermalDynamics:cover:0, Colored Block of Redstone (Light Blue Frequency) Cover
ThermalDynamics:cover:0, Colored Block of Redstone (Yellow Frequency) Cover
ThermalDynamics:cover:0, Colored Block of Redstone (Lime Frequency) Cover
ThermalDynamics:cover:0, Colored Block of Redstone (Pink Frequency) Cover
ThermalDynamics:cover:0, Colored Block of Redstone (Gray Frequency) Cover
ThermalDynamics:cover:0, Colored Block of Redstone (Light Gray Frequency) Cover
ThermalDynamics:cover:0, Colored Block of Redstone (Cyan Frequency) Cover
ThermalDynamics:cover:0, Colored Block of Redstone (Purple Frequency) Cover
ThermalDynamics:cover:0, Colored Block of Redstone (Blue Frequency) Cover
ThermalDynamics:cover:0, Colored Block of Redstone (Brown Frequency) Cover
ThermalDynamics:cover:0, Colored Block of Redstone (Green Frequency) Cover
ThermalDynamics:cover:0, Colored Block of Redstone (Red Frequency) Cover
ThermalDynamics:cover:0, Colored Block of Redstone (Black Frequency) Cover
ThermalDynamics:cover:0, Colored Block of Coal (White Frequency) Cover
ThermalDynamics:cover:0, Colored Block of Coal (Orange Frequency) Cover
ThermalDynamics:cover:0, Colored Block of Coal (Magenta Frequency) Cover
ThermalDynamics:cover:0, Colored Block of Coal (Light Blue Frequency) Cover
ThermalDynamics:cover:0, Colored Block of Coal (Yellow Frequency) Cover
ThermalDynamics:cover:0, Colored Block of Coal (Lime Frequency) Cover
ThermalDynamics:cover:0, Colored Block of Coal (Pink Frequency) Cover
ThermalDynamics:cover:0, Colored Block of Coal (Gray Frequency) Cover
ThermalDynamics:cover:0, Colored Block of Coal (Light Gray Frequency) Cover
ThermalDynamics:cover:0, Colored Block of Coal (Cyan Frequency) Cover
ThermalDynamics:cover:0, Colored Block of Coal (Purple Frequency) Cover
ThermalDynamics:cover:0, Colored Block of Coal (Blue Frequency) Cover
ThermalDynamics:cover:0, Colored Block of Coal (Brown Frequency) Cover
ThermalDynamics:cover:0, Colored Block of Coal (Green Frequency) Cover
ThermalDynamics:cover:0, Colored Block of Coal (Red Frequency) Cover
ThermalDynamics:cover:0, Colored Block of Coal (Black Frequency) Cover
ThermalDynamics:cover:0, Compressed Cobblestone Cover
ThermalDynamics:cover:0, Double Compressed Cobblestone Cover
ThermalDynamics:cover:0, Triple Compressed Cobblestone Cover
ThermalDynamics:cover:0, Quadruple Compressed Cobblestone Cover
ThermalDynamics:cover:0, Quintuple Compressed Cobblestone Cover
ThermalDynamics:cover:0, Sextuple Compressed Cobblestone Cover
ThermalDynamics:cover:0, Septuple Compressed Cobblestone Cover
ThermalDynamics:cover:0, Octuple Compressed Cobblestone Cover
ThermalDynamics:cover:0, Compressed Dirt Cover
ThermalDynamics:cover:0, Double Compressed Dirt Cover
ThermalDynamics:cover:0, Triple Compressed Dirt Cover
ThermalDynamics:cover:0, Quadruple Compressed Dirt Cover
ThermalDynamics:cover:0, Compressed Gravel Cover
ThermalDynamics:cover:0, Double Compressed Gravel Cover
ThermalDynamics:cover:0, Compressed Sand Cover
ThermalDynamics:cover:0, Double Compressed Sand Cover
ThermalDynamics:cover:0, Conveyor Belt Cover
ThermalDynamics:cover:0, Lapis Caelestis Albus (White) Cover
ThermalDynamics:cover:0, Lapis Caelestis Aurantiacus (Orange) Cover
ThermalDynamics:cover:0, Lapis Caelestis Purpura Amethystinus (Magenta) Cover
ThermalDynamics:cover:0, Lapis Caelestis Caesicius (Light Blue) Cover
ThermalDynamics:cover:0, Lapis Caelestis Flavus (Yellow) Cover
ThermalDynamics:cover:0, Lapis Caelestis Viridis (Green) Cover
ThermalDynamics:cover:0, Lapis Caelestis Roseus (Pink) Cover
ThermalDynamics:cover:0, Lapis Caelestis Cinereus (Gray) Cover
ThermalDynamics:cover:0, Lapis Caelestis Lux Cinereus (Light Gray) Cover
ThermalDynamics:cover:0, Lapis Caelestis Callainus (Cyan) Cover
ThermalDynamics:cover:0, Lapis Caelestis Purpura (Purple) Cover
ThermalDynamics:cover:0, Lapis Caelestis Caeruleus (Blue) Cover
ThermalDynamics:cover:0, Lapis Caelestis Fuscus (Brown) Cover
ThermalDynamics:cover:0, Lapis Caelestis Paphiae Myrti (Dark Green) Cover
ThermalDynamics:cover:0, Lapis Caelestis Rufus (Red) Cover
ThermalDynamics:cover:0, Lapis Caelestis Nox (Black) Cover
ThermalDynamics:cover:0, Peaceful Table Cover
ThermalDynamics:cover:0, Transfer Pipe Cover
ThermalDynamics:cover:0, Sorting Pipe Cover
ThermalDynamics:cover:0, Rationing Pipe Cover
ThermalDynamics:cover:0, Energy Pipe Cover
ThermalDynamics:cover:0, Crossover Pipe Cover
ThermalDynamics:cover:0, Mod Sorting Pipe Cover
ThermalDynamics:cover:0, Energy Extraction Pipe Cover
ThermalDynamics:cover:0, Hyper-Rationing Pipe Cover
ThermalDynamics:cover:0, Cursed Earth Cover
ThermalDynamics:cover:0, Iron Spike Cover
ThermalDynamics:cover:0, Diamond Spike Cover
ThermalDynamics:cover:0, Golden Spike Cover
ThermalDynamics:cover:0, Wooden Spike Cover
ThermalDynamics:cover:0, Ender Quarry Upgrade Base Cover
ThermalDynamics:cover:0, Ender Quarry World Hole Upgrade Cover
ThermalDynamics:cover:0, Ender Quarry Silk Touch Upgrade Cover
ThermalDynamics:cover:0, Ender Quarry Fortune I Upgrade Cover
ThermalDynamics:cover:0, Ender Quarry Fortune II Upgrade Cover
ThermalDynamics:cover:0, Ender Quarry Fortune III Upgrade Cover
ThermalDynamics:cover:0, Ender Quarry Speed I Upgrade Cover
ThermalDynamics:cover:0, Ender Quarry Speed II Upgrade Cover
ThermalDynamics:cover:0, Ender Quarry Speed III Upgrade Cover
ThermalDynamics:cover:0, Ender Quarry Pump Upgrade Cover
ThermalDynamics:cover:0, Ender-Lily Seeds Cover
ThermalDynamics:cover:0, Redstone Clock Cover
ThermalDynamics:cover:0, Ethereal Glass Cover
ThermalDynamics:cover:0, Ineffable Glass Cover
ThermalDynamics:cover:0, Dark Ethereal Glass Cover
ThermalDynamics:cover:0, Ethereal Glass (Inverted) Cover
ThermalDynamics:cover:0, Ineffable Glass (Inverted) Cover
ThermalDynamics:cover:0, Dark Ethereal Glass (Inverted) Cover
ThermalDynamics:cover:0, Cutting Board Cover
ThermalDynamics:cover:0, Pot Cover
ThermalDynamics:cover:0, Beehive Cover
ThermalDynamics:cover:0, tile.sink.name Cover
ThermalDynamics:cover:0, tile.sink.name Cover
ThermalDynamics:cover:0, tile.sink.name Cover
ThermalDynamics:cover:0, tile.sink.name Cover
ThermalDynamics:cover:0, Salt Ore Cover
ThermalDynamics:cover:0, Compressed Salt Block Cover
ThermalDynamics:cover:0, Berry Garden Cover
ThermalDynamics:cover:0, Desert Garden Cover
ThermalDynamics:cover:0, Grass Garden Cover
ThermalDynamics:cover:0, Gourd Garden Cover
ThermalDynamics:cover:0, Ground Garden Cover
ThermalDynamics:cover:0, Herb Garden Cover
ThermalDynamics:cover:0, Leafy Garden Cover
ThermalDynamics:cover:0, Mushroom Garden Cover
ThermalDynamics:cover:0, Stalk Garden Cover
ThermalDynamics:cover:0, Textile Garden Cover
ThermalDynamics:cover:0, Tropical Garden Cover
ThermalDynamics:cover:0, Water Garden Cover
ThermalDynamics:cover:0, Apple Cover
ThermalDynamics:cover:0, Apple Sapling Cover
ThermalDynamics:cover:0, Almond Cover
ThermalDynamics:cover:0, Almond Sapling Cover
ThermalDynamics:cover:0, Apricot Cover
ThermalDynamics:cover:0, Apricot Sapling Cover
ThermalDynamics:cover:0, Avocado Cover
ThermalDynamics:cover:0, Avocado Sapling Cover
ThermalDynamics:cover:0, Banana Cover
ThermalDynamics:cover:0, Banana Sapling Cover
ThermalDynamics:cover:0, Cashew Cover
ThermalDynamics:cover:0, Cashew Sapling Cover
ThermalDynamics:cover:0, Cherry Cover
ThermalDynamics:cover:0, Cherry Sapling Cover
ThermalDynamics:cover:0, Chestnut Cover
ThermalDynamics:cover:0, Chestnut Sapling Cover
ThermalDynamics:cover:0, Cinnamon Wood Cover
ThermalDynamics:cover:0, Cinnamon Sapling Cover
ThermalDynamics:cover:0, Coconut Cover
ThermalDynamics:cover:0, Coconut Sapling Cover
ThermalDynamics:cover:0, Date Cover
ThermalDynamics:cover:0, Date Sapling Cover
ThermalDynamics:cover:0, Dragonfruit Cover
ThermalDynamics:cover:0, Dragonfruit Sapling Cover
ThermalDynamics:cover:0, Durian Cover
ThermalDynamics:cover:0, Durian Sapling Cover
ThermalDynamics:cover:0, Fig Cover
ThermalDynamics:cover:0, Fig Sapling Cover
ThermalDynamics:cover:0, Grapefruit Cover
ThermalDynamics:cover:0, Grapefruit Sapling Cover
ThermalDynamics:cover:0, Lemon Cover
ThermalDynamics:cover:0, Lemon Sapling Cover
ThermalDynamics:cover:0, Lime Cover
ThermalDynamics:cover:0, Lime Sapling Cover
ThermalDynamics:cover:0, Maple Wood Cover
ThermalDynamics:cover:0, Maple Sapling Cover
ThermalDynamics:cover:0, Mango Cover
ThermalDynamics:cover:0, Mango Sapling Cover
ThermalDynamics:cover:0, Nutmeg Cover
ThermalDynamics:cover:0, Nutmeg Sapling Cover
ThermalDynamics:cover:0, Olive Cover
ThermalDynamics:cover:0, Olive Sapling Cover
ThermalDynamics:cover:0, Orange Cover
ThermalDynamics:cover:0, Orange Sapling Cover
ThermalDynamics:cover:0, Papaya Cover
ThermalDynamics:cover:0, Papaya Sapling Cover
ThermalDynamics:cover:0, Paperbark Wood Cover
ThermalDynamics:cover:0, Paperbark Sapling Cover
ThermalDynamics:cover:0, Peach Cover
ThermalDynamics:cover:0, Peach Sapling Cover
ThermalDynamics:cover:0, Pear Cover
ThermalDynamics:cover:0, Pear Sapling Cover
ThermalDynamics:cover:0, Pecan Cover
ThermalDynamics:cover:0, Pecan Sapling Cover
ThermalDynamics:cover:0, Peppercorn Cover
ThermalDynamics:cover:0, Peppercorn Sapling Cover
ThermalDynamics:cover:0, Persimmon Cover
ThermalDynamics:cover:0, Persimmon Sapling Cover
ThermalDynamics:cover:0, Pistachio Cover
ThermalDynamics:cover:0, Pistachio Sapling Cover
ThermalDynamics:cover:0, Plum Cover
ThermalDynamics:cover:0, Plum Sapling Cover
ThermalDynamics:cover:0, Pomegranate Cover
ThermalDynamics:cover:0, Pomegranate Sapling Cover
ThermalDynamics:cover:0, Starfruit Cover
ThermalDynamics:cover:0, Starfruit Sapling Cover
ThermalDynamics:cover:0, Vanilla Bean Cover
ThermalDynamics:cover:0, Vanilla Sapling Cover
ThermalDynamics:cover:0, Walnut Cover
ThermalDynamics:cover:0, Walnut Sapling Cover
ThermalDynamics:cover:0, Goosberry Cover
ThermalDynamics:cover:0, Gooseberry Sapling Cover
ThermalDynamics:cover:0, Blackberry Crop Cover
ThermalDynamics:cover:0, Blueberry Crop Cover
ThermalDynamics:cover:0, Candleberry Crop Cover
ThermalDynamics:cover:0, Raspberry Crop Cover
ThermalDynamics:cover:0, Strawberry Crop Cover
ThermalDynamics:cover:0, Cactus Fruit Crop Cover
ThermalDynamics:cover:0, Asparagus Crop Cover
ThermalDynamics:cover:0, Barley Crop Cover
ThermalDynamics:cover:0, Oats Crop Cover
ThermalDynamics:cover:0, Rye Crop Cover
ThermalDynamics:cover:0, Corn Crop Cover
ThermalDynamics:cover:0, Bamboo Crop Cover
ThermalDynamics:cover:0, Cantaloupe Crop Cover
ThermalDynamics:cover:0, Cucumber Crop Cover
ThermalDynamics:cover:0, Winter Squash Crop Cover
ThermalDynamics:cover:0, Zucchini Crop Cover
ThermalDynamics:cover:0, Beet Crop Cover
ThermalDynamics:cover:0, Onion Crop Cover
ThermalDynamics:cover:0, Parsnip Crop Cover
ThermalDynamics:cover:0, Peanut Crop Cover
ThermalDynamics:cover:0, Radish Crop Cover
ThermalDynamics:cover:0, Rutabaga Crop Cover
ThermalDynamics:cover:0, Sweet Potato Crop Cover
ThermalDynamics:cover:0, Turnip Crop Cover
ThermalDynamics:cover:0, Rhubarb Crop Cover
ThermalDynamics:cover:0, Celery Crop Cover
ThermalDynamics:cover:0, Garlic Crop Cover
ThermalDynamics:cover:0, Ginger Crop Cover
ThermalDynamics:cover:0, Spice Leaf Crop Cover
ThermalDynamics:cover:0, Tea Leaf Crop Cover
ThermalDynamics:cover:0, Coffee Bean Crop Cover
ThermalDynamics:cover:0, Mustard Seeds Crop Cover
ThermalDynamics:cover:0, Broccoli Crop Cover
ThermalDynamics:cover:0, Cauliflower Crop Cover
ThermalDynamics:cover:0, Leek Crop Cover
ThermalDynamics:cover:0, Lettuce Crop Cover
ThermalDynamics:cover:0, Scallion Crop Cover
ThermalDynamics:cover:0, Artichoke Crop Cover
ThermalDynamics:cover:0, Brussel Sprout Crop Cover
ThermalDynamics:cover:0, Cabbage Crop Cover
ThermalDynamics:cover:0, Spinach Crop Cover
ThermalDynamics:cover:0, White Mushroom Crop Cover
ThermalDynamics:cover:0, Bean Crop Cover
ThermalDynamics:cover:0, Soybean Crop Cover
ThermalDynamics:cover:0, Bell Pepper Crop Cover
ThermalDynamics:cover:0, Chili Pepper Crop Cover
ThermalDynamics:cover:0, Eggplant Crop Cover
ThermalDynamics:cover:0, Okra Crop Cover
ThermalDynamics:cover:0, Peas Crop Cover
ThermalDynamics:cover:0, Tomato Crop Cover
ThermalDynamics:cover:0, Cotton Crop Cover
ThermalDynamics:cover:0, Pineapple Crop Cover
ThermalDynamics:cover:0, Grape Crop Cover
ThermalDynamics:cover:0, Kiwi Crop Cover
ThermalDynamics:cover:0, Cranberry Crop Cover
ThermalDynamics:cover:0, Rice Crop Cover
ThermalDynamics:cover:0, Seaweed Crop Cover
ThermalDynamics:cover:0, Curry Leaf Crop Cover
ThermalDynamics:cover:0, Sesame Seeds Crop Cover
ThermalDynamics:cover:0, Water Chestnut Crop Cover
ThermalDynamics:cover:0, White Candle Cover
ThermalDynamics:cover:0, Orange Candle Cover
ThermalDynamics:cover:0, Magenta Candle Cover
ThermalDynamics:cover:0, Light Blue Candle Cover
ThermalDynamics:cover:0, Yellow Candle Cover
ThermalDynamics:cover:0, Lime Candle Cover
ThermalDynamics:cover:0, Pink Candle Cover
ThermalDynamics:cover:0, Dark Grey Candle Cover
ThermalDynamics:cover:0, Light Grey Candle Cover
ThermalDynamics:cover:0, Cyan Candle Cover
ThermalDynamics:cover:0, Purple Candle Cover
ThermalDynamics:cover:0, Blue Candle Cover
ThermalDynamics:cover:0, Brown Candle Cover
ThermalDynamics:cover:0, Green Candle Cover
ThermalDynamics:cover:0, Red Candle Cover
ThermalDynamics:cover:0, Black Candle Cover
ThermalDynamics:cover:0, Carrot Cake Cover
ThermalDynamics:cover:0, Cheese Cake Cover
ThermalDynamics:cover:0, Cherry Cheese Cake Cover
ThermalDynamics:cover:0, Pineapple Upside Down Cake Cover
ThermalDynamics:cover:0, Chocolate Sprinkles Cake Cover
ThermalDynamics:cover:0, Red Velvet Cake Cover
ThermalDynamics:cover:0, Lamington Cover
ThermalDynamics:cover:0, Pavlova Cover
ThermalDynamics:cover:0, Holiday Cake Cover
ThermalDynamics:cover:0, Pumpkin Cheese Cake Cover
ThermalDynamics:cover:0, Copper Ore Cover
ThermalDynamics:cover:0, Bauxite Ore Cover
ThermalDynamics:cover:0, Lead Ore Cover
ThermalDynamics:cover:0, Silver Ore Cover
ThermalDynamics:cover:0, Nickel Ore Cover
ThermalDynamics:cover:0, Block of Copper Cover
ThermalDynamics:cover:0, Block of Aluminium Cover
ThermalDynamics:cover:0, Block of Lead Cover
ThermalDynamics:cover:0, Block of Silver Cover
ThermalDynamics:cover:0, Block of Nickel Cover
ThermalDynamics:cover:0, Block of Constantan Cover
ThermalDynamics:cover:0, Block of Electrum Cover
ThermalDynamics:cover:0, Block of Steel Cover
ThermalDynamics:cover:0, Copper Wire Coil Cover
ThermalDynamics:cover:0, Electrum Wire Coil Cover
ThermalDynamics:cover:0, High-Voltage Wire Coil Cover
ThermalDynamics:cover:0, Steel Fence Cover
ThermalDynamics:cover:0, Steel Scaffolding Cover
ThermalDynamics:cover:0, Radiator Block Cover
ThermalDynamics:cover:0, Heavy Engineering Block Cover
ThermalDynamics:cover:0, Generator Block Cover
ThermalDynamics:cover:0, Light Engineering Block Cover
ThermalDynamics:cover:0, Sheet Metal Block Cover
ThermalDynamics:cover:0, Steel Scaffolding Cover
ThermalDynamics:cover:0, Aluminium Fence Cover
ThermalDynamics:cover:0, Aluminium Scaffolding Cover
ThermalDynamics:cover:0, Aluminium Scaffolding Cover
ThermalDynamics:cover:0, Treated Wood Fence Cover
ThermalDynamics:cover:0, Treated Wood Slab Cover
ThermalDynamics:cover:0, Treated Wood Doubleslab Cover
ThermalDynamics:cover:0, Treated Wood Scaffolding Cover
ThermalDynamics:cover:0, Treated Wood Planks Cover
ThermalDynamics:cover:0, Treated Wood Planks Cover
ThermalDynamics:cover:0, Treated Wood Planks Cover
ThermalDynamics:cover:0, Treated Wood Stairs Cover
ThermalDynamics:cover:0, Treated Wood Stairs Cover
ThermalDynamics:cover:0, Treated Wood Stairs Cover
ThermalDynamics:cover:0, Insulating Glass Cover
ThermalDynamics:cover:0, Hempcrete Cover
ThermalDynamics:cover:0, Coke Brick Cover
ThermalDynamics:cover:0, Blast Brick Cover
ThermalDynamics:cover:0, Block of Coal Coke Cover
ThermalDynamics:cover:0, Concrete Cover
ThermalDynamics:cover:0, Concrete Tile Cover
ThermalDynamics:cover:0, Reinforced Blast Brick Cover
ThermalDynamics:cover:0, Concrete Stairs Cover
ThermalDynamics:cover:0, Concrete Tile Stairs Cover
ThermalDynamics:cover:0, Industrial Hemp Cover
ThermalDynamics:cover:0, Liquified Slime Cover
ThermalDynamics:cover:0, Hambone Cover
ThermalDynamics:cover:0, Light Gray Wool Slab Cover
ThermalDynamics:cover:0, Cyan Wool Slab Cover
ThermalDynamics:cover:0, Purple Wool Slab Cover
ThermalDynamics:cover:0, Blue Wool Slab Cover
ThermalDynamics:cover:0, Brown Wool Slab Cover
ThermalDynamics:cover:0, Green Wool Slab Cover
ThermalDynamics:cover:0, Red Wool Slab Cover
ThermalDynamics:cover:0, Black Wool Slab Cover
ThermalDynamics:cover:0, Gray Wool Slab Cover
ThermalDynamics:cover:0, Gray Wool Slab Cover
ThermalDynamics:cover:0, Gray Wool Slab Cover
ThermalDynamics:cover:0, Gray Wool Slab Cover
ThermalDynamics:cover:0, Gray Wool Slab Cover
ThermalDynamics:cover:0, Gray Wool Slab Cover
ThermalDynamics:cover:0, Gray Wool Slab Cover
ThermalDynamics:cover:0, Gray Wool Slab Cover
ThermalDynamics:cover:0, Punji Stick Cover
ThermalDynamics:cover:0, Oak Barricade Cover
ThermalDynamics:cover:0, Spruce Barricade Cover
ThermalDynamics:cover:0, Birch Barricade Cover
ThermalDynamics:cover:0, Jungle Barricade Cover
ThermalDynamics:cover:0, SDX Cover
ThermalDynamics:cover:0, SDX Cover
ThermalDynamics:cover:0, Congealed Blue Slime Cover
ThermalDynamics:cover:0, Congealed Green Slime Cover
ThermalDynamics:cover:0, Congealed Purple Slime Cover
ThermalDynamics:cover:0, Slimy Grass Cover
ThermalDynamics:cover:0, Slimy Grass Cover
ThermalDynamics:cover:0, Slimy Leaves Cover
ThermalDynamics:cover:0, Slimy Sapling Cover
ThermalDynamics:cover:0, Slime Channel Cover
ThermalDynamics:cover:0, Blood Channel Cover
ThermalDynamics:cover:0, Bounce Pad Cover
ThermalDynamics:cover:0, Torch Cover
ThermalDynamics:cover:0, Ladder Cover
ThermalDynamics:cover:0, Obsidian Brick Cover
ThermalDynamics:cover:0, Sandstone Brick Cover
ThermalDynamics:cover:0, Netherrack Brick Cover
ThermalDynamics:cover:0, Polished Stone Brick Cover
ThermalDynamics:cover:0, Iron Brick Cover
ThermalDynamics:cover:0, Gold Brick Cover
ThermalDynamics:cover:0, Lapis Brick Cover
ThermalDynamics:cover:0, Diamond Brick Cover
ThermalDynamics:cover:0, Redstone Brick Cover
ThermalDynamics:cover:0, Bone Brick Cover
ThermalDynamics:cover:0, Slime Brick Cover
ThermalDynamics:cover:0, Slime Brick Cover
ThermalDynamics:cover:0, Endstone Brick Cover
ThermalDynamics:cover:0, Obsidian Brick Cover
ThermalDynamics:cover:0, Fancy Obsidian Brick Cover
ThermalDynamics:cover:0, Fancy Sandstone Brick Cover
ThermalDynamics:cover:0, Fancy Netherrack Brick Cover
ThermalDynamics:cover:0, Fancy Polished Stone Brick Cover
ThermalDynamics:cover:0, Fancy Iron Brick Cover
ThermalDynamics:cover:0, Fancy Gold Brick Cover
ThermalDynamics:cover:0, Fancy Lapis Brick Cover
ThermalDynamics:cover:0, Fancy Diamond Brick Cover
ThermalDynamics:cover:0, Fancy Redstone Brick Cover
ThermalDynamics:cover:0, Fancy Bone Brick Cover
ThermalDynamics:cover:0, Fancy Slime Brick Cover
ThermalDynamics:cover:0, Fancy Slime Brick Cover
ThermalDynamics:cover:0, Fancy Endstone Brick Cover
ThermalDynamics:cover:0, Fancy Obsidian Brick Cover
ThermalDynamics:cover:0, Fancy Stone Brick Cover
ThermalDynamics:cover:0, Stone Road Cover
ThermalDynamics:cover:0, Alumite Brick Cover
ThermalDynamics:cover:0, Ardite Brick Cover
ThermalDynamics:cover:0, Cobalt Brick Cover
ThermalDynamics:cover:0, Manyullyn Brick Cover
ThermalDynamics:cover:0, Fancy Alumite Brick Cover
ThermalDynamics:cover:0, Fancy Ardite Brick Cover
ThermalDynamics:cover:0, Fancy Cobalt Brick Cover
ThermalDynamics:cover:0, Fancy Manyullyn Brick Cover
ThermalDynamics:cover:0, Iron Oreberry Bush Cover
ThermalDynamics:cover:0, Gold Oreberry Bush Cover
ThermalDynamics:cover:0, Copper Oreberry Bush Cover
ThermalDynamics:cover:0, Tin Oreberry Bush Cover
ThermalDynamics:cover:0, Aluminum Oreberry Bush Cover
ThermalDynamics:cover:0, Essence Berry Bush Cover
ThermalDynamics:cover:0, Cobalt Ore Cover
ThermalDynamics:cover:0, Ardite Ore Cover
ThermalDynamics:cover:0, Copper Ore Cover
ThermalDynamics:cover:0, Tin Ore Cover
ThermalDynamics:cover:0, Aluminum Ore Cover
ThermalDynamics:cover:0, Iron Gravel Ore Cover
ThermalDynamics:cover:0, Gold Gravel Ore Cover
ThermalDynamics:cover:0, Copper Gravel Ore Cover
ThermalDynamics:cover:0, Tin Gravel Ore Cover
ThermalDynamics:cover:0, Aluminum Gravel Ore Cover
ThermalDynamics:cover:0, Cobalt Gravel Ore Cover
ThermalDynamics:cover:0, Wooden Rail Cover
ThermalDynamics:cover:0, Block of Cobalt Cover
ThermalDynamics:cover:0, Block of Ardite Cover
ThermalDynamics:cover:0, Block of Manyullyn Cover
ThermalDynamics:cover:0, Block of Copper Cover
ThermalDynamics:cover:0, Block of Bronze Cover
ThermalDynamics:cover:0, Block of Tin Cover
ThermalDynamics:cover:0, Block of Aluminum Cover
ThermalDynamics:cover:0, Block of Aluminum Brass Cover
ThermalDynamics:cover:0, Block of Alumite Cover
ThermalDynamics:cover:0, Block of Steel Cover
ThermalDynamics:cover:0, Block of Solid Ender Cover
ThermalDynamics:cover:0, Slimy Mud Cover
ThermalDynamics:cover:0, Grout Cover
ThermalDynamics:cover:0, Slimy Mud Cover
ThermalDynamics:cover:0, Graveyard Soil Cover
ThermalDynamics:cover:0, Consecrated Soil Cover
ThermalDynamics:cover:0, Blue Slimedirt Cover
ThermalDynamics:cover:0, Slime Soil Cover
ThermalDynamics:cover:0, Molten Iron Cover
ThermalDynamics:cover:0, Molten Gold Cover
ThermalDynamics:cover:0, Molten Copper Cover
ThermalDynamics:cover:0, Liquid Tin Cover
ThermalDynamics:cover:0, Molten Aluminum Cover
ThermalDynamics:cover:0, Molten Cobalt Cover
ThermalDynamics:cover:0, Molten Ardite Cover
ThermalDynamics:cover:0, Molten Bronze Cover
ThermalDynamics:cover:0, Molten Aluminum Brass Cover
ThermalDynamics:cover:0, Molten Manyullyn Cover
ThermalDynamics:cover:0, Molten Alumite Cover
ThermalDynamics:cover:0, Molten Obsidian Cover
ThermalDynamics:cover:0, Molten Steel Cover
ThermalDynamics:cover:0, Molten Glass Cover
ThermalDynamics:cover:0, Seared Stone Cover
ThermalDynamics:cover:0, Liquified Emerald Cover
ThermalDynamics:cover:0, Molten Nickel Cover
ThermalDynamics:cover:0, Molten Lead Cover
ThermalDynamics:cover:0, Molten Silver Cover
ThermalDynamics:cover:0, Molten Shiny Cover
ThermalDynamics:cover:0, Molten Invar Cover
ThermalDynamics:cover:0, Molten Electrum Cover
ThermalDynamics:cover:0, Liquified Ender Cover
ThermalDynamics:cover:0, Molten Lumium Cover
ThermalDynamics:cover:0, Molten Signalum Cover
ThermalDynamics:cover:0, Molten Mana Infused Metal Cover
ThermalDynamics:cover:0, Molten Enderium Cover
ThermalDynamics:cover:0, Blood Cover
ThermalDynamics:cover:0, Glue Cover
ThermalDynamics:cover:0, Molten Pig Iron Cover
ThermalDynamics:cover:0, Seared Brick Slab Cover
ThermalDynamics:cover:0, Seared Stone Slab Cover
ThermalDynamics:cover:0, Seared Cobblestone Slab Cover
ThermalDynamics:cover:0, Seared Paver Slab Cover
ThermalDynamics:cover:0, Seared Road Slab Cover
ThermalDynamics:cover:0, Fancy Seared Slab Cover
ThermalDynamics:cover:0, Chiseled Seared Slab Cover
ThermalDynamics:cover:0, Chiseled Seared Slab Cover
ThermalDynamics:cover:0, Rough Brownstone Slab Cover
ThermalDynamics:cover:0, Brownstone Road Slab Cover
ThermalDynamics:cover:0, Brownstone Slab Cover
ThermalDynamics:cover:0, Brownstone Brick Slab Cover
ThermalDynamics:cover:0, Brownstone Road Slab Cover
ThermalDynamics:cover:0, Fancy Brownstone Slab Cover
ThermalDynamics:cover:0, Chiseled Brownstone Slab Cover
ThermalDynamics:cover:0, Glue Block Cover
ThermalDynamics:cover:0, Rough Brownstone Cover
ThermalDynamics:cover:0, Brownstone Road Cover
ThermalDynamics:cover:0, Brownstone Cover
ThermalDynamics:cover:0, Brownstone Brick Cover
ThermalDynamics:cover:0, Brownstone Road Cover
ThermalDynamics:cover:0, Fancy Brownstone Cover
ThermalDynamics:cover:0, Chiseled Brownstone Cover
ThermalDynamics:cover:0, Clear Glass Cover
ThermalDynamics:cover:0, Clear Glass Pane Cover
ThermalDynamics:cover:0, White Stained Glass Cover
ThermalDynamics:cover:0, Orange Stained Glass Cover
ThermalDynamics:cover:0, Magenta Stained Glass Cover
ThermalDynamics:cover:0, Light Blue Stained Glass Cover
ThermalDynamics:cover:0, Yellow Stained Glass Cover
ThermalDynamics:cover:0, Lime Stained Glass Cover
ThermalDynamics:cover:0, Pink Stained Glass Cover
ThermalDynamics:cover:0, Gray Stained Glass Cover
ThermalDynamics:cover:0, Light Gray Stained Glass Cover
ThermalDynamics:cover:0, Cyan Stained Glass Cover
ThermalDynamics:cover:0, Purple Stained Glass Cover
ThermalDynamics:cover:0, Blue Stained Glass Cover
ThermalDynamics:cover:0, Brown Stained Glass Cover
ThermalDynamics:cover:0, Green Stained Glass Cover
ThermalDynamics:cover:0, Red Stained Glass Cover
ThermalDynamics:cover:0, Black Stained Glass Cover
ThermalDynamics:cover:0, White Stained Pane Cover
ThermalDynamics:cover:0, Orange Stained Pane Cover
ThermalDynamics:cover:0, Magenta Stained Pane Cover
ThermalDynamics:cover:0, Light Blue Stained Pane Cover
ThermalDynamics:cover:0, Yellow Stained Pane Cover
ThermalDynamics:cover:0, Lime Stained Pane Cover
ThermalDynamics:cover:0, Pink Stained Pane Cover
ThermalDynamics:cover:0, Gray Stained Pane Cover
ThermalDynamics:cover:0, Light Gray Stained Pane Cover
ThermalDynamics:cover:0, Cyan Stained Pane Cover
ThermalDynamics:cover:0, Purple Stained Pane Cover
ThermalDynamics:cover:0, Blue Stained Pane Cover
ThermalDynamics:cover:0, Brown Stained Pane Cover
ThermalDynamics:cover:0, Green Stained Pane Cover
ThermalDynamics:cover:0, Red Stained Pane Cover
ThermalDynamics:cover:0, Black Stained Pane Cover
ThermalDynamics:cover:0, Molten Refined Glowstone Cover
ThermalDynamics:cover:0, Molten Osmium Cover
ThermalDynamics:cover:0, Molten Pokefennium Cover
ThermalDynamics:cover:0, Molten Fairy Cover
ThermalDynamics:cover:0, Molten RedAurum Cover
ThermalDynamics:cover:0, Molten Dark Steel Cover
ThermalDynamics:cover:0, Molten Zinc Cover
ThermalDynamics:cover:0, Molten Brass Cover
ThermalDynamics:cover:0, Molten Adamantine Cover
ThermalDynamics:cover:0, Molten Conductive Iron Cover
ThermalDynamics:cover:0, Molten Electrical Steel Cover
ThermalDynamics:cover:0, Molten Energetic Alloy Cover
ThermalDynamics:cover:0, Molten Phased Gold Cover
ThermalDynamics:cover:0, Molten Phased Iron Cover
ThermalDynamics:cover:0, Molten Redstone Alloy Cover
ThermalDynamics:cover:0, Liquid Silicon Cover
ThermalDynamics:cover:0, Molten Soularium Cover
ThermalDynamics:cover:0, Molten Manasteel Cover
ThermalDynamics:cover:0, Molten Terrasteel Cover
ThermalDynamics:cover:0, Molten Elementium Cover
ThermalDynamics:cover:0, Molten Voidmetal Cover
ThermalDynamics:cover:0, Molten Blutonium Cover
ThermalDynamics:cover:0, Molten Ludicrite Cover
ThermalDynamics:cover:0, Molten Bedrockium Cover
ThermalDynamics:cover:0, Molten Wither Iron Cover
ThermalDynamics:cover:0, Molten Constantan Cover
ThermalDynamics:cover:0, Fairy Block Cover
ThermalDynamics:cover:0, Pokefennium Block Cover
ThermalDynamics:cover:0, RedAurum Block Cover
ThermalDynamics:cover:0, Ender Flower Cover
ThermalDynamics:cover:0, End Stone Brick Cover
ThermalDynamics:cover:0, Ender Pearl Block Cover
ThermalDynamics:cover:0, Ender Pearl Brick Cover
ThermalDynamics:cover:0, End Stone Stairs Cover
ThermalDynamics:cover:0, Ender Pearl Brick Stairs Cover
ThermalDynamics:cover:0, Ender Toggler Cover
ThermalDynamics:cover:0, tile.ganysend.enderTogglerAir.name Cover
ThermalDynamics:cover:0, Raw Endium Cover
ThermalDynamics:cover:0, Block of Endium Cover
ThermalDynamics:cover:0, Emulator Cover
ThermalDynamics:cover:0, End Stone Brick Wall Cover
ThermalDynamics:cover:0, Ender Pearl Brick Wall Cover
ThermalDynamics:cover:0, Tilled Netherrack Cover
ThermalDynamics:cover:0, Quarz-Berry Bush Cover
ThermalDynamics:cover:0, Spectre Wheat Cover
ThermalDynamics:cover:0, Glowing Reed Cover
ThermalDynamics:cover:0, Soul Glass Cover
ThermalDynamics:cover:0, Soul Glass Brick Cover
ThermalDynamics:cover:0, Dense Lava Cell Cover
ThermalDynamics:cover:0, Black Glow Box Cover
ThermalDynamics:cover:0, Red Glow Box Cover
ThermalDynamics:cover:0, Green Glow Box Cover
ThermalDynamics:cover:0, Brown Glow Box Cover
ThermalDynamics:cover:0, Blue Glow Box Cover
ThermalDynamics:cover:0, Purple Glow Box Cover
ThermalDynamics:cover:0, Cyan Glow Box Cover
ThermalDynamics:cover:0, Light Gray Glow Box Cover
ThermalDynamics:cover:0, Gray Glow Box Cover
ThermalDynamics:cover:0, Pink Glow Box Cover
ThermalDynamics:cover:0, Lime Glow Box Cover
ThermalDynamics:cover:0, Yellow Glow Box Cover
ThermalDynamics:cover:0, Light Blue Glow Box Cover
ThermalDynamics:cover:0, Magenta Glow Box Cover
ThermalDynamics:cover:0, Orange Glow Box Cover
ThermalDynamics:cover:0, White Glow Box Cover
ThermalDynamics:cover:0, Black Quartz Block Cover
ThermalDynamics:cover:0, Red Quartz Block Cover
ThermalDynamics:cover:0, Green Quartz Block Cover
ThermalDynamics:cover:0, Brown Quartz Block Cover
ThermalDynamics:cover:0, Blue Quartz Block Cover
ThermalDynamics:cover:0, Purple Quartz Block Cover
ThermalDynamics:cover:0, Cyan Quartz Block Cover
ThermalDynamics:cover:0, Light Gray Quartz Block Cover
ThermalDynamics:cover:0, Gray Quartz Block Cover
ThermalDynamics:cover:0, Pink Quartz Block Cover
ThermalDynamics:cover:0, Lime Quartz Block Cover
ThermalDynamics:cover:0, Yellow Quartz Block Cover
ThermalDynamics:cover:0, Light Blue Quartz Block Cover
ThermalDynamics:cover:0, Magenta Quartz Block Cover
ThermalDynamics:cover:0, Orange Quartz Block Cover
ThermalDynamics:cover:0, White Quartz Block Cover
ThermalDynamics:cover:0, Black Chiselled Quartz Block Cover
ThermalDynamics:cover:0, Red Chiselled Quartz Block Cover
ThermalDynamics:cover:0, Green Chiselled Quartz Block Cover
ThermalDynamics:cover:0, Brown Chiselled Quartz Block Cover
ThermalDynamics:cover:0, Blue Chiselled Quartz Block Cover
ThermalDynamics:cover:0, Purple Chiselled Quartz Block Cover
ThermalDynamics:cover:0, Cyan Chiselled Quartz Block Cover
ThermalDynamics:cover:0, Light Gray Chiselled Quartz Block Cover
ThermalDynamics:cover:0, Gray Chiselled Quartz Block Cover
ThermalDynamics:cover:0, Pink Chiselled Quartz Block Cover
ThermalDynamics:cover:0, Lime Chiselled Quartz Block Cover
ThermalDynamics:cover:0, Yellow Chiselled Quartz Block Cover
ThermalDynamics:cover:0, Light Blue Chiselled Quartz Block Cover
ThermalDynamics:cover:0, Magenta Chiselled Quartz Block Cover
ThermalDynamics:cover:0, Orange Chiselled Quartz Block Cover
ThermalDynamics:cover:0, White Chiselled Quartz Block Cover
ThermalDynamics:cover:0, Black Quartz Stairs Cover
ThermalDynamics:cover:0, Red Quartz Stairs Cover
ThermalDynamics:cover:0, Green Quartz Stairs Cover
ThermalDynamics:cover:0, Brown Quartz Stairs Cover
ThermalDynamics:cover:0, Blue Quartz Stairs Cover
ThermalDynamics:cover:0, Purple Quartz Stairs Cover
ThermalDynamics:cover:0, Cyan Quartz Stairs Cover
ThermalDynamics:cover:0, Light Gray Quartz Stairs Cover
ThermalDynamics:cover:0, Gray Quartz Stairs Cover
ThermalDynamics:cover:0, Pink Quartz Stairs Cover
ThermalDynamics:cover:0, Lime Quartz Stairs Cover
ThermalDynamics:cover:0, Yellow Quartz Stairs Cover
ThermalDynamics:cover:0, Light Blue Quartz Stairs Cover
ThermalDynamics:cover:0, Magenta Quartz Stairs Cover
ThermalDynamics:cover:0, Orange Quartz Stairs Cover
ThermalDynamics:cover:0, White Quartz Stairs Cover
ThermalDynamics:cover:0, Soul Glass Brick Stairs Cover
ThermalDynamics:cover:0, Black Pillar Quartz Block Cover
ThermalDynamics:cover:0, Red Pillar Quartz Block Cover
ThermalDynamics:cover:0, Green Pillar Quartz Block Cover
ThermalDynamics:cover:0, Brown Pillar Quartz Block Cover
ThermalDynamics:cover:0, Blue Pillar Quartz Block Cover
ThermalDynamics:cover:0, Purple Pillar Quartz Block Cover
ThermalDynamics:cover:0, Cyan Pillar Quartz Block Cover
ThermalDynamics:cover:0, Light Gray Pillar Quartz Block Cover
ThermalDynamics:cover:0, Gray Pillar Quartz Block Cover
ThermalDynamics:cover:0, Pink Pillar Quartz Block Cover
ThermalDynamics:cover:0, Lime Pillar Quartz Block Cover
ThermalDynamics:cover:0, Yellow Pillar Quartz Block Cover
ThermalDynamics:cover:0, Light Blue Pillar Quartz Block Cover
ThermalDynamics:cover:0, Magenta Pillar Quartz Block Cover
ThermalDynamics:cover:0, Orange Pillar Quartz Block Cover
ThermalDynamics:cover:0, White Pillar Quartz Block Cover
ThermalDynamics:cover:0, Wither Shrub Cover
ThermalDynamics:cover:0, Weeping Pod Cover
ThermalDynamics:cover:0, Soul TNT Cover
ThermalDynamics:cover:0, Blazing Cactoid Cover
ThermalDynamics:cover:0, Hell Bush Cover
ThermalDynamics:cover:0, Focused Lava Cell Cover
ThermalDynamics:cover:0, Soul Glass Pane Cover
ThermalDynamics:cover:0, Soul Glass Brick Pane Cover
ThermalDynamics:cover:0, Blaze Block Cover
ThermalDynamics:cover:0, Mutagen Cover
ThermalDynamics:cover:0, Liquid DNA Cover
ThermalDynamics:cover:0, Protein Cover
ThermalDynamics:cover:0, Extendable Wooden Post Cover
ThermalDynamics:cover:0, Steel Trapdoor Cover
ThermalDynamics:cover:0, Coke Oven Wall Cover
ThermalDynamics:cover:0, Heated Coke Oven Wall Cover
ThermalDynamics:cover:0, Coke Oven Port Cover
ThermalDynamics:cover:0, Fluix Wire Coil Cover
ThermalDynamics:cover:0, Dense Wire Coil Cover
ThermalDynamics:cover:0, Limestone Slab Cover
ThermalDynamics:cover:0, Limestone Slab Cover
ThermalDynamics:cover:0, Burnt Limestone Slab Cover
ThermalDynamics:cover:0, Burnt Limestone Slab Cover
ThermalDynamics:cover:0, Limestone Brick Slab Cover
ThermalDynamics:cover:0, Limestone Brick Slab Cover
ThermalDynamics:cover:0, Clay Roof Tile Slab Cover
ThermalDynamics:cover:0, Clay Roof Tile Slab Cover
ThermalDynamics:cover:0, Limestone Tile Slab Cover
ThermalDynamics:cover:0, Limestone Tile Slab Cover
ThermalDynamics:cover:0, Burnt Limestone Brick Slab Cover
ThermalDynamics:cover:0, Burnt Limestone Brick Slab Cover
ThermalDynamics:cover:0, Limestone Cobble Slab Cover
ThermalDynamics:cover:0, Limestone Cobble Slab Cover
ThermalDynamics:cover:0, Burnt Limestone Cobble Slab Cover
ThermalDynamics:cover:0, Burnt Limestone Cobble Slab Cover
ThermalDynamics:cover:0, Copper Ore Cover
ThermalDynamics:cover:0, Salt Ore Cover
ThermalDynamics:cover:0, Sulfur Ore Cover
ThermalDynamics:cover:0, Thorium Ore Cover
ThermalDynamics:cover:0, Tungsten Ore Cover
ThermalDynamics:cover:0, Uranium Ore Cover
ThermalDynamics:cover:0, Limestone Cover
ThermalDynamics:cover:0, Limestone Stairs Cover
ThermalDynamics:cover:0, Burnt Limestone Cover
ThermalDynamics:cover:0, Burnt Limestone Stairs Cover
ThermalDynamics:cover:0, Limestone Bricks Cover
ThermalDynamics:cover:0, Limestone Brick Stairs Cover
ThermalDynamics:cover:0, Clay Roof Tiles Cover
ThermalDynamics:cover:0, Clay Roof Tile Stairs Cover
ThermalDynamics:cover:0, Limestone Tiles Cover
ThermalDynamics:cover:0, Limestone Tile Stairs Cover
ThermalDynamics:cover:0, Burnt Limestone Bricks Cover
ThermalDynamics:cover:0, Burnt Limestone Brick Stairs Cover
ThermalDynamics:cover:0, Limestone Cobble Cover
ThermalDynamics:cover:0, Limestone Cobble Stairs Cover
ThermalDynamics:cover:0, Burnt Limestone Cobble Cover
ThermalDynamics:cover:0, Burnt Limestone Cobble Stairs Cover
ThermalDynamics:cover:0, Copper Block Cover
ThermalDynamics:cover:0, Tungsten Block Cover
ThermalDynamics:cover:0, Carbide Block Cover
ThermalDynamics:cover:0, Brass Block Cover
ThermalDynamics:cover:0, Zinc Block Cover
ThermalDynamics:cover:0, Air Bubble Cover
ThermalDynamics:cover:0, Salt Block Cover
ThermalDynamics:cover:0, Sulfur Block Cover
ThermalDynamics:cover:0, Zinc Ore Cover
ThermalDynamics:cover:0, Tar Cover
ThermalDynamics:cover:0, Steam Cover
ThermalDynamics:cover:0, Crude Oil Cover
ThermalDynamics:cover:0, Heavy Oil Cover
ThermalDynamics:cover:0, Light Oil Cover
ThermalDynamics:cover:0, Natural Gas Cover
ThermalDynamics:cover:0, Hot Crude Cover
ThermalDynamics:cover:0, Osmium Block Cover
ThermalDynamics:cover:0, Bronze Block Cover
ThermalDynamics:cover:0, Refined Obsidian Cover
ThermalDynamics:cover:0, Charcoal Block Cover
ThermalDynamics:cover:0, Refined Glowstone Cover
ThermalDynamics:cover:0, Steel Block Cover
ThermalDynamics:cover:0, Teleporter Frame Cover
ThermalDynamics:cover:0, Steel Casing Cover
ThermalDynamics:cover:0, Copper Block Cover
ThermalDynamics:cover:0, Tin Block Cover
ThermalDynamics:cover:0, Osmium Ore Cover
ThermalDynamics:cover:0, Copper Ore Cover
ThermalDynamics:cover:0, Tin Ore Cover
ThermalDynamics:cover:0, §8Black Plastic Block Cover
ThermalDynamics:cover:0, §cRed Plastic Block Cover
ThermalDynamics:cover:0, §2Green Plastic Block Cover
ThermalDynamics:cover:0, §6Brown Plastic Block Cover
ThermalDynamics:cover:0, §1Blue Plastic Block Cover
ThermalDynamics:cover:0, §5Purple Plastic Block Cover
ThermalDynamics:cover:0, §3Cyan Plastic Block Cover
ThermalDynamics:cover:0, §7Light Grey Plastic Block Cover
ThermalDynamics:cover:0, §8Grey Plastic Block Cover
ThermalDynamics:cover:0, §dPink Plastic Block Cover
ThermalDynamics:cover:0, §aLime Plastic Block Cover
ThermalDynamics:cover:0, §eYellow Plastic Block Cover
ThermalDynamics:cover:0, §9Light Blue Plastic Block Cover
ThermalDynamics:cover:0, §dMagenta Plastic Block Cover
ThermalDynamics:cover:0, §6Orange Plastic Block Cover
ThermalDynamics:cover:0, §fWhite Plastic Block Cover
ThermalDynamics:cover:0, §8Black Slick Plastic Block Cover
ThermalDynamics:cover:0, §cRed Slick Plastic Block Cover
ThermalDynamics:cover:0, §2Green Slick Plastic Block Cover
ThermalDynamics:cover:0, §6Brown Slick Plastic Block Cover
ThermalDynamics:cover:0, §1Blue Slick Plastic Block Cover
ThermalDynamics:cover:0, §5Purple Slick Plastic Block Cover
ThermalDynamics:cover:0, §3Cyan Slick Plastic Block Cover
ThermalDynamics:cover:0, §7Light Grey Slick Plastic Block Cover
ThermalDynamics:cover:0, §8Grey Slick Plastic Block Cover
ThermalDynamics:cover:0, §dPink Slick Plastic Block Cover
ThermalDynamics:cover:0, §aLime Slick Plastic Block Cover
ThermalDynamics:cover:0, §eYellow Slick Plastic Block Cover
ThermalDynamics:cover:0, §9Light Blue Slick Plastic Block Cover
ThermalDynamics:cover:0, §dMagenta Slick Plastic Block Cover
ThermalDynamics:cover:0, §6Orange Slick Plastic Block Cover
ThermalDynamics:cover:0, §fWhite Slick Plastic Block Cover
ThermalDynamics:cover:0, §8Black Plastic Glow Block Cover
ThermalDynamics:cover:0, §cRed Plastic Glow Block Cover
ThermalDynamics:cover:0, §2Green Plastic Glow Block Cover
ThermalDynamics:cover:0, §6Brown Plastic Glow Block Cover
ThermalDynamics:cover:0, §1Blue Plastic Glow Block Cover
ThermalDynamics:cover:0, §5Purple Plastic Glow Block Cover
ThermalDynamics:cover:0, §3Cyan Plastic Glow Block Cover
ThermalDynamics:cover:0, §7Light Grey Plastic Glow Block Cover
ThermalDynamics:cover:0, §8Grey Plastic Glow Block Cover
ThermalDynamics:cover:0, §dPink Plastic Glow Block Cover
ThermalDynamics:cover:0, §aLime Plastic Glow Block Cover
ThermalDynamics:cover:0, §eYellow Plastic Glow Block Cover
ThermalDynamics:cover:0, §9Light Blue Plastic Glow Block Cover
ThermalDynamics:cover:0, §dMagenta Plastic Glow Block Cover
ThermalDynamics:cover:0, §6Orange Plastic Glow Block Cover
ThermalDynamics:cover:0, §fWhite Plastic Glow Block Cover
ThermalDynamics:cover:0, §8Black Reinforced Plastic Block Cover
ThermalDynamics:cover:0, §cRed Reinforced Plastic Block Cover
ThermalDynamics:cover:0, §2Green Reinforced Plastic Block Cover
ThermalDynamics:cover:0, §6Brown Reinforced Plastic Block Cover
ThermalDynamics:cover:0, §1Blue Reinforced Plastic Block Cover
ThermalDynamics:cover:0, §5Purple Reinforced Plastic Block Cover
ThermalDynamics:cover:0, §3Cyan Reinforced Plastic Block Cover
ThermalDynamics:cover:0, §7Light Grey Reinforced Plastic Block Cover
ThermalDynamics:cover:0, §8Grey Reinforced Plastic Block Cover
ThermalDynamics:cover:0, §dPink Reinforced Plastic Block Cover
ThermalDynamics:cover:0, §aLime Reinforced Plastic Block Cover
ThermalDynamics:cover:0, §eYellow Reinforced Plastic Block Cover
ThermalDynamics:cover:0, §9Light Blue Reinforced Plastic Block Cover
ThermalDynamics:cover:0, §dMagenta Reinforced Plastic Block Cover
ThermalDynamics:cover:0, §6Orange Reinforced Plastic Block Cover
ThermalDynamics:cover:0, §fWhite Reinforced Plastic Block Cover
ThermalDynamics:cover:0, §8Black Plastic Road Cover
ThermalDynamics:cover:0, §cRed Plastic Road Cover
ThermalDynamics:cover:0, §2Green Plastic Road Cover
ThermalDynamics:cover:0, §6Brown Plastic Road Cover
ThermalDynamics:cover:0, §1Blue Plastic Road Cover
ThermalDynamics:cover:0, §5Purple Plastic Road Cover
ThermalDynamics:cover:0, §3Cyan Plastic Road Cover
ThermalDynamics:cover:0, §7Light Grey Plastic Road Cover
ThermalDynamics:cover:0, §8Grey Plastic Road Cover
ThermalDynamics:cover:0, §dPink Plastic Road Cover
ThermalDynamics:cover:0, §aLime Plastic Road Cover
ThermalDynamics:cover:0, §eYellow Plastic Road Cover
ThermalDynamics:cover:0, §9Light Blue Plastic Road Cover
ThermalDynamics:cover:0, §dMagenta Plastic Road Cover
ThermalDynamics:cover:0, §6Orange Plastic Road Cover
ThermalDynamics:cover:0, §fWhite Plastic Road Cover
ThermalDynamics:cover:0, §8Black Plastic Barrier Cover
ThermalDynamics:cover:0, §cRed Plastic Barrier Cover
ThermalDynamics:cover:0, §2Green Plastic Barrier Cover
ThermalDynamics:cover:0, §6Brown Plastic Barrier Cover
ThermalDynamics:cover:0, §1Blue Plastic Barrier Cover
ThermalDynamics:cover:0, §5Purple Plastic Barrier Cover
ThermalDynamics:cover:0, §3Cyan Plastic Barrier Cover
ThermalDynamics:cover:0, §7Light Grey Plastic Barrier Cover
ThermalDynamics:cover:0, §8Grey Plastic Barrier Cover
ThermalDynamics:cover:0, §dPink Plastic Barrier Cover
ThermalDynamics:cover:0, §aLime Plastic Barrier Cover
ThermalDynamics:cover:0, §eYellow Plastic Barrier Cover
ThermalDynamics:cover:0, §9Light Blue Plastic Barrier Cover
ThermalDynamics:cover:0, §dMagenta Plastic Barrier Cover
ThermalDynamics:cover:0, §6Orange Plastic Barrier Cover
ThermalDynamics:cover:0, §fWhite Plastic Barrier Cover
ThermalDynamics:cover:0, Salt Block Cover
ThermalDynamics:cover:0, Black Decay Cover
ThermalDynamics:cover:0, Crystal Cover
ThermalDynamics:cover:0, Link Portal Cover
ThermalDynamics:cover:0, Black Ink Cover
ThermalDynamics:cover:0, Nether Coal Ore Cover
ThermalDynamics:cover:0, Nether Diamond Ore Cover
ThermalDynamics:cover:0, Nether Gold Ore Cover
ThermalDynamics:cover:0, Nether Iron Ore Cover
ThermalDynamics:cover:0, Nether Lapis Ore Cover
ThermalDynamics:cover:0, Nether Redstone Ore Cover
ThermalDynamics:cover:0, Nether Copper Ore Cover
ThermalDynamics:cover:0, Nether Tin Ore Cover
ThermalDynamics:cover:0, Nether Emerald Ore Cover
ThermalDynamics:cover:0, Nether Silver Ore Cover
ThermalDynamics:cover:0, Nether Lead Ore Cover
ThermalDynamics:cover:0, Nether Uranium Ore Cover
ThermalDynamics:cover:0, Nether Nikolite Ore Cover
ThermalDynamics:cover:0, Nether Ruby Ore Cover
ThermalDynamics:cover:0, Nether Peridot Ore Cover
ThermalDynamics:cover:0, Nether Sapphire Ore Cover
ThermalDynamics:cover:0, Nether Platinum Ore Cover
ThermalDynamics:cover:0, Nether Ferrous Ore Cover
ThermalDynamics:cover:0, Nether Pig Iron Ore Cover
ThermalDynamics:cover:0, Nether Iridium Ore Cover
ThermalDynamics:cover:0, Nether Osmium Ore Cover
ThermalDynamics:cover:0, Nether Sulfur Ore Cover
ThermalDynamics:cover:0, Nether Titanium Ore Cover
ThermalDynamics:cover:0, Nether Mithril Ore Cover
ThermalDynamics:cover:0, Nether Adamantium Ore Cover
ThermalDynamics:cover:0, Nether Rutile Ore Cover
ThermalDynamics:cover:0, Nether Tungsten Ore Cover
ThermalDynamics:cover:0, Nether Amber Ore Cover
ThermalDynamics:cover:0, Nether Tennantite Ore Cover
ThermalDynamics:cover:0, Nether Salt Ore Cover
ThermalDynamics:cover:0, Nether Saltpeter Ore Cover
ThermalDynamics:cover:0, Nether Magnesium Ore Cover
ThermalDynamics:cover:0, Netherrack Cover
ThermalDynamics:cover:0, tile.pressurePlate.OBSIDIAN.name Cover
ThermalDynamics:cover:0, tile.pressurePlate.OBSIDIAN.hidden.name Cover
ThermalDynamics:cover:0, tile.pressurePlate.OBSIDIAN.silent.name Cover
ThermalDynamics:cover:0, tile.pressurePlate.OBSIDIAN.both.name Cover
ThermalDynamics:cover:0, tile.pressurePlate.MOSSY.name Cover
ThermalDynamics:cover:0, tile.pressurePlate.MOSSY.hidden.name Cover
ThermalDynamics:cover:0, tile.pressurePlate.MOSSY.silent.name Cover
ThermalDynamics:cover:0, tile.pressurePlate.MOSSY.both.name Cover
ThermalDynamics:cover:0, Jaded Ladder Cover
ThermalDynamics:cover:0, Elevator Cover
ThermalDynamics:cover:0, Elevator Cover
ThermalDynamics:cover:0, Elevator Cover
ThermalDynamics:cover:0, Elevator Cover
ThermalDynamics:cover:0, Elevator Cover
ThermalDynamics:cover:0, Elevator Cover
ThermalDynamics:cover:0, Elevator Cover
ThermalDynamics:cover:0, Elevator Cover
ThermalDynamics:cover:0, Elevator Cover
ThermalDynamics:cover:0, Elevator Cover
ThermalDynamics:cover:0, Elevator Cover
ThermalDynamics:cover:0, Elevator Cover
ThermalDynamics:cover:0, Elevator Cover
ThermalDynamics:cover:0, Elevator Cover
ThermalDynamics:cover:0, Elevator Cover
ThermalDynamics:cover:0, Elevator Cover
ThermalDynamics:cover:0, Sponge Cover
ThermalDynamics:cover:0, Path Cover
ThermalDynamics:cover:0, Rope Ladder Cover
ThermalDynamics:cover:0, Scaffolding Cover
ThermalDynamics:cover:0, Ore Conversion Table Cover
ThermalDynamics:cover:0, Forging Hammer Cover
ThermalDynamics:cover:0, Sapphire Ore Cover
ThermalDynamics:cover:0, Fertilized Dirt Cover
ThermalDynamics:cover:0, Fertilized Dirt Cover
ThermalDynamics:cover:0, Lapis Lamp Cover
ThermalDynamics:cover:0, Spectre Glass Cover
ThermalDynamics:cover:0, Black Spectre Block Cover
ThermalDynamics:cover:0, Red Spectre Block Cover
ThermalDynamics:cover:0, Green Spectre Block Cover
ThermalDynamics:cover:0, Brown Spectre Block Cover
ThermalDynamics:cover:0, Blue Spectre Block Cover
ThermalDynamics:cover:0, Purple Spectre Block Cover
ThermalDynamics:cover:0, Cyan Spectre Block Cover
ThermalDynamics:cover:0, Light Gray Spectre Block Cover
ThermalDynamics:cover:0, Gray Spectre Block Cover
ThermalDynamics:cover:0, Pink Spectre Block Cover
ThermalDynamics:cover:0, Lime Spectre Block Cover
ThermalDynamics:cover:0, Yellow Spectre Block Cover
ThermalDynamics:cover:0, Light Blue Spectre Block Cover
ThermalDynamics:cover:0, Magenta Spectre Block Cover
ThermalDynamics:cover:0, Orange Spectre Block Cover
ThermalDynamics:cover:0, White Spectre Block Cover
ThermalDynamics:cover:0, Fluxed Electrum Block Cover
ThermalDynamics:cover:0, Flux Crystal Block Cover
ThermalDynamics:cover:0, Block of Gelid Enderium Cover
ThermalDynamics:cover:0, Gelid Gem Block Cover
ThermalDynamics:cover:0, Lapis Quisque Cover
ThermalDynamics:cover:0, Lilypad of Fertility Cover
ThermalDynamics:cover:0, §eInterdiction Torch Cover
ThermalDynamics:cover:0, Wraith Node Cover
ThermalDynamics:cover:0, Machine Frame Cover
ThermalDynamics:cover:0, Machine Base Cover
ThermalDynamics:cover:0, Dimensional Shard Ore Cover
ThermalDynamics:cover:0, Dimensional Blank Block Cover
ThermalDynamics:cover:0, Dimensional Block Cover
ThermalDynamics:cover:0, Dimensional Small Blocks Cover
ThermalDynamics:cover:0, Dimensional Cross Block Cover
ThermalDynamics:cover:0, Dimensional Cross 2 Block Cover
ThermalDynamics:cover:0, Dimensional Pattern 1 Block Cover
ThermalDynamics:cover:0, Dimensional Pattern 2 Block Cover
ThermalDynamics:cover:0, Activity Probe Cover
ThermalDynamics:cover:0, Destination Analyzer Cover
ThermalDynamics:cover:0, Matter Booster Cover
ThermalDynamics:cover:0, Shield Template Cover
ThermalDynamics:cover:0, Shield Template Cover
ThermalDynamics:cover:0, Shield Template Cover
ThermalDynamics:cover:0, Shield Template Cover
ThermalDynamics:cover:0, Space Chamber Corner Block Cover
ThermalDynamics:cover:0, Support Block Cover
ThermalDynamics:cover:0, Dungeon Bricks (Unbreakable) Cover
ThermalDynamics:cover:0, Mossy Dungeon Bricks (Unbreakable) Cover
ThermalDynamics:cover:0, Cracked Dungeon Bricks (Unbreakable) Cover
ThermalDynamics:cover:0, Runic Dungeon Bricks (Unbreakable) Cover
ThermalDynamics:cover:0, Mossy Runic Dungeon Bricks (Unbreakable) Cover
ThermalDynamics:cover:0, Cracked Runic Dungeon Bricks (Unbreakable) Cover
ThermalDynamics:cover:0, Demonic Bricks (Unbreakable) Cover
ThermalDynamics:cover:0, Runic Demonic Bricks (Unbreakable) Cover
ThermalDynamics:cover:0, Dungeon Bricks Cover
ThermalDynamics:cover:0, Mossy Dungeon Bricks Cover
ThermalDynamics:cover:0, Cracked Dungeon Bricks Cover
ThermalDynamics:cover:0, Runic Dungeon Bricks Cover
ThermalDynamics:cover:0, Mossy Runic Dungeon Bricks Cover
ThermalDynamics:cover:0, Cracked Runic Dungeon Bricks Cover
ThermalDynamics:cover:0, Demonic Bricks Cover
ThermalDynamics:cover:0, Runic Demonic Bricks Cover
ThermalDynamics:cover:0, Dungeon Bricks (Obsidian Infused) Cover
ThermalDynamics:cover:0, Mossy Dungeon Bricks (Obsidian Infused) Cover
ThermalDynamics:cover:0, Cracked Dungeon Bricks (Obsidian Infused) Cover
ThermalDynamics:cover:0, Runic Dungeon Bricks (Obsidian Infused) Cover
ThermalDynamics:cover:0, Mossy Runic Dungeon Bricks (Obsidian Infused) Cover
ThermalDynamics:cover:0, Cracked Runic Dungeon Bricks (Obsidian Infused) Cover
ThermalDynamics:cover:0, Dungeon Bricks (WitherBoss-Proof) Cover
ThermalDynamics:cover:0, Mossy Dungeon Bricks (WitherBoss-Proof) Cover
ThermalDynamics:cover:0, Cracked Dungeon Bricks (WitherBoss-Proof) Cover
ThermalDynamics:cover:0, Runic Dungeon Bricks (WitherBoss-Proof) Cover
ThermalDynamics:cover:0, Mossy Runic Dungeon Bricks (WitherBoss-Proof) Cover
ThermalDynamics:cover:0, Cracked Runic Dungeon Bricks (WitherBoss-Proof) Cover
ThermalDynamics:cover:0, Runic Lamp (Unbreakable) Cover
ThermalDynamics:cover:0, Runic Pillar (Unbreakable) Cover
ThermalDynamics:cover:0, Runic Lamp Cover
ThermalDynamics:cover:0, Runic Pillar Cover
ThermalDynamics:cover:0, Runic Glass Cover
ThermalDynamics:cover:0, Runic Glass (Obsidian Infused) Cover
ThermalDynamics:cover:0, Dungeon Keyhole Cover
ThermalDynamics:cover:0, Guardian Spawner Cover
ThermalDynamics:cover:0, Mysterious Runes Cover
ThermalDynamics:cover:0, Mysterious Runes Cover
ThermalDynamics:cover:0, Mysterious Runes Cover
ThermalDynamics:cover:0, Runic Dungeons Portal Cover
ThermalDynamics:cover:0, Dungeon Bricks (Unbreakable) Cover
ThermalDynamics:cover:0, Runic Glass (WitherBoss-Proof) Cover
ThermalDynamics:cover:0, Chaotic Sands Cover
ThermalDynamics:cover:0, Compressed Obsidian Cover
ThermalDynamics:cover:0, Ancient Bookshelf Cover
ThermalDynamics:cover:0, Rotting Slab Cover
ThermalDynamics:cover:0, Rotting Ladder Cover
ThermalDynamics:cover:0, Runic Steel Block Cover
ThermalDynamics:cover:0, Dungeon Keyhole Cover
ThermalDynamics:cover:0, Salt Ore Cover
ThermalDynamics:cover:0, Salt Lake Bottom Cover
ThermalDynamics:cover:0, Block Of Salt Cover
ThermalDynamics:cover:0, Chiseled Salt Block Cover
ThermalDynamics:cover:0, Pillar Salt Block Cover
ThermalDynamics:cover:0, Salt Brick Cover
ThermalDynamics:cover:0, Cracked Salt Block Cover
ThermalDynamics:cover:0, Cracked Salt Brick Cover
ThermalDynamics:cover:0, Chiseled Salt Brick Cover
ThermalDynamics:cover:0, Salt Chapiter Cover
ThermalDynamics:cover:0, Salt Brick Stairs Cover
ThermalDynamics:cover:0, Salt Slab Cover
ThermalDynamics:cover:0, Salt Brick Slab Cover
ThermalDynamics:cover:0, Short Pillar Salt Block Cover
ThermalDynamics:cover:0, Salt Lamp Cover
ThermalDynamics:cover:0, Salt Lake Bottom Cover
ThermalDynamics:cover:0, Saline Soil Cover
ThermalDynamics:cover:0, Slightly Saline Soil Cover
ThermalDynamics:cover:0, Overgrown Slightly Saline Soil Cover
ThermalDynamics:cover:0, tile.grassTop.name Cover
ThermalDynamics:cover:0, Mineral Mud Block Cover
ThermalDynamics:cover:0, Salt Crystals Cover
ThermalDynamics:cover:0, Saltwort Cover
ThermalDynamics:cover:0, Snad Cover
ThermalDynamics:cover:0, Snad Cover
ThermalDynamics:cover:0, Inventory Cable Cover
ThermalDynamics:cover:0, Junction Rail Cover
ThermalDynamics:cover:0, Advanced Detector Rail Cover
ThermalDynamics:cover:0, Reinforced Metal Block Cover
ThermalDynamics:cover:0, Galgadorian Block Cover
ThermalDynamics:cover:0, Enhanced Galgadorian Block Cover
ThermalDynamics:cover:0, Oak Trim Cover
ThermalDynamics:cover:0, Spruce Trim Cover
ThermalDynamics:cover:0, Birch Trim Cover
ThermalDynamics:cover:0, Jungle Trim Cover
ThermalDynamics:cover:0, Acacia Trim Cover
ThermalDynamics:cover:0, Dark Oak Trim Cover
ThermalDynamics:cover:0, Redwood Trim Cover
ThermalDynamics:cover:0, Fir Trim Cover
ThermalDynamics:cover:0, Acacia Trim Cover
ThermalDynamics:cover:0, Cypress Trim Cover
ThermalDynamics:cover:0, Japanese Maple Trim Cover
ThermalDynamics:cover:0, Rainbow Eucalyptus Trim Cover
ThermalDynamics:cover:0, Autumn Trim Cover
ThermalDynamics:cover:0, Bald Cypress Trim Cover
ThermalDynamics:cover:0, Sakura Trim Cover
ThermalDynamics:cover:0, Yellow Trim Cover
ThermalDynamics:cover:0, White Trim Cover
ThermalDynamics:cover:0, Red Trim Cover
ThermalDynamics:cover:0, Grey Trim Cover
ThermalDynamics:cover:0, Greatwood Trim Cover
ThermalDynamics:cover:0, Silverwood Trim Cover
ThermalDynamics:cover:0, Rowan Trim Cover
ThermalDynamics:cover:0, Alder Trim Cover
ThermalDynamics:cover:0, Hawthorn Trim Cover
ThermalDynamics:cover:0, Treated Wood Trim Cover
ThermalDynamics:cover:0, Livingwood Trim Cover
ThermalDynamics:cover:0, Dreamwood Trim Cover
ThermalDynamics:cover:0, Eucalyptus Trim Cover
ThermalDynamics:cover:0, Sakura Trim Cover
ThermalDynamics:cover:0, Ghostwood Trim Cover
ThermalDynamics:cover:0, Redwood Trim Cover
ThermalDynamics:cover:0, Blood Trim Cover
ThermalDynamics:cover:0, Hopseed Trim Cover
ThermalDynamics:cover:0, Maple Trim Cover
ThermalDynamics:cover:0, Silverbell Trim Cover
ThermalDynamics:cover:0, Amaranth Trim Cover
ThermalDynamics:cover:0, Tigerwood Trim Cover
ThermalDynamics:cover:0, Willow Trim Cover
ThermalDynamics:cover:0, Darkwood Trim Cover
ThermalDynamics:cover:0, Fusewood Trim Cover
ThermalDynamics:cover:0, Bedrock Portal Cover
ThermalDynamics:cover:0, Aqua Imbued Fire Cover
ThermalDynamics:cover:0, Aer Imbued Fire Cover
ThermalDynamics:cover:0, Block of Smokey Quartz Cover
ThermalDynamics:cover:0, Chiseled Smokey Quartz Block Cover
ThermalDynamics:cover:0, Pillar Smokey Quartz Block Cover
ThermalDynamics:cover:0, Perditio Imbued Fire Cover
ThermalDynamics:cover:0, Ignis Imbued Fire Cover
ThermalDynamics:cover:0, Ordo Imbued Fire Cover
ThermalDynamics:cover:0, Smokey Quartz Stairs Cover
ThermalDynamics:cover:0, tile.gaseousLight.name Cover
ThermalDynamics:cover:0, Terra Imbued Fire Cover
ThermalDynamics:cover:0, tile.gaseousShadow.name Cover
ThermalDynamics:cover:0, tile.nitorGas.name Cover
ThermalDynamics:cover:0, Smokey Quartz Slab Cover
ThermalDynamics:cover:0, Smokey Quartz Slab Cover
ThermalDynamics:cover:0, Ice Cover
ThermalDynamics:cover:0, Empty Mesh Filter Cover
ThermalDynamics:cover:0, Wide Mesh Filter Cover
ThermalDynamics:cover:0, Slat Mesh Filter Cover
ThermalDynamics:cover:0, Mesh Filter Cover
ThermalDynamics:cover:0, Fine Mesh Filter Cover
ThermalDynamics:cover:0, Transport Tube Cover
ThermalDynamics:cover:0, Transport Tube Cover
ThermalDynamics:cover:0, Transport Tube Cover
ThermalDynamics:cover:0, Transport Tube Cover
ThermalDynamics:cover:0, Transport Tube Cover
ThermalDynamics:cover:0, Transport Tube Cover
ThermalDynamics:cover:0, Transport Tube Cover
ThermalDynamics:cover:0, Tube Station Cover
ThermalDynamics:cover:0, Tube Station Cover
ThermalDynamics:cover:0, Frame Cover
ThermalDynamics:retriever:0, Retriever
ThermalDynamics:retriever:1, Hardened Retriever
ThermalDynamics:retriever:2, Reinforced Retriever
ThermalDynamics:retriever:3, Signalum Retriever
ThermalDynamics:retriever:4, Resonant Retriever
ThermalDynamics:relay:0, Redstone Relay
TMechworks:LengthWire, Length of Wire
TMechworks:SpoolWire:0, Spool of Wire
IguanaTweaksTConstruct:rubberChicken, item.iguana.tcon.rubberChicken.name
IguanaTweaksTConstruct:skullItem:0, Enderman Head
IguanaTweaksTConstruct:skullItem:1, Pigman Head
IguanaTweaksTConstruct:skullItem:2, Blaze Head
IguanaTweaksTConstruct:skullItem:3, Blizz Head
IguanaTweaksTConstruct:wearableBucket, item.iguana.tcon.wearable.name
IguanaTweaksTConstruct:clayBucketUnfired, Unfired Clay Bucket
IguanaTweaksTConstruct:clayBucketFired, Fired Clay Bucket
IguanaTweaksTConstruct:clayBucketWater, Water Clay Bucket
IguanaTweaksTConstruct:clayBucketLava, Lava Clay Bucket
IguanaTweaksTConstruct:clayBucketMilk, Milk Clay Bucket
IguanaTweaksTConstruct:clayBucketsTinkers:0, Molten Iron Clay Bucket
IguanaTweaksTConstruct:clayBucketsTinkers:1, Molten Gold Clay Bucket
IguanaTweaksTConstruct:clayBucketsTinkers:2, Molten Copper Clay Bucket
IguanaTweaksTConstruct:clayBucketsTinkers:3, Molten Tin Clay Bucket
IguanaTweaksTConstruct:clayBucketsTinkers:4, Molten Aluminum Clay Bucket
IguanaTweaksTConstruct:clayBucketsTinkers:5, Molten Cobalt Clay Bucket
IguanaTweaksTConstruct:clayBucketsTinkers:6, Molten Ardite Clay Bucket
IguanaTweaksTConstruct:clayBucketsTinkers:7, Molten Bronze Clay Bucket
IguanaTweaksTConstruct:clayBucketsTinkers:8, Molten Aluminum Brass Clay Bucket
IguanaTweaksTConstruct:clayBucketsTinkers:9, Molten Manyullyn Clay Bucket
IguanaTweaksTConstruct:clayBucketsTinkers:10, Molten Alumite Clay Bucket
IguanaTweaksTConstruct:clayBucketsTinkers:11, Molten Obsidian Clay Bucket
IguanaTweaksTConstruct:clayBucketsTinkers:12, Molten Steel Clay Bucket
IguanaTweaksTConstruct:clayBucketsTinkers:13, Molten Glass Clay Bucket
IguanaTweaksTConstruct:clayBucketsTinkers:14, Seared Stone Clay Bucket
IguanaTweaksTConstruct:clayBucketsTinkers:15, Liquified Emerald Clay Bucket
IguanaTweaksTConstruct:clayBucketsTinkers:16, Clay Bucket o' Blood
IguanaTweaksTConstruct:clayBucketsTinkers:17, Molten Nickel Clay Bucket
IguanaTweaksTConstruct:clayBucketsTinkers:18, Molten Lead Clay Bucket
IguanaTweaksTConstruct:clayBucketsTinkers:19, Molten Silver Clay Bucket
IguanaTweaksTConstruct:clayBucketsTinkers:20, Molten Shiny Clay Bucket
IguanaTweaksTConstruct:clayBucketsTinkers:21, Molten Invar Clay Bucket
IguanaTweaksTConstruct:clayBucketsTinkers:22, Molten Electrum Clay Bucket
IguanaTweaksTConstruct:clayBucketsTinkers:23, Liquified Ender Clay Bucket
IguanaTweaksTConstruct:clayBucketsTinkers:24, Liquid Slime Clay Bucket
IguanaTweaksTConstruct:clayBucketsTinkers:25, Sticky Glue Clay Bucket
IguanaTweaksTConstruct:clayBucketsTinkers:26, Molten Pig Iron Clay Bucket
IguanaTweaksTConstruct:clayBucketsTinkers:27, Molten Lumium Clay Bucket
IguanaTweaksTConstruct:clayBucketsTinkers:28, Molten Signalum Clay Bucket
IguanaTweaksTConstruct:clayBucketsTinkers:29, Molten Mana Infused Metal Clay Bucket
IguanaTweaksTConstruct:clayBucketsTinkers:30, Molten Enderium Clay Bucket
ForgeMicroblock:sawStone, Stone Saw
ForgeMicroblock:sawIron, Iron Saw
ForgeMicroblock:sawDiamond, Diamond Saw
ForgeMicroblock:stoneRod, Stone Rod